0.0000000000000000e+00	7.4538592050320762e+00
2.0012875713558882e-02	7.6487169242990385e+00
4.0112579105006922e-02	7.6023606764822151e+00
6.0067777757268813e-02	7.4378221941926483e+00
8.0008697303396450e-02	7.3973237602968434e+00
1.0006047771719799e-01	7.4388915642568456e+00
1.2010646403264905e-01	7.5231544572339075e+00
1.4002436895324116e-01	7.4294046249506920e+00
1.6005665956658455e-01	7.5741935849048181e+00
1.8008813001388280e-01	7.2553288633879740e+00
2.0011813058787470e-01	7.5432340157850071e+00
2.2002615001742365e-01	7.3138870088723102e+00
2.4005311485962197e-01	7.4337236164326335e+00
2.6008195388755767e-01	7.4248405695549362e+00
2.8011292447808295e-01	7.6748014864763583e+00
3.0002208071149622e-01	7.4560941367891447e+00
3.2005745047861861e-01	7.6005984510736990e+00
3.4009784089386391e-01	7.6025722892061331e+00
3.6002290841036205e-01	7.2031553424071113e+00
3.8007682817004740e-01	7.7574029158969129e+00
4.0001412545808329e-01	7.4979809196152676e+00
4.2007581709092995e-01	7.3919600987974601e+00
4.4001891108142721e-01	7.1753481764037881e+00
4.6008371530170222e-01	7.1859838878819460e+00
4.8002903618082204e-01	7.3609429110551066e+00
5.0009680164867265e-01	7.4209718275422674e+00
5.2004105287328251e-01	7.2284363781797412e+00
5.4010443366829786e-01	7.5986825343864544e+00
5.6004358000726007e-01	8.1142853337753085e+00
5.8010004028482376e-01	7.9062387902125071e+00
6.0003078081915917e-01	7.7731131801655504e+00
6.2007462864440099e-01	8.3433482562214856e+00
6.4010352094552914e-01	8.9050106601574370e+00
6.6000005153480457e-01	8.5317499482036325e+00
6.8000948863731348e-01	9.2363818979518086e+00
7.0001291756328110e-01	9.8734964031816475e+00
7.2001166739176004e-01	9.4965391493094415e+00
7.4000947150240037e-01	9.6121310245663523e+00
7.6000348877086110e-01	1.0287050171437063e+01
7.8011995131366085e-01	9.9580720586019407e+00
8.0011332934815194e-01	9.6331816798542338e+00
8.2010714388299188e-01	1.0254342941659628e+01
8.4009761971865371e-01	1.0170914306534383e+01
8.6008451739831837e-01	1.0369852346034527e+01
8.8006778005676078e-01	1.0470771338385111e+01
9.0004400492682868e-01	1.0776609095195248e+01
9.2001088021337041e-01	1.0893847805536160e+01
9.4009343620442010e-01	1.1066479354447758e+01
9.6005445898146502e-01	1.1566571989715388e+01
9.8001223528283077e-01	1.1275751426165144e+01
1.0000856602796397e+00	1.1135999829341232e+01
1.0200345256325061e+00	1.1983319035356752e+01
1.0401065068287751e+00	1.2314472783011514e+01
1.0600578635827413e+00	1.2316122836880915e+01
1.0800117863962835e+00	1.2375354532113271e+01
1.1000854517138603e+00	1.2524020517699300e+01
1.1200384374442169e+00	1.2648839536849660e+01
1.1401161175424439e+00	1.3159616050296204e+01
1.1600764982648095e+00	1.4279885064248992e+01
1.1800357619019761e+00	1.5199408443108322e+01
1.2001169607743316e+00	1.5652219150047905e+01
1.2200793780922234e+00	1.7500371169267609e+01
1.2400442835364021e+00	1.9324131278193853e+01
1.2600097702497766e+00	2.0473295098661154e+01
1.2800923090774197e+00	2.0326179527243994e+01
1.3000420134595270e+00	1.8949065826019275e+01
1.3200999393181827e+00	1.8374455474056006e+01
1.3400252119225988e+00	1.9826504337679033e+01
1.3600587474790704e+00	1.9552570563389928e+01
1.3800762994068634e+00	1.9728166398860811e+01
1.4000851175982936e+00	2.3786493068649619e+01
1.4200926132845140e+00	2.7613673251575495e+01
1.4401015159639265e+00	3.0421095123568989e+01
1.4601144499287884e+00	3.1009540545911111e+01
1.4800155570466562e+00	3.0050634323955620e+01
1.5000407053526565e+00	3.2739608876177783e+01
1.5200603358335791e+00	3.7862041920709984e+01
1.5400775969890088e+00	4.2220677162563966e+01
1.5600884841357905e+00	4.5318706706753957e+01
1.5800913036994910e+00	4.6254893761364997e+01
1.6000812450192992e+00	4.4849832325231539e+01
1.6200625079503788e+00	4.2303398815279103e+01
1.6400373828507586e+00	4.2149365883264956e+01
1.6601179356035918e+00	4.1485168236690399e+01
1.6800753814336391e+00	4.8849648600829710e+01
1.7000236023625812e+00	5.2918389517926272e+01
1.7200687092071958e+00	5.1428704102598360e+01
1.7400923749186130e+00	4.6956612082594674e+01
1.7601062097008788e+00	4.6519570211802929e+01
1.7800007139852065e+00	4.6673189742502380e+01
1.8000140161875426e+00	4.5799530718958799e+01
1.8200317398018582e+00	5.0057870888244686e+01
1.8400534274556706e+00	4.9019739059028112e+01
1.8600530267855468e+00	4.8701117748208638e+01
1.8800312102354646e+00	5.5637154509878755e+01
1.9001087623068291e+00	6.4460502123902074e+01
1.9200648675857417e+00	6.7512145320616071e+01
1.9400261419145943e+00	6.3306796896442755e+01
1.9601161487624248e+00	5.7974029939118743e+01
1.9800773465545205e+00	5.6494328303106457e+01
2.0000317343441103e+00	6.0811612573462682e+01
2.0201083534383772e+00	5.9011370805314499e+01
2.0400529600519199e+00	5.5228855900504335e+01
2.0601000393552455e+00	5.4806891948944966e+01
2.0800058242117077e+00	5.4412964178355708e+01
2.1000247045072369e+00	5.4076486960381985e+01
2.1200667532060851e+00	5.8328007782634629e+01
2.1401051329718959e+00	5.9183836637278638e+01
2.1600036983559896e+00	5.7495527172113370e+01
2.1800235381826782e+00	5.9494187265939907e+01
2.2000139925378726e+00	5.5789471351823295e+01
2.2200130954004829e+00	5.7622998023248627e+01
2.2400155849209376e+00	5.3597596080744808e+01
2.2601083405683400e+00	5.6338438114736043e+01
2.2800781450417942e+00	5.8382957389410606e+01
2.3000438960596030e+00	5.9128960754470519e+01
2.3200175281230391e+00	6.2495435945100994e+01
2.3400981818712858e+00	6.5752742887200284e+01
2.3600408628220211e+00	6.9987828301454044e+01
2.3800970162877793e+00	6.9161245157247251e+01
2.4000328912289821e+00	8.2658345589622868e+01
2.4200644694314337e+00	7.7873295466064476e+01
2.4400865173641884e+00	6.7772928767727478e+01
2.4601043694368054e+00	7.1203869130568378e+01
2.4800017929821694e+00	7.2137538906162433e+01
2.5000068495961534e+00	7.1626978608356623e+01
2.5200249857872059e+00	7.6769825682568595e+01
2.5400678531557221e+00	7.1630227192708887e+01
2.5600028757173674e+00	6.4365873168388504e+01
2.5800334044813003e+00	6.8319547588569876e+01
2.6000663304033140e+00	7.1624196797394632e+01
2.6201014146585235e+00	7.0020574813360511e+01
2.6400055824655917e+00	6.4479040847054335e+01
2.6600368971593618e+00	6.5283979667607184e+01
2.6800894893698217e+00	6.9626425216658561e+01
2.7000319271731388e+00	7.5235477895677889e+01
2.7200826396759696e+00	7.3720149699593435e+01
2.7400117023412029e+00	7.1571646029992593e+01
2.7600459206030292e+00	7.6511800518100173e+01
2.7800754496913473e+00	7.8780795844207432e+01
2.8001092689846772e+00	7.7351802019513300e+01
2.8201148518979275e+00	7.5741323120342571e+01
2.8400027844746094e+00	6.9709859413696080e+01
2.8600219764206942e+00	7.4208847378855026e+01
2.8800242605773163e+00	7.2618504156845631e+01
2.9000050206098247e+00	6.7472634780762064e+01
2.9200745534820540e+00	6.8198447783103873e+01
2.9400137764054355e+00	6.9969340743285784e+01
2.9600758576803443e+00	6.9642650255473967e+01
2.9800423835303986e+00	7.2880497000167253e+01
3.0000306087111346e+00	7.0539266838764419e+01
3.0200174973699609e+00	6.8102647638008236e+01
3.0400971600757183e+00	7.3625315144102359e+01
3.0600421415819454e+00	6.7041986492646572e+01
3.0800980175472104e+00	7.0398847550033281e+01
3.1000412603919290e+00	6.5196345178717792e+01
3.1200064005104000e+00	8.0573760258756167e+01
3.1400685292742585e+00	6.7125993240912294e+01
3.1601128100217442e+00	7.8675387533059848e+01
3.1800307887158841e+00	7.5103011644411026e+01
3.2000720165614176e+00	8.9245870878617069e+01
3.2200358597540530e+00	9.5295651628958083e+01
3.2400558193068076e+00	8.1270890262838037e+01
3.2600918783926667e+00	1.0427768478008215e+02
3.2800012467978328e+00	8.5868949679193761e+01
3.3000135343211690e+00	9.1887778198977372e+01
3.3200085592494895e+00	8.9245367925943043e+01
3.3401071002153340e+00	1.0845201872915942e+02
3.3600604722369929e+00	9.7486524464704701e+01
3.3801053796004608e+00	1.1748894353259774e+02
3.4000269771219807e+00	9.4463537745939050e+01
3.4200711878124794e+00	1.1368081518763594e+02
3.4400115365692976e+00	9.9560857277150859e+01
3.4600874250976172e+00	1.0304829571472632e+02
3.4800644144391271e+00	1.1314420670880497e+02
3.5000565305068334e+00	1.1450285329913370e+02
3.5200515301374096e+00	1.0372009020424852e+02
3.5400566771546766e+00	9.3712716923068214e+01
3.5600847184769080e+00	1.2785447866006930e+02
3.5801150829174251e+00	1.1415385447709752e+02
3.6000348111526175e+00	1.1865869127305632e+02
3.6200868475839512e+00	9.9552475857849515e+01
3.6400199514994585e+00	8.9271435849145661e+01
3.6600495341188770e+00	1.1870446393761596e+02
3.6800747695319744e+00	1.1024843374597543e+02
3.7000845674105691e+00	1.1830374368692338e+02
3.7200814396345265e+00	1.1508069250113286e+02
3.7400666770591262e+00	9.5567248283258181e+01
3.7600326507713699e+00	9.6379217400518840e+01
3.7800970052368306e+00	7.6672291127747187e+01
3.8000286372687997e+00	7.9742766855384943e+01
3.8200959484465455e+00	7.6513916721806325e+01
3.8400923992722813e+00	9.2071453031751346e+01
3.8600821634584106e+00	8.4463210851898282e+01
3.8800573260175351e+00	9.1075162038830115e+01
3.9000477812179799e+00	9.2560835003247718e+01
3.9200467418257161e+00	8.6769446667037926e+01
3.9400274667870336e+00	8.6211583286213553e+01
3.9600121377667601e+00	8.7117859909684370e+01
3.9800047165973456e+00	9.1530338743471589e+01
4.0001008525605100e+00	9.2498294060316823e+01
4.0200858382717577e+00	9.6739049266182960e+01
4.0400889092283041e+00	9.9552701191155251e+01
4.0601126712388700e+00	9.4552479791315278e+01
4.0800267383288231e+00	8.4233288917052448e+01
4.1000414458484986e+00	1.0066894949843584e+02
4.1200460779874328e+00	9.4747075939449061e+01
4.1400337807998939e+00	9.4693449371744876e+01
4.1600109724585419e+00	9.2573222265122240e+01
4.1800940482352003e+00	7.6456180521037879e+01
4.2000757217496121e+00	7.7655822175556196e+01
4.2200630242604973e+00	7.9363487712070466e+01
4.2400537271286636e+00	8.4681547957146890e+01
4.2600506284682647e+00	9.0976123833288071e+01
4.2800240876486448e+00	8.3606910386816665e+01
4.3000128971564413e+00	8.6566420305930919e+01
4.3200012580951679e+00	8.9607890220827585e+01
4.3400864703250308e+00	8.5110575040176087e+01
4.3600354317890115e+00	8.1606064016618689e+01
4.3800929572158234e+00	8.5656030559075958e+01
4.4000163623256041e+00	9.0532128834793170e+01
4.4200410096451224e+00	9.6903744247894565e+01
4.4400577500249447e+00	1.0056634026491894e+02
4.4600663322997205e+00	1.0121881435444908e+02
4.4800634802989929e+00	1.0197625617963121e+02
4.5000602583056519e+00	9.3509413248928041e+01
4.5200706469551211e+00	8.7838031198305998e+01
4.5400966744088631e+00	8.4931342999507933e+01
4.5600152884076888e+00	9.2575103288768702e+01
4.5800410451656663e+00	8.6797135056790722e+01
4.6000405968480633e+00	8.6401667288683015e+01
4.6200124095213129e+00	8.1541476887555604e+01
4.6400885112487478e+00	8.9208501238271367e+01
4.6600506856544008e+00	9.7990869873933491e+01
4.6800218227368777e+00	8.8558807762077763e+01
4.7000029805582093e+00	9.5439963196876803e+01
4.7201173426741754e+00	9.5620734221220928e+01
4.7400873108657393e+00	9.4524736552287663e+01
4.7600306938275727e+00	1.0389690031885654e+02
4.7800821930420110e+00	1.1115174693932620e+02
4.8000358679843069e+00	1.1513532354310561e+02
4.8200363891397657e+00	1.2480900653080832e+02
4.8400596429414193e+00	1.2859222946611885e+02
4.8600593584673080e+00	1.1526261582171544e+02
4.8800547614716594e+00	1.1461884742289729e+02
4.9000552701078171e+00	1.2950744697721194e+02
4.9200661733464504e+00	1.2548281972019592e+02
4.9400943313082371e+00	1.0591938462944927e+02
4.9600349074458157e+00	1.1654304399637353e+02
4.9801022298156346e+00	1.1139575131783056e+02
5.0000601637127913e+00	1.0909236813392542e+02
5.0200342801211857e+00	1.0313818666348422e+02
5.0400223495145298e+00	1.2214430641853357e+02
5.0600252092332418e+00	1.2187660310581623e+02
5.0800188409234757e+00	1.1307274660183481e+02
5.1000085535304791e+00	1.3925537900493478e+02
5.1201085870989518e+00	1.3702175948836344e+02
5.1400854570647398e+00	1.1376988520666188e+02
5.1600524451167882e+00	1.2669674108389157e+02
5.1801178131451593e+00	1.1336694577952852e+02
5.2000632833801488e+00	1.1394732061689878e+02
5.2200219873600142e+00	1.2214277832901325e+02
5.2401024344682341e+00	1.1643704771199063e+02
5.2600555460748533e+00	9.9871463352285389e+01
5.2801130509186338e+00	1.1128729659274899e+02
5.3000843802588076e+00	1.1434187424281430e+02
5.3200602971650897e+00	1.1459225606380411e+02
5.3400273235537572e+00	1.2636519820489056e+02
5.3600938010977464e+00	1.3842743368089918e+02
5.3800441328883029e+00	1.1506911432589784e+02
5.4001040892852847e+00	1.2991259737346849e+02
5.4200618703598673e+00	1.2991003000133111e+02
5.4400375054171111e+00	1.0354123061984873e+02
5.4600040209276486e+00	1.1253353083825901e+02
5.4800956012231286e+00	1.0553781308319950e+02
5.5000720051867820e+00	1.0841303801340734e+02
5.5200338536554963e+00	1.0482803607228649e+02
5.5401009289959200e+00	1.2507514466616303e+02
5.5600317146260183e+00	1.2601570035217239e+02
5.5800633043574592e+00	1.2406797121648025e+02
5.6001024266405039e+00	1.5241480194756832e+02
5.6200997167271112e+00	1.4839902960330343e+02
5.6400338282991882e+00	1.5226907267540034e+02
5.6600552501656658e+00	1.5705914815770294e+02
5.6800603481302083e+00	1.6576874678998894e+02
5.7000712139807890e+00	1.6265858583949256e+02
5.7200006904193312e+00	1.5019460734757590e+02
5.7400350176995829e+00	1.4652371460720303e+02
5.7600005748228380e+00	1.5879202934269784e+02
5.7801122336425639e+00	1.5773775496661241e+02
5.8001143902422623e+00	1.3531212845902635e+02
5.8200001833311834e+00	1.5441936155952061e+02
5.8400782918360585e+00	1.6356647454612349e+02
5.8600264489537306e+00	1.5543717018322462e+02
5.8800927638343801e+00	1.7454223273547581e+02
5.9000534813019918e+00	1.6471114815862128e+02
5.9200243737370091e+00	1.6585875143278480e+02
5.9400799639525648e+00	1.6765853794690366e+02
5.9600828482884509e+00	1.7314035621724346e+02
5.9800529015567525e+00	1.7333230943878158e+02
6.0000074853310679e+00	1.7290300944347729e+02
6.0200780087019901e+00	1.6445921378048831e+02
6.0400502020832603e+00	1.7438444047051721e+02
6.0600483871913458e+00	1.6885793120235712e+02
6.0800797501160950e+00	1.6969515477472473e+02
6.1000199134578947e+00	1.6754945431881316e+02
6.1201040781291587e+00	1.6414799185172936e+02
6.1400541473522976e+00	1.7160041986471686e+02
6.1601124138165382e+00	2.1704315923375611e+02
6.1800677252621981e+00	2.3039951320560678e+02
6.2000441302466633e+00	2.1820015680830193e+02
6.2200269467207363e+00	2.1854971778130877e+02
6.2400093665481684e+00	1.9510375716999374e+02
6.2601132567733755e+00	1.8371469336411982e+02
6.2801079344436257e+00	1.8508640674633821e+02
6.3000971238006986e+00	1.8562034530414508e+02
6.3200567533527936e+00	1.5998566023087523e+02
6.3400909425611198e+00	1.7306096765971660e+02
6.3600983951675731e+00	1.7262689357119990e+02
6.3801108371578081e+00	1.8500205786237365e+02
6.4000661785591779e+00	1.6823310581432401e+02
6.4200553567914875e+00	1.9328951743826696e+02
6.4400349842099160e+00	2.1239306165324331e+02
6.4601037962682248e+00	1.9418854898208821e+02
6.4800356496308993e+00	1.5514966796065468e+02
6.5000898754155223e+00	1.8663859166287338e+02
6.5200402205354839e+00	2.2055180094409755e+02
6.5400022404815816e+00	2.2394410999380500e+02
6.5600923629468140e+00	1.9902300619374967e+02
6.5800859076899805e+00	1.7199659535411459e+02
6.6000887196484417e+00	1.7176104072843472e+02
6.6200857772262154e+00	1.9081193481320491e+02
6.6400781481294411e+00	1.9765937274664509e+02
6.6600502351994804e+00	1.8962580465141380e+02
6.6800175691013015e+00	1.7410405853758550e+02
6.7000923074537040e+00	1.9330909784319178e+02
6.7200354134298834e+00	1.9090679086194206e+02
6.7400631569936529e+00	1.8520503642642404e+02
6.7600395211087250e+00	1.8310255638527136e+02
6.7801052310360879e+00	1.8397536916641684e+02
6.8000303844740735e+00	1.8031452809049935e+02
6.8200833089290054e+00	1.8192724800878068e+02
6.8400465172575471e+00	1.9091010490841239e+02
6.8600391682734463e+00	1.9642984653836319e+02
6.8800717242935674e+00	1.9552615264628821e+02
6.9000470630931758e+00	1.9111104381127032e+02
6.9200767859946453e+00	1.8606947134414918e+02
6.9401082929254532e+00	1.8282873023257710e+02
6.9600303997564428e+00	1.7861659193178207e+02
6.9800647370123654e+00	1.6386381909609037e+02
7.0000872914392724e+00	1.8040634917019779e+02
7.0201017002579844e+00	1.8958769064748458e+02
7.0401046184465175e+00	2.0372757314719829e+02
7.0601026938026346e+00	2.0806330075717574e+02
7.0800787447738696e+00	2.1024638016216329e+02
7.1000659118862162e+00	2.0792530467286116e+02
7.1200211443561940e+00	1.9285658147283036e+02
7.1400719389354768e+00	2.2261981515200273e+02
7.1600186936421268e+00	2.2311879923741174e+02
7.1801053244670943e+00	2.3683018696837286e+02
7.2000510073799910e+00	2.1772229232278914e+02
7.2201167610681640e+00	2.4983756109294035e+02
7.2400569093601765e+00	2.2942554600948068e+02
7.2600935094494137e+00	2.5641121404054400e+02
7.2801137450667825e+00	2.3451706857385943e+02
7.3001124826979620e+00	2.5203915062432844e+02
7.3200986018205842e+00	2.3730819001458761e+02
7.3400777382725968e+00	2.3830478336874910e+02
7.3600525555265941e+00	2.3844304113793049e+02
7.3800479340824072e+00	2.1910046976306390e+02
7.4000874237903664e+00	2.3944284819012972e+02
7.4200295463722226e+00	2.0956866196987389e+02
7.4400629791998512e+00	2.3644963195430930e+02
7.4600871052121400e+00	2.3792802017430108e+02
7.4800207953220532e+00	2.2333190280974242e+02
7.5000519529443430e+00	2.7672872604540714e+02
7.5200373835814194e+00	2.7413410194810683e+02
7.5400119868920115e+00	2.6485433961370506e+02
7.5601108816652864e+00	2.7247447398323760e+02
7.5800270320034722e+00	2.5816254067488899e+02
7.6001083504930165e+00	2.6627640169488535e+02
7.6200716618302993e+00	2.7823054539811494e+02
7.6400139372773985e+00	3.0155320639026695e+02
7.6600553428717761e+00	2.9313798200989794e+02
7.6800189288650325e+00	2.5041188555554598e+02
7.7000042841699479e+00	2.4980563729696257e+02
7.7200959905942756e+00	2.3522491037450533e+02
7.7400014738907883e+00	3.0127600058113677e+02
7.7601160279542132e+00	2.6385358051815422e+02
7.7800333395212640e+00	2.7522724092468707e+02
7.8000827983183010e+00	3.1565379649518729e+02
7.8200877905108124e+00	3.2405197781394531e+02
7.8400423589775929e+00	3.1703276290279973e+02
7.8600760631623308e+00	3.1693781115391579e+02
7.8800137116081723e+00	3.2873267974208864e+02
7.9000429919939021e+00	3.2785234430957701e+02
7.9200913595253102e+00	3.1224364280901420e+02
7.9401033534701257e+00	2.8005495445125769e+02
7.9600972308812343e+00	2.9475260072403285e+02
7.9800142948570416e+00	2.9636590207690995e+02
8.0000760596372817e+00	2.9535561722635816e+02
8.0200609753006109e+00	2.9446548024684313e+02
8.0400160900362359e+00	2.8882898310764142e+02
8.0600580699649633e+00	2.8985645769323344e+02
8.0800090893857792e+00	3.2823024604707018e+02
8.1000036322669722e+00	3.2889519598977949e+02
8.1200295316757192e+00	3.6667784766291078e+02
8.1400634027323235e+00	3.9957545991400161e+02
8.1600372924527615e+00	3.5555723842429586e+02
8.1800302800298379e+00	3.9246760610733844e+02
8.2000606252006598e+00	3.2968254738963941e+02
8.2200277310295462e+00	3.9102101611805449e+02
8.2400352146031768e+00	4.7515755277195859e+02
8.2600643556326645e+00	4.2849001818898188e+02
8.2800342030851564e+00	5.1551403735438089e+02
8.3000139867765785e+00	4.8235474425037091e+02
8.3200058213551777e+00	4.0311986387499979e+02
8.3400182923401136e+00	4.3115237609234293e+02
8.3600450746154564e+00	4.3679450379451305e+02
8.3800496157488062e+00	4.3168013836303624e+02
8.4000032607216415e+00	5.4474347514289434e+02
8.4200495880042787e+00	5.4769114415850129e+02
8.4400356848621687e+00	4.8282479981093206e+02
8.4600282920376788e+00	6.1287082219668855e+02
8.4800160863048433e+00	6.2248992440631241e+02
8.5000603051411812e+00	5.1742134533286003e+02
8.5200411578735089e+00	6.1106583434263655e+02
8.5400176866053013e+00	6.6672511547159570e+02
8.5600473009309059e+00	6.0634340860695067e+02
8.5800462694301753e+00	5.1966363814873694e+02
8.6000095418650648e+00	6.1794514073011158e+02
8.6200235655120387e+00	6.0571872874988992e+02
8.6400468881960677e+00	5.0998232122402192e+02
8.6600374462384355e+00	4.5313014168657310e+02
8.6800560177151223e+00	4.9384752598130683e+02
8.7000303788861082e+00	5.9416066783574104e+02
8.7200325191841372e+00	6.1057584816327858e+02
8.7400108186062191e+00	5.4805129178964069e+02
8.7600030674219571e+00	6.0794565542197336e+02
8.7800296171079442e+00	6.6521779496357271e+02
8.8000161734150577e+00	6.2952734416866508e+02
8.8200279567351956e+00	5.2076580774554793e+02
8.8400507760012239e+00	3.9343189389577697e+02
8.8600454234913251e+00	5.2414933185142127e+02
8.8800438945497149e+00	6.3535133874148346e+02
8.9000008060561449e+00	6.7267377480533651e+02
8.9200192920713892e+00	6.3340930100579999e+02
8.9400072979650140e+00	5.5843500837208467e+02
8.9600478402553900e+00	6.5839428960759983e+02
8.9800198710085972e+00	7.0386049189337393e+02
9.0000356263884651e+00	6.8694482640944864e+02
9.0200005222337989e+00	6.2113181139372330e+02
9.0400258297256304e+00	5.6037721175533500e+02
9.0600158451983646e+00	6.5979694719341444e+02
9.0800325395061030e+00	7.2014073288192003e+02
9.1000286419705034e+00	7.2253602563952859e+02
9.1200125806118297e+00	6.5957983082952705e+02
9.1400428874047375e+00	5.9402645528607115e+02
9.1600448350972865e+00	6.7854902175258121e+02
9.1800025279060939e+00	6.7871619697460653e+02
9.2000117560483066e+00	5.8600095823167544e+02
9.2200549008948247e+00	5.0527871437530598e+02
9.2400263386284429e+00	4.9248952670475467e+02
9.2600217433014400e+00	6.5687184069068371e+02
9.2800181999456441e+00	7.4949908546729625e+02
9.3000089913848107e+00	7.2534836097452489e+02
9.3200319140624721e+00	5.8698063023298494e+02
9.3400309875379861e+00	5.1733960139974897e+02
9.3600388361152547e+00	5.2615984620550591e+02
9.3800371605138277e+00	6.7898851609122949e+02
9.4000192056782499e+00	7.4901783257152931e+02
9.4200062488316689e+00	7.1286647228992592e+02
9.4400091349140194e+00	5.9240968199150927e+02
9.4600292875427368e+00	6.6059430559302803e+02
9.4800130001833889e+00	7.0228778601759473e+02
9.5000305145489232e+00	6.8008625817945142e+02
9.5200245746104333e+00	6.1849947643021710e+02
9.5400011972626793e+00	5.7213399922389340e+02
9.5600546714708798e+00	5.2956036127585935e+02
9.5800069121520739e+00	5.2746717524094208e+02
9.6000039817867240e+00	6.1503500101810698e+02
9.6200181151053297e+00	6.6112255287109087e+02
9.6400263688318830e+00	6.5942203780153932e+02
9.6600056178842379e+00	6.6347699479955543e+02
9.6800221528599764e+00	6.8007968251022089e+02
9.7000088832291897e+00	6.7046149790433094e+02
9.7200155358530473e+00	6.3488989325622288e+02
9.7400380879960817e+00	7.6693754864635059e+02
9.7600264406927693e+00	8.6784082117423418e+02
9.7800223192078786e+00	9.1290942455899381e+02
9.8000216745122817e+00	8.8791912698019360e+02
9.8200231468540231e+00	7.8884533208690345e+02
9.8400130926494729e+00	6.2843997911578708e+02
9.8600229150339249e+00	6.8121759411366111e+02
9.8800384204360832e+00	7.0288313340408615e+02
9.9000230940658902e+00	6.9994573791144512e+02
9.9200222566627403e+00	7.7350287754297347e+02
9.9400100600990573e+00	7.8903327813119722e+02
9.9600331864347229e+00	7.4593901901831862e+02
9.9800473342746390e+00	6.5921969521857136e+02
1.0000031723217766e+01	7.0282673405611877e+02
1.0020018573954125e+01	7.8650705123600039e+02
1.0040033288975861e+01	8.3303165487107958e+02
1.0060002856043354e+01	8.4724197760084098e+02
1.0080016939472234e+01	8.3857159848881770e+02
1.0100030991064568e+01	8.1096184106790724e+02
1.0120006493812415e+01	7.7201859148404537e+02
1.0140018685653681e+01	7.2222539580571811e+02
1.0160039279219806e+01	6.7570574081532050e+02
1.0180024010614680e+01	7.2200417742728712e+02
1.0200001197297254e+01	7.5159740858941450e+02
1.0220023925518877e+01	7.5525552031014900e+02
1.0240039299810800e+01	7.2941887289656904e+02
1.0260042329765890e+01	6.6907578876092566e+02
1.0280013848936019e+01	6.9404109176256043e+02
1.0300021412096228e+01	8.0884479925642813e+02
1.0320010105277280e+01	8.9351615409387978e+02
1.0340012976490161e+01	9.3696198408709643e+02
1.0360023065224185e+01	9.3335498180390914e+02
1.0380005858554705e+01	8.7876007911369118e+02
1.0400017731526489e+01	7.7584651306533453e+02
1.0420036980158919e+01	6.3552133839732505e+02
1.0440049773092035e+01	5.5693207004617148e+02
1.0460048502156377e+01	5.8867115119031132e+02
1.0480029739132522e+01	6.7684397091572498e+02
1.0500038889339923e+01	7.6413550589758665e+02
1.0520027330832194e+01	8.2064415886070674e+02
1.0540031710771331e+01	8.4588068578527384e+02
1.0560006678716157e+01	8.4320524334128868e+02
1.0580021409587852e+01	8.1794949843296865e+02
1.0600012053034165e+01	7.7588469157952193e+02
1.0620027996342376e+01	7.2140299942802278e+02
1.0640011799635301e+01	6.6121940107339162e+02
1.0660029985912987e+01	5.9840987703498058e+02
1.0680031463087587e+01	5.8265874778246337e+02
1.0700037342235515e+01	6.4751664433993494e+02
1.0720007890390933e+01	6.9539630312774329e+02
1.0740034057063381e+01	7.1909255363850366e+02
1.0760000252218576e+01	7.1635643130658775e+02
1.0780000428573718e+01	6.9162622881560151e+02
1.0800025029333224e+01	6.4819388139284820e+02
1.0820007873531690e+01	5.8998876865925331e+02
1.0840050120349026e+01	5.2131070388461421e+02
1.0860049403348755e+01	4.9496647117397913e+02
1.0880003065265141e+01	5.1277149206178638e+02
1.0900001124053320e+01	5.6060977208404438e+02
1.0920041172593955e+01	5.9554307285135394e+02
1.0940012786075158e+01	6.1557109964124004e+02
1.0960008247279752e+01	6.1939313048946451e+02
1.0980010907280855e+01	6.0977587870294542e+02
1.1000042241027112e+01	5.9274177578491617e+02
1.1020034576040935e+01	6.4425106671225251e+02
1.1040037152048425e+01	6.8591071056303269e+02
1.1060026606830801e+01	7.1202354783022292e+02
1.1080017826851815e+01	7.2434774526213914e+02
1.1100018986533801e+01	7.2414544567389271e+02
1.1120012892827605e+01	7.1203599054500410e+02
1.1140013850373155e+01	6.8894631426047476e+02
1.1160005839441128e+01	6.5890721000906922e+02
1.1180007854137871e+01	6.2492023417245287e+02
1.1200045100013062e+01	5.9023956979625268e+02
1.1220033395919145e+01	5.7001586289459385e+02
1.1240022489955496e+01	5.6706906710811325e+02
1.1260045784023223e+01	5.6393555293590907e+02
1.1280057773460099e+01	5.4939318020362180e+02
1.1300048127677938e+01	5.3129942820162182e+02
1.1320012246545078e+01	5.1660283881121336e+02
1.1340061795167250e+01	5.0799622384569750e+02
1.1360022309707903e+01	5.0510675872967863e+02
1.1380003061073548e+01	5.0692334805804262e+02
1.1400027612734380e+01	5.1217842177913633e+02
1.1420009782218163e+01	5.1810787706568510e+02
1.1440056835806319e+01	5.2092243016809527e+02
1.1460018166785121e+01	5.1912160605444728e+02
1.1480033759393347e+01	5.1142912662286358e+02
1.1500030589170345e+01	4.9407350279582619e+02
1.1520064143544682e+01	4.6493850418717898e+02
1.1540060337588908e+01	4.2665195810561522e+02
1.1560017977035095e+01	4.3137150208921634e+02
1.1580069017783595e+01	4.0725060515221583e+02
1.1600037365543834e+01	3.9440001815353526e+02
1.1620035382056916e+01	4.2097371841703705e+02
1.1640035470968215e+01	4.5383215670426000e+02
1.1660030148749659e+01	4.7525041382608134e+02
1.1680048020761888e+01	4.8426701328640422e+02
1.1700027842683170e+01	4.8066841089263096e+02
1.1720033557173835e+01	4.6708007356269025e+02
1.1740023587128640e+01	4.4362089533206893e+02
1.1760025658987853e+01	4.2838773304688675e+02
1.1780037100636720e+01	4.1325473166900838e+02
1.1800026989664509e+01	3.8505486523998405e+02
1.1820035709318702e+01	3.8291873457900499e+02
1.1840070963477181e+01	3.8057207451605854e+02
1.1860016383682833e+01	4.1759245523726213e+02
1.1880036279643603e+01	4.4721183437153985e+02
1.1900065391287461e+01	4.6762327652755897e+02
1.1920066251207793e+01	4.7680381940684350e+02
1.1940061450184746e+01	4.7421235885805231e+02
1.1960018500569943e+01	4.5917423203224132e+02
1.1980013077787406e+01	4.3124544854302064e+02
1.2000005485625433e+01	3.9298780488381874e+02
1.2020040697195887e+01	4.6042272467664054e+02
1.2040016939649902e+01	5.2430303075542406e+02
1.2060030629497337e+01	5.7536108564945141e+02
1.2080048383997338e+01	6.0934854899381651e+02
1.2100002900256005e+01	6.2313618111720712e+02
1.2120042286650833e+01	6.1305968880750561e+02
1.2140025273361525e+01	5.7901278950510289e+02
1.2160018625185161e+01	5.2369314742057588e+02
1.2180016784885273e+01	5.4953456276163308e+02
1.2200035248188579e+01	6.2592208357772222e+02
1.2220027198489499e+01	6.8060472108423221e+02
1.2240012009120855e+01	7.0829231089365817e+02
1.2260033111736844e+01	7.0671352118629102e+02
1.2280014634240120e+01	6.7597569987348436e+02
1.2300035926685142e+01	6.1870069525264660e+02
1.2320042095509779e+01	5.4118789538523663e+02
1.2340004405530284e+01	5.3433519620934339e+02
1.2360040525203488e+01	5.8111811497841495e+02
1.2380034524059763e+01	6.0029983881712405e+02
1.2400038263636276e+01	5.9362561555594743e+02
1.2420041760454920e+01	5.6628944941839950e+02
1.2440059412654049e+01	5.2335279256770082e+02
1.2460043376610027e+01	4.6919166747999338e+02
1.2480055880559096e+01	4.3975971220984525e+02
1.2500026967054582e+01	5.0698779106203278e+02
1.2520010456859501e+01	5.6780225208825300e+02
1.2540045535512220e+01	6.0574349368304775e+02
1.2560000232023299e+01	6.1988736653813771e+02
1.2580004332665407e+01	6.0887367509456499e+02
1.2600019450863448e+01	5.7526831141746311e+02
1.2620028387612109e+01	5.2448536647435378e+02
1.2640054520196017e+01	4.9930198701643644e+02
1.2660007491292417e+01	5.4932142420367074e+02
1.2680025994034708e+01	5.8070414346529697e+02
1.2700053395967551e+01	5.9000803170948541e+02
1.2720015316723904e+01	5.7839793016479030e+02
1.2740056250535888e+01	5.4755091808177008e+02
1.2760024522526326e+01	5.0013424906803152e+02
1.2780036973156358e+01	4.4133935104434534e+02
1.2800029801969480e+01	4.3548387025220660e+02
1.2820066224010841e+01	4.5283619436238314e+02
1.2840044706314805e+01	4.5057808027874353e+02
1.2860071017779665e+01	4.2853908626089816e+02
1.2880006712335135e+01	3.9147017292144130e+02
1.2900033068992542e+01	4.1188845241030799e+02
1.2920031277661106e+01	4.2475237258432890e+02
1.2940069494706288e+01	4.5204462017519552e+02
1.2960034908449630e+01	4.4784031249062195e+02
1.2980020122417249e+01	4.6510780754644361e+02
1.3000013864327544e+01	4.5964559974849624e+02
1.3020002305384507e+01	4.8315163827297499e+02
1.3040046839139004e+01	5.0985243969812319e+02
1.3060054579084742e+01	4.8408343317703640e+02
1.3080017219838961e+01	4.8928029533801470e+02
1.3100066103235251e+01	4.6245111680915466e+02
1.3120023830130464e+01	4.6962166278349048e+02
1.3140037048232712e+01	4.5503321773708814e+02
1.3160054528168258e+01	4.7826055188857384e+02
1.3180005036513551e+01	4.9405953555328836e+02
1.3200034330409606e+01	5.0493716917049574e+02
1.3220010290812107e+01	5.0867117131277274e+02
1.3240012013224906e+01	4.9862322456865257e+02
1.3260035151402761e+01	4.8526724251815290e+02
1.3280006946967703e+01	4.8654597312283772e+02
1.3300009984835309e+01	4.8267425197897580e+02
1.3320011448402218e+01	5.0795905471102213e+02
1.3340024397014137e+01	4.7274750336515456e+02
1.3360066405533134e+01	4.4855944664758351e+02
1.3380022738147092e+01	4.6740997360640654e+02
1.3400011347121692e+01	5.0258815022515091e+02
1.3420059391002868e+01	5.1069668786132110e+02
1.3440046193067658e+01	4.8587118459961164e+02
1.3460061813283113e+01	4.6960886207067438e+02
1.3480053456468367e+01	4.8306702605265718e+02
1.3500014918384196e+01	4.9235087829969268e+02
1.3520031490489474e+01	5.1299652862947460e+02
1.3540041285990721e+01	5.0575019761623139e+02
1.3560008218346603e+01	4.8345525807620822e+02
1.3580032270361423e+01	5.0656177261342862e+02
1.3600060502730214e+01	4.9322143118734783e+02
1.3620013503070814e+01	5.0224824502338555e+02
1.3640062649798857e+01	4.8335431507038362e+02
1.3660030108554983e+01	5.2682912684273379e+02
1.3680034240667281e+01	5.2380327491394360e+02
1.3700016953202761e+01	5.5763540413063879e+02
1.3720041355676887e+01	5.5902431518869912e+02
1.3740032861173773e+01	5.6030286131826961e+02
1.3760015113889866e+01	5.9777706121023766e+02
1.3780029632224627e+01	6.3444310578653926e+02
1.3800029977342458e+01	6.6821537813587383e+02
1.3820024637398619e+01	6.7164613221141826e+02
1.3840000519164521e+01	7.9511281602417932e+02
1.3860018544671089e+01	8.9347327130477379e+02
1.3880026286434330e+01	8.4732738909159423e+02
1.3900018749947023e+01	1.0583388135992866e+03
1.3920003036523555e+01	9.1899772191039813e+02
1.3940015807726812e+01	1.1276714434476203e+03
1.3960002521055523e+01	1.1182173162782813e+03
1.3980001557652397e+01	1.1046944560725631e+03
1.4000003792655347e+01	1.2460762065033121e+03
1.4020029208866937e+01	1.0208312696928841e+03
1.4040011155932875e+01	1.2611688801502858e+03
1.4060009773004312e+01	1.1621910594095073e+03
1.4080015377992286e+01	1.1822796950942370e+03
1.4100022738366915e+01	1.2210649080854489e+03
1.4120001655657070e+01	1.0557494710598899e+03
1.4140006374321979e+01	1.2057254756295049e+03
1.4160008146158102e+01	1.0364938113365324e+03
1.4180026877368375e+01	1.1351179503371848e+03
1.4200011992309332e+01	1.0888181708036823e+03
1.4220029222241521e+01	1.0211707714658450e+03
1.4240001588031184e+01	1.1102642880289541e+03
1.4260009783931062e+01	9.0656533658363685e+02
1.4280019330044437e+01	1.0728679866344635e+03
1.4300006351275005e+01	1.0047212048790577e+03
1.4320027055319155e+01	9.6222850809538170e+02
1.4340008488317078e+01	1.0500470529902962e+03
1.4360026152612951e+01	8.5640168577247414e+02
1.4380015275347926e+01	1.0096257914155939e+03
1.4400025379870009e+01	9.6763692653112184e+02
1.4420017847919937e+01	8.7779154307004649e+02
1.4440030351313355e+01	1.0004557592722171e+03
1.4460020596999295e+01	8.5916277755714702e+02
1.4480005255100641e+01	9.2995958833415750e+02
1.4500025495236615e+01	9.6906263457793000e+02
1.4520036984357834e+01	8.2255570694857147e+02
1.4540022480001150e+01	9.6652467016836135e+02
1.4560013008947507e+01	9.3711186425734411e+02
1.4580020511674059e+01	8.3393078312622299e+02
1.4600015174080976e+01	9.9859277265102844e+02
1.4620013560527198e+01	9.2195134567786943e+02
1.4640026152538150e+01	8.9823778902562378e+02
1.4660006058570907e+01	1.0360084633531219e+03
1.4680017662031823e+01	9.4021943807826267e+02
1.4700011589837104e+01	9.4885727689912960e+02
1.4720012119452154e+01	1.0897418233492524e+03
1.4740004920099022e+01	1.0010455682527275e+03
1.4760007769563698e+01	9.7467488272961361e+02
1.4780027164013653e+01	1.1436326935031202e+03
1.4800022821566344e+01	1.0860493817318811e+03
1.4820012260299201e+01	9.5596433706121798e+02
1.4840012315000338e+01	1.1665106261183180e+03
1.4860009169049009e+01	1.1569330266285883e+03
1.4880016010514895e+01	9.3251157089865387e+02
1.4900016616451012e+01	1.1423782460866953e+03
1.4920014792875248e+01	1.1892801330882087e+03
1.4940017527692207e+01	1.0141428905087196e+03
1.4960005413615969e+01	1.0807651314589957e+03
1.4980008043363236e+01	1.1874084805051502e+03
1.5000006145226186e+01	1.0735266374791381e+03
1.5020004689408802e+01	9.9683076761997165e+02
1.5040006580774165e+01	1.1592039738600690e+03
1.5060002301405115e+01	1.1066621667545498e+03
1.5080003929971886e+01	9.0938048996246403e+02
1.5100019613874261e+01	1.1137070457214033e+03
1.5120007697826251e+01	1.1098327643173943e+03
1.5140023689482089e+01	9.2081742434871751e+02
1.5160021896753126e+01	1.0532803924785876e+03
1.5180004036818312e+01	1.0854589047242034e+03
1.5200030614740614e+01	9.2036242796800764e+02
1.5220008401436568e+01	9.7495093387736119e+02
1.5240006947201787e+01	1.0284942244025644e+03
1.5260022691721034e+01	8.9181304062995673e+02
1.5280024557283145e+01	8.7622798833798902e+02
1.5300025608486397e+01	9.4994334514082709e+02
1.5320032271285076e+01	8.4871311276601216e+02
1.5340035731951685e+01	7.7016382885347582e+02
1.5360033947513312e+01	8.6821354885595008e+02
1.5380005130186882e+01	8.1347132950552123e+02
1.5400026787308223e+01	7.2392725845461121e+02
1.5420016871302058e+01	7.8033343723840835e+02
1.5440016532246998e+01	7.6804378250479647e+02
1.5460018981133230e+01	6.8656766948645418e+02
1.5480021225735165e+01	7.6547539598551975e+02
1.5500010734299559e+01	8.5176292903972421e+02
1.5520006600994943e+01	8.3069443565242182e+02
1.5540008479799676e+01	9.5832433599478554e+02
1.5560018391045507e+01	7.8574112351019471e+02
1.5580028118993367e+01	9.4478674316420995e+02
1.5600018078049745e+01	7.8894393599006571e+02
1.5620023099239740e+01	7.9133312760131594e+02
1.5640006330022141e+01	6.8463636595235414e+02
1.5660007691801455e+01	7.5302540181731365e+02
1.5680019790514324e+01	8.0184135214916671e+02
1.5700036878422411e+01	8.2339468599659972e+02
1.5720025698112766e+01	9.5989593122132794e+02
1.5740038387419636e+01	8.1507664626182930e+02
1.5760029713044085e+01	9.8237548891147276e+02
1.5780002773204107e+01	9.3409252500447190e+02
1.5800008080489373e+01	9.1297637527089762e+02
1.5820023592247328e+01	1.0021900495254329e+03
1.5840032265022147e+01	8.2240017667186532e+02
1.5860022709603353e+01	9.9005439955562122e+02
1.5880000818922850e+01	9.1695896840619378e+02
1.5900032234350299e+01	8.9320461322472613e+02
1.5920000672116799e+01	9.0368073743073637e+02
1.5940030909706776e+01	6.8967228650806487e+02
1.5960041038293037e+01	7.1837599720470030e+02
1.5980041598869667e+01	7.2363873498828389e+02
1.6000011370266471e+01	7.8529093341665316e+02
1.6020012461086413e+01	9.2760316993116203e+02
1.6040022996557557e+01	7.7109449200154120e+02
1.6060003497961887e+01	8.4977965099290861e+02
1.6080021793836060e+01	6.2067024155505692e+02
1.6100034300429247e+01	6.7838046589441979e+02
1.6120011260076765e+01	8.2778751832128933e+02
1.6140022124886382e+01	7.5680451515999653e+02
1.6160026458525603e+01	8.5161485067064712e+02
1.6180017886005448e+01	6.9946543451938669e+02
1.6200044377917841e+01	6.6297195129280908e+02
1.6220033317143571e+01	5.8121780379309450e+02
1.6240016898784067e+01	6.3520890399494908e+02
1.6260019569842871e+01	7.2413427255412682e+02
1.6280041486758087e+01	6.7107677162791288e+02
1.6300026557533656e+01	7.3983469031892162e+02
1.6320025745435668e+01	7.0515704395009072e+02
1.6340014382007865e+01	6.6320203964271809e+02
1.6360017740837989e+01	6.5734983281820234e+02
1.6380007095317023e+01	6.0563495462897379e+02
1.6400037594162111e+01	6.1750594356600368e+02
1.6420003070710592e+01	6.5120038861530395e+02
1.6440026894312055e+01	7.5098634423170881e+02
1.6460029831421242e+01	7.9042247567650156e+02
1.6480027683432059e+01	6.7049896952315885e+02
1.6500012008898821e+01	6.4674868338509634e+02
1.6520031362623243e+01	5.9165572792333239e+02
1.6540007300074702e+01	8.2567871844299839e+02
1.6560000792112508e+01	8.9065008969986013e+02
1.6580028412927760e+01	9.5466094845665043e+02
1.6600010761128527e+01	9.9403246509318967e+02
1.6620023405041362e+01	7.8658118211034423e+02
1.6640010376630777e+01	8.1159836961023950e+02
1.6660000269576816e+01	8.1476765805729246e+02
1.6680025273765750e+01	8.4870469849491917e+02
1.6700034142737366e+01	7.1537073028000418e+02
1.6720000490915304e+01	7.9245542684871384e+02
1.6740020564511752e+01	7.7574904791346182e+02
1.6760026665662931e+01	6.6184094615743470e+02
1.6780000269808646e+01	7.1719573820236235e+02
1.6800022807541435e+01	7.3454150724837643e+02
1.6820018710128853e+01	6.6096175952930412e+02
1.6840029218394452e+01	6.6193569855790292e+02
1.6860044712398334e+01	6.3595171184880098e+02
1.6880032928475114e+01	5.6019864525234732e+02
1.6900002929285851e+01	6.4596334127854209e+02
1.6920010550927842e+01	7.6073006919713612e+02
1.6940031687144764e+01	7.4605309822701361e+02
1.6960034087753147e+01	5.9160876993364741e+02
1.6980026025880157e+01	6.8739096370365485e+02
1.7000031183011529e+01	7.3655853722942697e+02
1.7020039478296500e+01	6.4703780494458238e+02
1.7040032638496580e+01	7.6543093979527828e+02
1.7060022895463653e+01	7.4221998096902553e+02
1.7080030553463970e+01	6.6123422029415394e+02
1.7100029100596128e+01	8.8634346148004431e+02
1.7120008940879767e+01	9.5281952734597508e+02
1.7140004550097903e+01	8.1687640766050799e+02
1.7160030026788160e+01	8.8637645305318495e+02
1.7180001479247789e+01	9.3570146819823083e+02
1.7200037001888774e+01	7.9597946256004627e+02
1.7220016160944020e+01	8.4168078405518634e+02
1.7240028070974621e+01	9.1516659633602592e+02
1.7260018819247200e+01	8.2386893123941422e+02
1.7280025288135743e+01	9.7131568625834507e+02
1.7300012552852937e+01	1.0222845827422411e+03
1.7320013696293046e+01	9.3273231390892033e+02
1.7340009752467818e+01	9.7651610835210795e+02
1.7360026141298999e+01	9.5526952205643113e+02
1.7380013659595097e+01	8.0236035417376399e+02
1.7400023508160412e+01	7.9297933523364100e+02
1.7420015674372259e+01	9.1721215658264725e+02
1.7440022987174778e+01	9.4222484706401008e+02
1.7460001505905115e+01	9.1240980757580780e+02
1.7480021570995465e+01	9.4461146912750337e+02
1.7500011701379076e+01	8.4546862837090737e+02
1.7520022602613835e+01	7.7263410952749450e+02
1.7540029774200040e+01	8.9604028638532759e+02
1.7560001339081644e+01	9.6016605684424587e+02
1.7580025318733419e+01	9.0738779943094619e+02
1.7600000652126841e+01	1.0106085036568875e+03
1.7620027647392529e+01	1.0434443667144706e+03
1.7640011052253715e+01	9.4506303759884690e+02
1.7660014716933084e+01	9.8498048836774319e+02
1.7680015371767325e+01	1.0348979005674887e+03
1.7700001080729752e+01	9.5098496790284548e+02
1.7720001177472582e+01	9.3810827557591017e+02
1.7740004045437257e+01	1.0087327488515300e+03
1.7760003121641063e+01	9.2039288128177475e+02
1.7780024369554869e+01	7.7916772240568332e+02
1.7800015137802461e+01	8.4057448690941294e+02
1.7820036284083486e+01	7.3164435448465224e+02
1.7840019414725251e+01	7.5656802307159217e+02
1.7860007055210904e+01	9.0381432423921819e+02
1.7880000018196803e+01	9.5820555732407593e+02
1.7900023310649910e+01	8.2439202222743916e+02
1.7920016657766240e+01	9.2332191046563059e+02
1.7940022611800703e+01	9.1912760451287795e+02
1.7960018448321787e+01	7.3101388427923507e+02
1.7980037331964642e+01	7.1383325211292322e+02
1.8000028983532705e+01	8.4849489253152490e+02
1.8020030911459063e+01	8.5518529812312238e+02
1.8040028268133270e+01	8.1358069827398913e+02
1.8060020302238879e+01	9.3716178928392185e+02
1.8080023841572100e+01	9.2947036796538134e+02
1.8100008325165536e+01	7.7444048432751583e+02
1.8120014273261827e+01	7.6676174114476976e+02
1.8140020103500756e+01	8.1450061432252073e+02
1.8160003493970478e+01	7.4827444592642109e+02
1.8180034977844283e+01	6.1667237831537352e+02
1.8200042437654687e+01	7.2202972482311429e+02
1.8220009211907737e+01	7.4653353396787043e+02
1.8240001581196054e+01	6.6875037389757995e+02
1.8260036009912334e+01	7.1399302895789833e+02
1.8280000129245671e+01	7.9135359617708616e+02
1.8300003366672133e+01	7.4852267592309397e+02
1.8320036311835057e+01	6.9425155967863270e+02
1.8340009172721377e+01	7.5931041001621895e+02
1.8360019351139190e+01	7.0538622273233841e+02
1.8380042258582801e+01	5.3774254914943708e+02
1.8400027468892397e+01	5.4660941585598721e+02
1.8420025258177187e+01	6.2913017345949174e+02
1.8440033615289892e+01	6.6968979891315530e+02
1.8460032079102977e+01	6.5468356264952638e+02
1.8480007006208371e+01	7.1805946618905932e+02
1.8500030609432503e+01	6.5277547172642028e+02
1.8520036746244195e+01	5.7048427866937607e+02
1.8540054372333451e+01	5.4760911893727950e+02
1.8560013090162940e+01	6.7071361161333357e+02
1.8580034746936175e+01	6.7906536741753553e+02
1.8600041527182384e+01	6.4044217537183749e+02
1.8620020558026503e+01	7.0557248673979632e+02
1.8640035090148860e+01	6.7019444985629650e+02
1.8660050078733075e+01	5.3361312652371305e+02
1.8680052108407871e+01	5.5058980870986170e+02
1.8700030402671228e+01	5.7719885527453494e+02
1.8720034497807976e+01	5.2340058767017626e+02
1.8740019136872483e+01	4.6201305347555495e+02
1.8760015271451227e+01	5.7929805969058486e+02
1.8780040823249369e+01	6.3908719602679435e+02
1.8800028731872114e+01	5.9783297384105890e+02
1.8820029555776312e+01	6.0060910685665954e+02
1.8840044655427988e+01	6.9315658007376271e+02
1.8860011581917746e+01	6.2520848427034537e+02
1.8880037421258940e+01	4.4958849337671444e+02
1.8900050924528056e+01	4.3886223475052248e+02
1.8920011365175498e+01	5.8035235016655997e+02
1.8940026574860632e+01	5.8834629854359218e+02
1.8960016191974255e+01	4.6343482812478533e+02
1.8980036965905139e+01	4.5913150789640241e+02
1.9000048023674687e+01	4.7988756347042607e+02
1.9020039706847864e+01	4.8783369513678883e+02
1.9040014431109192e+01	5.8436766818312697e+02
1.9060001981652206e+01	5.0148623962716562e+02
1.9080063040048547e+01	4.6100535066194828e+02
1.9100015527673136e+01	4.9570488383292854e+02
1.9120034942151236e+01	4.8530051767557467e+02
1.9140044892276567e+01	4.9876285089372379e+02
1.9160046061896054e+01	4.9032618997100843e+02
1.9180048279738639e+01	5.2798115504625002e+02
1.9200023731053555e+01	4.9372951624916129e+02
1.9220034147655557e+01	5.6391608422459569e+02
1.9240028174229010e+01	5.2171051480196058e+02
1.9260040327811044e+01	5.3559413619042641e+02
1.9280007754707189e+01	5.2451102735265556e+02
1.9300032449822908e+01	4.8659875972957838e+02
1.9320000582838194e+01	4.6516065944912418e+02
1.9340022722323912e+01	4.8782746921556821e+02
1.9360031483702507e+01	5.2936503877795838e+02
1.9380042738621629e+01	5.9642121458849738e+02
1.9400037844869399e+01	5.3031640304889220e+02
1.9420019615691203e+01	5.3450138456219702e+02
1.9440015981849783e+01	4.9035379968722765e+02
1.9460003306292272e+01	5.1300523292812341e+02
1.9480021821899811e+01	4.9526377596263461e+02
1.9500000231963323e+01	5.6996497215285217e+02
1.9520063951888869e+01	4.8320843020296371e+02
1.9540032949399937e+01	4.9201562727514289e+02
1.9560011359593265e+01	5.3357611678780881e+02
1.9580020745411183e+01	5.7341180385193434e+02
1.9600048887124466e+01	5.8906412457950080e+02
1.9620004174308754e+01	6.8844714985623352e+02
1.9640046659567300e+01	5.8327280245917177e+02
1.9660036354188655e+01	5.8989228962849688e+02
1.9680026791814331e+01	5.9881323001430076e+02
1.9700057847307100e+01	5.3745822423265713e+02
1.9720045213391938e+01	4.7138815482165461e+02
1.9740031741247225e+01	5.4155385322716370e+02
1.9760003360695720e+01	5.2151658306801244e+02
1.9780016309131664e+01	4.7112715585822923e+02
1.9800048086609539e+01	5.6444464761836855e+02
1.9820050178902022e+01	5.9002993014248125e+02
1.9840015219392214e+01	4.9331679930753620e+02
1.9860014824131195e+01	5.7597537372430122e+02
1.9880029817406129e+01	5.4948280510370728e+02
1.9900004610712056e+01	4.4080342780908848e+02
1.9920012599036109e+01	4.7703640616899770e+02
1.9940057872397418e+01	4.8124588794961670e+02
1.9960058650196309e+01	4.7368269475813258e+02
1.9980026295889058e+01	5.3418004202773545e+02
2.0000016226016974e+01	5.0822320090043956e+02
2.0020051861687783e+01	5.5141985790980550e+02
2.0040032824346731e+01	5.2306486353467517e+02
2.0060047183744310e+01	5.4219541361779011e+02
2.0080056229576577e+01	5.2509108546942775e+02
2.0100055736385212e+01	5.2306558297785375e+02
2.0120053826930501e+01	5.4034385726824962e+02
2.0140029479083204e+01	5.2910846567330407e+02
2.0160052491131154e+01	5.6815613463007912e+02
2.0180033462545822e+01	5.6821258384467558e+02
2.0200042544282933e+01	6.3971918739204023e+02
2.0220000758836779e+01	7.3714817078085866e+02
2.0240036639218225e+01	8.0304917661010529e+02
2.0260009516933263e+01	8.0389571342080262e+02
2.0280034522578536e+01	7.5348511054991934e+02
2.0300031343318430e+01	9.1792611411676899e+02
2.0320006274773736e+01	1.0080099089670892e+03
2.0340006056979895e+01	9.9021708458663977e+02
2.0360019294711140e+01	8.7150177092143690e+02
2.0380024506128830e+01	9.9701607531234015e+02
2.0400022205455603e+01	1.0886057509235518e+03
2.0420004664187914e+01	1.0524939292438689e+03
2.0440003923607303e+01	9.1577329301038742e+02
2.0460029129959732e+01	1.0148838408828367e+03
2.0480002617948109e+01	1.0853119962319411e+03
2.0500014158031629e+01	1.0319716145680602e+03
2.0520022304104650e+01	8.9316140464463570e+02
2.0540017310437403e+01	9.6342326933159165e+02
2.0560028590804752e+01	1.0048909731836706e+03
2.0580025615732431e+01	9.5534692196539618e+02
2.0600001586732599e+01	8.2940669105229381e+02
2.0620030666726414e+01	8.6134806291932284e+02
2.0640013667178138e+01	8.8090277942264277e+02
2.0660026510876442e+01	8.2894040624050569e+02
2.0680040677899026e+01	7.0794971592014690e+02
2.0700021217669427e+01	7.1517377505517470e+02
2.0720023865311209e+01	7.0002549615242435e+02
2.0740032956607553e+01	6.2957470641312943e+02
2.0760037886099212e+01	6.3298801951935445e+02
2.0780031855202189e+01	6.3652941938376534e+02
2.0800004436267958e+01	7.1592224975711076e+02
2.0820022450296467e+01	7.6239331117180484e+02
2.0840024382509295e+01	7.5331683035731874e+02
2.0860011588119033e+01	7.2306241404763182e+02
2.0880013215032395e+01	8.0163699239501568e+02
2.0900015656664994e+01	8.4707450890910070e+02
2.0920001463044688e+01	8.3910096268801044e+02
2.0940039981970227e+01	7.7582412447165223e+02
2.0960016620011128e+01	8.6997884504928925e+02
2.0980030513303216e+01	9.3184680871592116e+02
2.1000017650077016e+01	9.1771054420636392e+02
2.1020027822726689e+01	8.3944061023891959e+02
2.1040019070462478e+01	9.5205233947528109e+02
2.1060001576062831e+01	9.9042253641623847e+02
2.1080033420462264e+01	8.9341495450664456e+02
2.1100023767438287e+01	8.9522835622595210e+02
2.1120014690859310e+01	9.5397483051456777e+02
2.1140007366793267e+01	8.6942424909857698e+02
2.1160008056351714e+01	7.7261488143377210e+02
2.1180026996353352e+01	8.1004053402020133e+02
2.1200000246461020e+01	7.4962085010984947e+02
2.1220042302405172e+01	7.2276805869462282e+02
2.1240024830823405e+01	7.3881781495261134e+02
2.1260003931820350e+01	7.4945661951673412e+02
2.1280001074760335e+01	6.8248314508309772e+02
2.1300026551653009e+01	6.5775142410534534e+02
2.1320037904531304e+01	6.5991541536932732e+02
2.1340042893873342e+01	6.1549383109241467e+02
2.1360011696146220e+01	6.3000344950412398e+02
2.1380006725517934e+01	6.7662330772141922e+02
2.1400027320028837e+01	6.5748995309281679e+02
2.1420033425417699e+01	6.7819030350390165e+02
2.1440041900146031e+01	6.9195486137338139e+02
2.1460008352176164e+01	6.6517821036851956e+02
2.1480017899847198e+01	6.9356312102264610e+02
2.1500019710878913e+01	7.3013413847791071e+02
2.1520030188519971e+01	7.7754662830749362e+02
2.1540019785652650e+01	6.6641563354359471e+02
2.1560019105609602e+01	8.5680480697976930e+02
2.1580005760405939e+01	8.8947716272466732e+02
2.1600040032020079e+01	7.4676588054214210e+02
2.1620001242156842e+01	9.4781751270122311e+02
2.1640014798226321e+01	9.5031744671482716e+02
2.1660005043337890e+01	7.9506108427061258e+02
2.1680007657463211e+01	9.3766221117816406e+02
2.1700010667062738e+01	8.8884982700464946e+02
2.1720015371979994e+01	7.6876823082365956e+02
2.1740012549616093e+01	8.0912932661475452e+02
2.1760033198194648e+01	7.3403441462246087e+02
2.1780021186345721e+01	7.2308156167947550e+02
2.1800026156824302e+01	7.0132815270543733e+02
2.1820034658134944e+01	7.2359660054569201e+02
2.1840007330541763e+01	7.5160143066286685e+02
2.1860039752060306e+01	7.0164649627860717e+02
2.1880028199356687e+01	7.0259136337836162e+02
2.1900029874721792e+01	7.7429872036195388e+02
2.1920019204925108e+01	7.5624453482116917e+02
2.1940026433475442e+01	7.6920689501470792e+02
2.1960033504932362e+01	8.6056559883792693e+02
2.1980020817707782e+01	7.9243705076560707e+02
2.2000010674892177e+01	8.5248514628575992e+02
2.2020029701820196e+01	9.2749521620468022e+02
2.2040008003116125e+01	8.6126651502976563e+02
2.2060016564082453e+01	9.1036973672508884e+02
2.2080008650761730e+01	1.0167088255470176e+03
2.2100027259026934e+01	9.7592565977421577e+02
2.2120025881104084e+01	9.8731486179702074e+02
2.2140015781918461e+01	1.1416199614388477e+03
2.2160026368061743e+01	1.1167089936038808e+03
2.2180018167943338e+01	1.0731404390201451e+03
2.2200009460911442e+01	1.2509229453069820e+03
2.2220010840347214e+01	1.2114875107984133e+03
2.2240022220935820e+01	1.0673364269002498e+03
2.2260004847261431e+01	1.2369803466281112e+03
2.2280007851960004e+01	1.1762146701950746e+03
2.2300006637152851e+01	9.1002333309327173e+02
2.2320003126183927e+01	9.3451199777124884e+02
2.2340002944044571e+01	1.0097244498930056e+03
2.2360015572801984e+01	9.4283825871947749e+02
2.2380016716819537e+01	1.1602115664759140e+03
2.2400023408667430e+01	1.2794642701472042e+03
2.2420005033961630e+01	1.1589488464597994e+03
2.2440019516698293e+01	1.1542139283992872e+03
2.2460014425991961e+01	1.2566895769577716e+03
2.2480020442321880e+01	1.1457266608419516e+03
2.2500027435727947e+01	1.0052777882990872e+03
2.2520028182103541e+01	1.1133295517138060e+03
2.2540021140147132e+01	1.0533547844068321e+03
2.2560036239614760e+01	8.7553613636536784e+02
2.2580015899196948e+01	1.0058644409945172e+03
2.2600004468288809e+01	9.9813917287087031e+02
2.2620002220022673e+01	8.5751319434107813e+02
2.2640010535103041e+01	9.9051405570122586e+02
2.2660006857472631e+01	1.0116474121705896e+03
2.2680022159331386e+01	8.8636824292072833e+02
2.2700031300515906e+01	1.0116726879813632e+03
2.2720017240355737e+01	1.0141894218951692e+03
2.2740018596566713e+01	8.5864443586439711e+02
2.2760004811679551e+01	9.4069667682312763e+02
2.2780024131599738e+01	8.7529154114286075e+02
2.2800023840329601e+01	6.8255498690136858e+02
2.2820029553062248e+01	6.9965139473374518e+02
2.2840036255074008e+01	8.7119798516811045e+02
2.2860003698240007e+01	9.3270175310623176e+02
2.2880001681855063e+01	9.4092455052563957e+02
2.2900013154316671e+01	1.0421787834501902e+03
2.2920013826659186e+01	9.8963667225195275e+02
2.2940016199574778e+01	9.6122783038998568e+02
2.2960020820608584e+01	9.8577384190731800e+02
2.2980010705722094e+01	8.9145210263615411e+02
2.3000001116589303e+01	8.8787040728029808e+02
2.3020017694017518e+01	9.1635007628197184e+02
2.3040022640974794e+01	9.3853172601604513e+02
2.3060001550403250e+01	9.5965435293690120e+02
2.3080015912166274e+01	9.6810143341377727e+02
2.3100023793802034e+01	9.6925010778764681e+02
2.3120021459849834e+01	9.6646761975954007e+02
2.3140025649136664e+01	1.0067060893472667e+03
2.3160000815472831e+01	9.5933226418486959e+02
2.3180022077541146e+01	1.1049160978890100e+03
2.3200019897731487e+01	1.1841826816235482e+03
2.3220029230583201e+01	1.0853753589868770e+03
2.3240012382888171e+01	1.2564881315282021e+03
2.3260025864724152e+01	1.1122782630298559e+03
2.3280002381907543e+01	1.1162710648049003e+03
2.3300024929973922e+01	1.0517078818807715e+03
2.3320033910912535e+01	8.1198631252595658e+02
2.3340031044094932e+01	1.0196978637476282e+03
2.3360007654205223e+01	1.1633703955427361e+03
2.3380020450099511e+01	1.1067818406110061e+03
2.3400023796371034e+01	1.3058222253464871e+03
2.3420023145309617e+01	1.2242806480830768e+03
2.3440006829091747e+01	1.1722692152083700e+03
2.3460005036759966e+01	1.2446128828907281e+03
2.3480025930222041e+01	1.0436136706168402e+03
2.3500020231900933e+01	1.0597018241261608e+03
2.3520006264971357e+01	1.0741342053153287e+03
2.3540035130116468e+01	8.5631183733141756e+02
2.3560007469057751e+01	9.9325688309337761e+02
2.3580015802035575e+01	9.8685467590807059e+02
2.3600028032448133e+01	8.7767914615518987e+02
2.3620018269230421e+01	1.0519938129381437e+03
2.3640028283050363e+01	9.9152527671780786e+02
2.3660028005091132e+01	1.0652915964774400e+03
2.3680007262508273e+01	1.1613178761191250e+03
2.3700004660688219e+01	1.0077517210690532e+03
2.3720011986098573e+01	1.2201020385178015e+03
2.3740011434737969e+01	1.1387732274461052e+03
2.3760020661716144e+01	1.1387023543028588e+03
2.3780024797961133e+01	1.1393221151564674e+03
2.3800029535912419e+01	9.2211835912772506e+02
2.3820017747024817e+01	9.5945685883930855e+02
2.3840012294698873e+01	7.9583121362776546e+02
2.3860029594762981e+01	7.7446346419714462e+02
2.3880032722716990e+01	9.6354888352232990e+02
2.3900030429890617e+01	9.0425503532848450e+02
2.3920005914677500e+01	1.0262928408277637e+03
2.3940027925370362e+01	1.0060476611182452e+03
2.3960010768819853e+01	9.7301101947196992e+02
2.3980001420038679e+01	1.0198476432170420e+03
2.4000015545883393e+01	8.4105189750385955e+02
2.4020014039866538e+01	9.5565785498409127e+02
2.4040021567422365e+01	8.7455434973317426e+02
2.4060034819710239e+01	8.5447995115682909e+02
2.4080002521448748e+01	8.8698610947218867e+02
2.4100002606052122e+01	7.3854101778229438e+02
2.4120020703039014e+01	8.6485927133324662e+02
2.4140023834679887e+01	8.0140969347079761e+02
2.4160002554275664e+01	8.0930287974350415e+02
2.4180030894937481e+01	8.4947473981239875e+02
2.4200001530509780e+01	6.9578537207918089e+02
2.4220012956767121e+01	8.2578040180807102e+02
2.4240028117320303e+01	7.3896840103803243e+02
2.4260024266813581e+01	7.2818507915244300e+02
2.4280016382385945e+01	7.2893632510882048e+02
2.4300031983538780e+01	6.1288340351635748e+02
2.4320033359269345e+01	6.3245611101580573e+02
2.4340052004346116e+01	5.9594181077603480e+02
2.4360008480751066e+01	7.6866066152553481e+02
2.4380002792904804e+01	8.3053682335004044e+02
2.4400007644147859e+01	7.0803361239945286e+02
2.4420005773508176e+01	6.4649504595869723e+02
2.4440030757455748e+01	6.4451453209252782e+02
2.4460027161324597e+01	6.3034957328714290e+02
2.4480008618654281e+01	6.4585413347233600e+02
2.4500007505618818e+01	6.7845569461181424e+02
2.4520013226404171e+01	8.0403174401815158e+02
2.4540034384711280e+01	7.3129225270418510e+02
2.4560003592283710e+01	6.6533389427926670e+02
2.4580033080298591e+01	6.9260699736040840e+02
2.4600003473963607e+01	7.1096130599191861e+02
2.4620002392316000e+01	7.1016720022620996e+02
2.4640005324169923e+01	6.9541277892075834e+02
2.4660032097437952e+01	7.3881733060946249e+02
2.4680006357375003e+01	7.5118743795167779e+02
2.4700010130401004e+01	6.6599571106453232e+02
2.4720039307794590e+01	6.0744789687753303e+02
2.4740023985927525e+01	6.6295888705177447e+02
2.4760047024316009e+01	5.6919078273473929e+02
2.4780011960689460e+01	5.6515330340195737e+02
2.4800036158707048e+01	5.6757099504431596e+02
2.4820011854310565e+01	5.7219376153515361e+02
2.4840025094337385e+01	5.8646082734248739e+02
2.4860009817040385e+01	6.5866657625659764e+02
2.4880051089574923e+01	6.2027213437290459e+02
2.4900022080510325e+01	6.7353551675350263e+02
2.4920033972999455e+01	6.6596406031676497e+02
2.4940015208856433e+01	6.8340918886817053e+02
2.4960018486145028e+01	7.0058448739512085e+02
2.4980019556857499e+01	7.1294811942497438e+02
2.5000009871242668e+01	7.2000920321096476e+02
2.5020006981236889e+01	7.2161118514691384e+02
2.5040009069505253e+01	7.1692714350467793e+02
2.5060012552134665e+01	7.0541629864247295e+02
2.5080045507649810e+01	6.8588469529048302e+02
2.5100006161970708e+01	6.6022671099537865e+02
2.5120020159990240e+01	6.3080809860174577e+02
2.5140003207752315e+01	6.3076799133441091e+02
2.5160015863360130e+01	5.9970840724993570e+02
2.5180047909162617e+01	6.1352155714455967e+02
2.5200004860802846e+01	6.0129562906176625e+02
2.5220002514305310e+01	5.5050565846232564e+02
2.5240034906441061e+01	5.0126115713129008e+02
2.5260008356975124e+01	5.6539436777255150e+02
2.5280029118940107e+01	5.8236067911640271e+02
2.5300005574098790e+01	5.1516912138686769e+02
2.5320038271019165e+01	5.8162634217877792e+02
2.5340045979763758e+01	6.5436030185088907e+02
2.5360047549479440e+01	6.4090576499813938e+02
2.5380042909662954e+01	5.8280012446768035e+02
2.5400009164093561e+01	6.1172600162954495e+02
2.5420003442220686e+01	6.9263110465076977e+02
2.5440036809011264e+01	7.1611854799440823e+02
2.5460041791735904e+01	6.7723800354057107e+02
2.5480025151028265e+01	6.1269218197516659e+02
2.5500000256981263e+01	7.1254127145309860e+02
2.5520035076130874e+01	8.0252739829387428e+02
2.5540029449590669e+01	8.3616850310027121e+02
2.5560038414442989e+01	7.9054287852853872e+02
2.5580007871826421e+01	7.8648648262932443e+02
2.5600030670413197e+01	7.9945106239954259e+02
2.5620005748209771e+01	7.9742113322952957e+02
2.5640006538596246e+01	7.8379801313488565e+02
2.5660017432722327e+01	7.6194703149035934e+02
2.5680013840924456e+01	7.3362285373609643e+02
2.5700044897867340e+01	7.0069754648840922e+02
2.5720027163916530e+01	7.2858274420618864e+02
2.5740018420700231e+01	7.3727083561813504e+02
2.5760024613392741e+01	7.0264268567462216e+02
2.5780032735029426e+01	7.3997906049857170e+02
2.5800020100212429e+01	7.6193278168928180e+02
2.5820031232208439e+01	7.9817341788650424e+02
2.5840029639896148e+01	7.8416207618990757e+02
2.5860019111124615e+01	7.1286822376854184e+02
2.5880018410713106e+01	6.5922625609884881e+02
2.5900042568740343e+01	6.4614369764074308e+02
2.5920037034483794e+01	7.0839377099297815e+02
2.5940019453865688e+01	7.3625307603524482e+02
2.5960024538057620e+01	7.2335487088241314e+02
2.5980015296257164e+01	6.5829727315546040e+02
2.6000051003750183e+01	6.0285366095117752e+02
2.6020024585335342e+01	7.1800701205791802e+02
2.6040017880615199e+01	7.8321394858016470e+02
2.6060001756173822e+01	7.8816932022996548e+02
2.6080023619633000e+01	7.2742001441048421e+02
2.6100041744060526e+01	6.0376963603631623e+02
2.6120008541222951e+01	5.9129484520966093e+02
2.6140031367376846e+01	6.2256220394395461e+02
2.6160026577271708e+01	5.8987403892754639e+02
2.6180017253519928e+01	6.8834324308303985e+02
2.6200013516577982e+01	7.2958093764223179e+02
2.6220005875642634e+01	6.9324148804190133e+02
2.6240004454023371e+01	6.3228960003913755e+02
2.6260005402519088e+01	7.3440355545130478e+02
2.6280040633026172e+01	7.7731939481592599e+02
2.6300013843039267e+01	7.6037049741246597e+02
2.6320007790933886e+01	6.9732753792533288e+02
2.6340008011953149e+01	6.0507291502072894e+02
2.6360027272348283e+01	5.6448738408524105e+02
2.6380033357561071e+01	5.3862973388148748e+02
2.6400000563506602e+01	5.9631924273879497e+02
2.6420047995622415e+01	5.8637106906042709e+02
2.6440042439555622e+01	5.7582724305263582e+02
2.6460053909961523e+01	5.6554237535111758e+02
2.6480039222821748e+01	5.1519617250919168e+02
2.6500035914017261e+01	5.3657810370111451e+02
2.6520004727244608e+01	5.0284673679038673e+02
2.6540019261674733e+01	4.9675709512939795e+02
2.6560048462457452e+01	4.6764992040167181e+02
2.6580019457421084e+01	4.6611347768413657e+02
2.6600008067578223e+01	4.5953468182993015e+02
2.6620069729028653e+01	4.4735108659206122e+02
2.6640043472853016e+01	4.4315914627708725e+02
2.6660012120985630e+01	4.4691270003844244e+02
2.6680053956784100e+01	4.3289680330263968e+02
2.6700013834267494e+01	4.3833867847242084e+02
2.6720025915655071e+01	4.5621591742396271e+02
2.6740038272491518e+01	4.4412727887710588e+02
2.6760010077780493e+01	4.0440799800837010e+02
2.6780063325296126e+01	3.9886010339109731e+02
2.6800056277418765e+01	3.8674510895952881e+02
2.6820032788172007e+01	3.9380017004723931e+02
2.6840050598633105e+01	3.9821906296691390e+02
2.6860073557187391e+01	4.0232062571107258e+02
2.6880026741043476e+01	3.8344253883739412e+02
2.6900067835267350e+01	4.0680631441370866e+02
2.6920070547461560e+01	4.2930038178151989e+02
2.6940060391814868e+01	4.3543862398777418e+02
2.6960033310527010e+01	4.2513593127682577e+02
2.6980072924450763e+01	3.8667235750881292e+02
2.7000052763111533e+01	4.1221544664117658e+02
2.7020011231184565e+01	4.3621978478462449e+02
2.7040044648668744e+01	4.3515350043191813e+02
2.7060017926377000e+01	4.0759950728586455e+02
2.7080016746717224e+01	4.1023309783518681e+02
2.7100052222734949e+01	4.3985599292889469e+02
2.7120015963265537e+01	4.2116766171857455e+02
2.7140048899567027e+01	3.9369674009934073e+02
2.7160021554578719e+01	4.0083675219597882e+02
2.7180062774661579e+01	3.9786720030443030e+02
2.7200038785344493e+01	4.0285310456539150e+02
2.7220039261654865e+01	4.6629960236283108e+02
2.7240010030561965e+01	4.6173215328958315e+02
2.7260003133272850e+01	3.9951334999425580e+02
2.7280048068889887e+01	4.4258661533325795e+02
2.7300032359526490e+01	4.3410309220697070e+02
2.7320027939934569e+01	4.3784251047655783e+02
2.7340056322300633e+01	4.4254590339880571e+02
2.7360023927769610e+01	4.7672263650545358e+02
2.7380055772586772e+01	4.6926689284645596e+02
2.7400049237141822e+01	5.4643645802641379e+02
2.7420001765394129e+01	5.2395405551267345e+02
2.7440025098142137e+01	6.1332020434745482e+02
2.7460023607619934e+01	5.1787216910425514e+02
2.7480043690660004e+01	6.4413189874437114e+02
2.7500049574466463e+01	5.7450980571313073e+02
2.7520047768119039e+01	6.3043017135127934e+02
2.7540008156528287e+01	6.1675681822911042e+02
2.7560006176779765e+01	5.7884745883169546e+02
2.7580040667967197e+01	6.5430103505951854e+02
2.7600039062236675e+01	5.1592034345108664e+02
2.7620029668256468e+01	6.3803146116861967e+02
2.7640006378447453e+01	6.3959519486594218e+02
2.7660042046536432e+01	4.9939796377481656e+02
2.7680025358779766e+01	6.3822990045354106e+02
2.7700042275068583e+01	6.4211384855149004e+02
2.7720019083984855e+01	5.2652065275054781e+02
2.7740032419304313e+01	6.2011615939560352e+02
2.7760035904781994e+01	6.2506040940907462e+02
2.7780014019138775e+01	5.7270587287013825e+02
2.7800035881203094e+01	6.6379747063332240e+02
2.7820004010595262e+01	6.3498992204345154e+02
2.7840043784773403e+01	5.8228894411433714e+02
2.7860006201501079e+01	6.7270816422105133e+02
2.7880033302140628e+01	6.4739901596082609e+02
2.7900042080480979e+01	5.8523953026186268e+02
2.7920002345314874e+01	6.2220308003324158e+02
2.7940046299879768e+01	5.9206339934450273e+02
2.7960031583657155e+01	5.8040136785230436e+02
2.7980048297923396e+01	6.0549997820410772e+02
2.8000001320536963e+01	6.2015549513542533e+02
2.8020042146848311e+01	5.8455755008485551e+02
2.8040033969584751e+01	6.0007885953498658e+02
2.8060041666214023e+01	6.6647410256098692e+02
2.8080039296663063e+01	6.7365483598853370e+02
2.8100045150817596e+01	6.1264577385925475e+02
2.8120031714452288e+01	5.4858288942035472e+02
2.8140043714221619e+01	5.8442254297213333e+02
2.8160044005181103e+01	5.7946565658971701e+02
2.8180024952100911e+01	5.4105887303588702e+02
2.8200054274211595e+01	4.9437354146303659e+02
2.8220019641702645e+01	5.5662252360854609e+02
2.8240053457434204e+01	5.5940254648142752e+02
2.8260031409552013e+01	5.0839510818638144e+02
2.8280043125020196e+01	5.5125346997421752e+02
2.8300013964491676e+01	6.1407037842856778e+02
2.8320049151970135e+01	6.1220860563325073e+02
2.8340004663526980e+01	5.5241202380032121e+02
2.8360018646247330e+01	6.1465367382782006e+02
2.8380029546855120e+01	6.7259501580127574e+02
2.8400019524985105e+01	6.6441946147021054e+02
2.8420036466841410e+01	5.9456122364682074e+02
2.8440024039186184e+01	6.5254152270339409e+02
2.8460039322102944e+01	7.2080089618092506e+02
2.8480035240892445e+01	7.0125949238484020e+02
2.8500022259194811e+01	5.9601909134470304e+02
2.8520007680576125e+01	7.1418696133706783e+02
2.8540033523887121e+01	7.1845779561488109e+02
2.8560005582094753e+01	5.9674431799653780e+02
2.8580003868577400e+01	7.0239984095315606e+02
2.8600017906145375e+01	8.1187910944081034e+02
2.8620003607180660e+01	7.5944626407794067e+02
2.8640019094494072e+01	8.7200429907240607e+02
2.8660017079454004e+01	1.0159473280021592e+03
2.8680028736145225e+01	9.2141145762378937e+02
2.8700021437888935e+01	9.0412972085724834e+02
2.8720008970163867e+01	1.0232786251275032e+03
2.8740014351857777e+01	8.9168177589503057e+02
2.8760005766663660e+01	7.9541097389449590e+02
2.8780029029151411e+01	8.6821549011517777e+02
2.8800003877875930e+01	7.3830887696966965e+02
2.8820033791559144e+01	6.5273461106115155e+02
2.8840044308594145e+01	7.1041758039986041e+02
2.8860013386971982e+01	6.7308310829417621e+02
2.8880012578847762e+01	6.9006626274468442e+02
2.8900003562949159e+01	7.3133296778593478e+02
2.8920045747529265e+01	6.6734706634755617e+02
2.8940012030934128e+01	6.7514106612467617e+02
2.8960045967075132e+01	6.5320234556746084e+02
2.8980015846473044e+01	6.1228461252747616e+02
2.9000032659027855e+01	5.8490167912717675e+02
2.9020000399539530e+01	6.0004549020251204e+02
2.9040046841121271e+01	6.3999241824776209e+02
2.9060046585922581e+01	6.6293501736223050e+02
2.9080019741984103e+01	6.3024051266539971e+02
2.9100001402265779e+01	5.8282446927044839e+02
2.9120012412823293e+01	6.1114858904369976e+02
2.9140010062025045e+01	6.3891647972338023e+02
2.9160050600775623e+01	6.1153871382429827e+02
2.9180035129979277e+01	5.8113491636248500e+02
2.9200029400896426e+01	5.7274186070452959e+02
2.9220026827277692e+01	5.6380357564450253e+02
2.9240053626134330e+01	5.6146268174429258e+02
2.9260010823268434e+01	5.1590907315266463e+02
2.9280024537006643e+01	5.4244470808072947e+02
2.9300026286696966e+01	5.0639923746869027e+02
2.9320031856751690e+01	5.2045543157490715e+02
2.9340002912423245e+01	5.2957353188653246e+02
2.9360010989953413e+01	5.0544822631174344e+02
2.9380010431209378e+01	5.7915918397067878e+02
2.9400010454424599e+01	5.7140876928274804e+02
2.9420056923622024e+01	5.1643992868279440e+02
2.9440008026373626e+01	5.9572646107119931e+02
2.9460041150109834e+01	5.9535421728165579e+02
2.9480045570639081e+01	6.0381061675426645e+02
2.9500025958180068e+01	5.9099101116519671e+02
2.9520008469425452e+01	5.7615913224689689e+02
2.9540022719453823e+01	5.9569113838935698e+02
2.9560013836439520e+01	5.9162281878207284e+02
2.9580049215210508e+01	5.7339580410537246e+02
2.9600024142476588e+01	5.7415156482409736e+02
2.9620044811709722e+01	6.3172459870666262e+02
2.9640006936155892e+01	6.5917172910424210e+02
2.9660032441126155e+01	6.4981532128262847e+02
2.9680001683662816e+01	6.0965465358511608e+02
2.9700018205436503e+01	6.0276460805070280e+02
2.9720041089756172e+01	6.7880379065492889e+02
2.9740024544267445e+01	7.1821258733544062e+02
2.9760044696644272e+01	7.0896628238709923e+02
2.9780036281973889e+01	6.4535596551734170e+02
2.9800045648618568e+01	5.4801267414598999e+02
2.9820011213059324e+01	6.4012209983611149e+02
2.9840032988769206e+01	7.0327640601116957e+02
2.9860033864684578e+01	7.2037064591413082e+02
2.9880045293333588e+01	6.8968257067143156e+02
2.9900045068553229e+01	6.1311982478306993e+02
2.9920006223471621e+01	5.1498972582701333e+02
2.9940042285724608e+01	5.9911701643265144e+02
2.9960018492173603e+01	6.6639669006411043e+02
2.9980027832290087e+01	6.9876189944887312e+02
3.0000012496119318e+01	6.9673685308170479e+02
3.0020043859835692e+01	6.6004136705322242e+02
3.0040025997439294e+01	6.2375627033191381e+02
3.0060004925388860e+01	5.7290232611772467e+02
3.0080045116107936e+01	5.8572257975053526e+02
3.0100014043653189e+01	6.5727537132505086e+02
3.0120020678038195e+01	7.1106552418538308e+02
3.0140023077306555e+01	7.4584238134729594e+02
3.0160032099787973e+01	7.5734155699785674e+02
3.0180015016055176e+01	7.4042057447749551e+02
3.0200029355794349e+01	6.9014018843039344e+02
3.0220040391232331e+01	6.0839964834942532e+02
3.0240004721951639e+01	7.1392845149795187e+02
3.0260012490820010e+01	8.2658963586348500e+02
3.0280027153425390e+01	9.0286135697536838e+02
3.0300008291422461e+01	9.3648377510833905e+02
3.0320018092606968e+01	9.2185864884266311e+02
3.0340014669105074e+01	8.5746770966093095e+02
3.0360038879120236e+01	7.5024015102077226e+02
3.0380017975320456e+01	7.8166663338067872e+02
3.0400016183261979e+01	8.8513001554188702e+02
3.0420028340640563e+01	9.4062789131987245e+02
3.0440006755656828e+01	9.3869534816460782e+02
3.0460013943383931e+01	8.8471153282807461e+02
3.0480024520585044e+01	7.8694794074997139e+02
3.0500021173333717e+01	6.5955315379709987e+02
3.0520015547661416e+01	6.4717908911924712e+02
3.0540035801380096e+01	6.8387148335682423e+02
3.0560032237920534e+01	8.0313971601043249e+02
3.0580006509593932e+01	9.0463418951338281e+02
3.0600016847302477e+01	9.7908120535762941e+02
3.0620025310865302e+01	1.0157923966624073e+03
3.0640024406273806e+01	1.0193430576509045e+03
3.0660010203868552e+01	9.9500139642870806e+02
3.0680006881655618e+01	9.4428049341161397e+02
3.0700003630338760e+01	8.6824322920898771e+02
3.0720011468537887e+01	7.7588562228004980e+02
3.0740017230871789e+01	8.1331378603821122e+02
3.0760031750550684e+01	8.5353593852405595e+02
3.0780003062565413e+01	8.8474960557669147e+02
3.0800034272576319e+01	9.0868944188836247e+02
3.0820027826816400e+01	9.2724416822714647e+02
3.0840015751748801e+01	9.4452025617291463e+02
3.0860026952390751e+01	9.5941132257099912e+02
3.0880022357221932e+01	9.6742117877560054e+02
3.0900000250503492e+01	9.6426799520417148e+02
3.0920027939902685e+01	9.4761434407885884e+02
3.0940005454759291e+01	9.1006887243185042e+02
3.0960005407181580e+01	8.5505436390353987e+02
3.0980034205799402e+01	7.8077009085299642e+02
3.1000037311000000e+01	6.8581920037359873e+02
3.1020035021896749e+01	6.6582175392114277e+02
3.1040038340392645e+01	6.2194975890129137e+02
3.1060044985707250e+01	6.3258187826919959e+02
3.1080010877627320e+01	7.4614359734892298e+02
3.1100017772144088e+01	8.4464412411634180e+02
3.1120020279002631e+01	9.2106360009668003e+02
3.1140011452200746e+01	9.7247701103292627e+02
3.1160003214275353e+01	9.9752231648206453e+02
3.1180024211370160e+01	9.9896187668842879e+02
3.1200010557754691e+01	9.8248069828297275e+02
3.1220022516630944e+01	9.5643245967489770e+02
3.1240024818097069e+01	9.2644413505741250e+02
3.1260033541529044e+01	8.9616206544961176e+02
3.1280007957874677e+01	8.6999283725798864e+02
3.1300024485379776e+01	8.5157275360769779e+02
3.1320026157845305e+01	8.4286619643330243e+02
3.1340035991399162e+01	8.4484217184416445e+02
3.1360029740044777e+01	8.5690550725846333e+02
3.1380034194508283e+01	8.7914244475018018e+02
3.1400004075975847e+01	9.1013508437297219e+02
3.1420011745676863e+01	9.4505268204789456e+02
3.1440013298876917e+01	9.8032399225559197e+02
3.1460005841668089e+01	1.0118552005566690e+03
3.1480007886153917e+01	1.0315878998269038e+03
3.1500001338906255e+01	1.0300140270415782e+03
3.1520001906508107e+01	9.9649528087070689e+02
3.1540020332255924e+01	9.1788210732257085e+02
3.1560039240790520e+01	7.9105793394331965e+02
3.1580006506446992e+01	7.7809109235840845e+02
3.1600025914025672e+01	8.7821419571175511e+02
3.1620006271218294e+01	9.3290348521071792e+02
3.1640028831187514e+01	9.3723851898656574e+02
3.1660003165530810e+01	8.9382113320469011e+02
3.1680017945823465e+01	8.0556097586518888e+02
3.1700007466318567e+01	6.7535018674939704e+02
3.1720039899757854e+01	6.5201934766687737e+02
3.1740039470035502e+01	7.0358552737512036e+02
3.1760016244195882e+01	7.1787564486051872e+02
3.1780029635805157e+01	7.8186100036630376e+02
3.1800008631787644e+01	7.0283640152210580e+02
3.1820013508962457e+01	6.7324281075930253e+02
3.1840046174546544e+01	6.7589256918018020e+02
3.1860028012305875e+01	8.4350068780188008e+02
3.1880040570361768e+01	7.6260932642958710e+02
3.1900000357214761e+01	7.1272072735972790e+02
3.1920002099721753e+01	6.8237095632507703e+02
3.1940010915943446e+01	8.2849737088060738e+02
3.1960004967379604e+01	8.3048529650756586e+02
3.1980009239380443e+01	8.4744344329738431e+02
3.2000007308762775e+01	7.7403043653161421e+02
3.2020028119975642e+01	7.4008845559486599e+02
3.2040016488345266e+01	6.7423386968927139e+02
3.2060040538547369e+01	6.6389553074768571e+02
3.2080014715582713e+01	7.4834218060259150e+02
3.2100038435600787e+01	6.8110329277074595e+02
3.2120019110488805e+01	7.0458170453989794e+02
3.2140004392002389e+01	7.6180202164796754e+02
3.2160026415993443e+01	8.0774455511407393e+02
3.2180031272824571e+01	7.9206482525969750e+02
3.2200030003663919e+01	8.1229640343343476e+02
3.2220030351966599e+01	6.9516681382225772e+02
3.2240013657436606e+01	7.0734066933062093e+02
3.2260018083575908e+01	7.5133438875674665e+02
3.2280003091275674e+01	8.7680048886053146e+02
3.2300017788501613e+01	6.9077051123829006e+02
3.2320025155783476e+01	7.5887113457296414e+02
3.2340014096109975e+01	6.5194875180031170e+02
3.2360028465378846e+01	8.7723031729490049e+02
3.2380033196330757e+01	7.2557366610356030e+02
3.2400017233151779e+01	8.0020356519392908e+02
3.2420042935297197e+01	6.5540821816716277e+02
3.2440022540915777e+01	7.3862560856727396e+02
3.2460007168283930e+01	7.4996998851421483e+02
3.2480019670622319e+01	8.5029556354919089e+02
3.2500011509598096e+01	8.2902575429014371e+02
3.2520011973104829e+01	8.1934275665687630e+02
3.2540020601197362e+01	8.9600473213193982e+02
3.2560025790553823e+01	7.8014600293162948e+02
3.2580022007839226e+01	8.3019804202653643e+02
3.2600016033518827e+01	8.4415689643859230e+02
3.2620012206040904e+01	8.4056135040982053e+02
3.2640031823350405e+01	9.3534341235274735e+02
3.2660023546561916e+01	1.0084304886777695e+03
3.2680022572165505e+01	8.1717452190665290e+02
3.2700004608669332e+01	9.5733824089331904e+02
3.2720001837978067e+01	9.5996054569387127e+02
3.2740040395435628e+01	7.2915944663417201e+02
3.2760018404996437e+01	8.1525932806377898e+02
3.2780028259081327e+01	7.9004629803961848e+02
3.2800034192142668e+01	6.2799393238154028e+02
3.2820012032914235e+01	7.7958660843309656e+02
3.2840023344104836e+01	8.0445145221201290e+02
3.2860012471442133e+01	6.4498505994078198e+02
3.2880018039826652e+01	7.2139051960661595e+02
3.2900024065504084e+01	7.6130557839657422e+02
3.2920013561193819e+01	7.2905326595275062e+02
3.2940039947034848e+01	7.8069726967707527e+02
3.2960021681480399e+01	9.4242575691195464e+02
3.2980017534135420e+01	9.2135671402294827e+02
3.3000000617180554e+01	8.3946110028263240e+02
3.3020028093650048e+01	9.6636952620964564e+02
3.3040000827856758e+01	8.7176712616730470e+02
3.3060005330314155e+01	6.3755661320004833e+02
3.3080034728438569e+01	6.3896080304317093e+02
3.3100009316655630e+01	8.1141670776067178e+02
3.3120016364939929e+01	7.6209405870345495e+02
3.3140038060656401e+01	8.2351814633259323e+02
3.3160026849002158e+01	8.4648267367930441e+02
3.3180033454217899e+01	6.4935277391886359e+02
3.3200040967935003e+01	5.7528116405196158e+02
3.3220007070539737e+01	7.3694508454930872e+02
3.3240024288733188e+01	7.9179179325146504e+02
3.3260022536564868e+01	7.0251973718857687e+02
3.3280012315754007e+01	8.6055575168015719e+02
3.3300017470111626e+01	8.4736665306556131e+02
3.3320010233464302e+01	6.7450862044866210e+02
3.3340014571552700e+01	8.0144016651430707e+02
3.3360018194250820e+01	7.8542719906201955e+02
3.3380047554657693e+01	6.1514562523351788e+02
3.3400039269925990e+01	7.4568025448399760e+02
3.3420032506787912e+01	7.6975262217878969e+02
3.3440038736633966e+01	6.3770115819723230e+02
3.3460013007095256e+01	7.6876100362485613e+02
3.3480005019768221e+01	8.4636951518831199e+02
3.3500039163595702e+01	7.3808046165086228e+02
3.3520018601237389e+01	8.2702693359047362e+02
3.3540031439910074e+01	9.2508944244630220e+02
3.3560019906408435e+01	7.7756967882637866e+02
3.3580003401369872e+01	7.4854846071996405e+02
3.3600038261960350e+01	7.2049492518545344e+02
3.3620019004963744e+01	6.1151653672197415e+02
3.3640024711916269e+01	7.2399274161903236e+02
3.3660026625982283e+01	8.6327905582137089e+02
3.3680012451633679e+01	7.4272309461946452e+02
3.3700024543597230e+01	7.0263223573837206e+02
3.3720031418442488e+01	7.7994105935094365e+02
3.3740046299716703e+01	6.5448187990102258e+02
3.3760040135215576e+01	7.3261272599698418e+02
3.3780000830074457e+01	8.4128480853816325e+02
3.3800041557365091e+01	7.5180838384669858e+02
3.3820037373047647e+01	6.8009111128407767e+02
3.3840037062738695e+01	8.4651082845223368e+02
3.3860029446727118e+01	8.3203219675891205e+02
3.3880017929842161e+01	6.4474841867014652e+02
3.3900020768611988e+01	7.7003910610955552e+02
3.3920004350189124e+01	8.5058809236259049e+02
3.3940004234231445e+01	7.6759348310857354e+02
3.3960000391367949e+01	6.1490826325451394e+02
3.3980000964285495e+01	7.8361417422739851e+02
3.4000001049849899e+01	8.3152574255384275e+02
3.4020013655337955e+01	7.4127616939509460e+02
3.4040041252173801e+01	6.5540081883112168e+02
3.4060034637139431e+01	8.1199581968118275e+02
3.4080014906821141e+01	8.5538443905799500e+02
3.4100028948948456e+01	7.7693761536345050e+02
3.4120037999801994e+01	6.8364651838170721e+02
3.4140032656245936e+01	8.3460111072831353e+02
3.4160008258991319e+01	8.8648495092854978e+02
3.4180010313402654e+01	8.2935794432786190e+02
3.4200007670132280e+01	6.9362612364164147e+02
3.4220036388697672e+01	7.8626297407800621e+02
3.4240032655405145e+01	8.4676181278685408e+02
3.4260008379294284e+01	8.2198808592830994e+02
3.4280024446334110e+01	7.2788647452194562e+02
3.4300032814172731e+01	6.2887030795970020e+02
3.4320004086094727e+01	7.0445710185206531e+02
3.4340014439748131e+01	7.2206238682635706e+02
3.4360023195846949e+01	6.8193663296584123e+02
3.4380029740889334e+01	6.0520067644608514e+02
3.4400014228810441e+01	6.6675282492581982e+02
3.4420036730726174e+01	7.0995912435713797e+02
3.4440008903167623e+01	6.7054713922197345e+02
3.4460021162512618e+01	6.3516995265633750e+02
3.4480036035414471e+01	6.1510890998030982e+02
3.4500044958317389e+01	6.7579743738382513e+02
3.4520024065161863e+01	6.3143169569958593e+02
3.4540046399932528e+01	5.8817555550212774e+02
3.4560017694537514e+01	6.7143126717580992e+02
3.4580040255171447e+01	7.1896306766829139e+02
3.4600026914163287e+01	7.2469259238107986e+02
3.4620013168870358e+01	6.9127085356279042e+02
3.4640018913401107e+01	6.3065889575768767e+02
3.4660045670678493e+01	5.5823215822622421e+02
3.4680031915438960e+01	5.7786186163523109e+02
3.4700010251945095e+01	5.6563465479479930e+02
3.4720046791033916e+01	5.5894723449563890e+02
3.4740040542586577e+01	5.5854566902155511e+02
3.4760005510439704e+01	5.3040137967793476e+02
3.4780025951305795e+01	6.4094878177829889e+02
3.4800035164172073e+01	5.7952679433939795e+02
3.4820038691897523e+01	5.5372487985830765e+02
3.4840021652510686e+01	5.7865668519104929e+02
3.4860027819130849e+01	5.1095571122198152e+02
3.4880034170928688e+01	5.2342931371758880e+02
3.4900044372026620e+01	5.7359824682853173e+02
3.4920004939192197e+01	5.1331443222942858e+02
3.4940039685825745e+01	5.9514189637271659e+02
3.4960001892676843e+01	5.6936319844525735e+02
3.4980009758954132e+01	4.7946175281910439e+02
3.5000047406202512e+01	4.7527425222715061e+02
3.5020052200530024e+01	4.6806345519607089e+02
3.5040008976433178e+01	4.9222351112080713e+02
3.5060006482859350e+01	5.7277428045006707e+02
3.5080033337784478e+01	5.2034258748313505e+02
3.5100042961390123e+01	5.3023507931535619e+02
3.5120034729927454e+01	5.4276123064983778e+02
3.5140004402782552e+01	5.3181168520903009e+02
3.5160033480464243e+01	5.3237023645967508e+02
3.5180040356262978e+01	5.1255058853094522e+02
3.5200064839781277e+01	4.7030769434952600e+02
3.5220038315466560e+01	4.8871574599241109e+02
3.5240003533982275e+01	5.5222843283054840e+02
3.5260003754208746e+01	6.0946031741501986e+02
3.5280004610881178e+01	6.3359101626367976e+02
3.5300008022969656e+01	6.2141895148922913e+02
3.5320011235939454e+01	5.8211496815331805e+02
3.5340033152452129e+01	5.3573315421201062e+02
3.5360001546278014e+01	5.0720072442562287e+02
3.5380036459985384e+01	4.7888547575534250e+02
3.5400066219563080e+01	4.5376358160227039e+02
3.5420014213293200e+01	4.8121012835474329e+02
3.5440002775584752e+01	5.2652988668602620e+02
3.5460040531877098e+01	5.5134211963191535e+02
3.5480009777729407e+01	5.5404750975018601e+02
3.5500010119191344e+01	6.1913314728326600e+02
3.5520011434108376e+01	6.8702381622938810e+02
3.5540024158416635e+01	7.0420351348348356e+02
3.5560015733108031e+01	6.9504779318913461e+02
3.5580035723168763e+01	6.4402054357726445e+02
3.5600037433857459e+01	5.9444726484495163e+02
3.5620001431035632e+01	6.0759655151542347e+02
3.5640030041574867e+01	6.9269825288378399e+02
3.5660030068220621e+01	6.9704135262623981e+02
3.5680003837199209e+01	7.0660125982325360e+02
3.5700036144146992e+01	6.5977713181235811e+02
3.5720020038397003e+01	5.2985342721332972e+02
3.5740023089508277e+01	5.2224241712426362e+02
3.5760049621059395e+01	4.9726952838611010e+02
3.5780032775991273e+01	5.0703384025623382e+02
3.5800008144395562e+01	4.9770354786150409e+02
3.5820055772978755e+01	4.7181663939573258e+02
3.5840065517220609e+01	4.5198861000917520e+02
3.5860013576479517e+01	4.0299035571945331e+02
3.5880022565259416e+01	4.1106596376762644e+02
3.5900005205972825e+01	4.2579051582837212e+02
3.5920038979896823e+01	4.3365483875103195e+02
3.5940008743572420e+01	4.6164821538953322e+02
3.5960025054647929e+01	4.5885586174024979e+02
3.5980018495793459e+01	4.2169651619679411e+02
3.6000033989874439e+01	4.2186632629541259e+02
3.6020000919877290e+01	4.5435450361007941e+02
3.6040069400742532e+01	4.4824096050390267e+02
3.6060006124713041e+01	4.4244803932898554e+02
3.6080052764654496e+01	4.1943347474317414e+02
3.6100033067684777e+01	4.4466767855678131e+02
3.6120034749637547e+01	4.2274672384424599e+02
3.6140012554922521e+01	4.2735272865645896e+02
3.6160069348121922e+01	4.2285956565237097e+02
3.6180016130305404e+01	3.7900736733917824e+02
3.6200009036294958e+01	3.6698945230257550e+02
3.6220024399208619e+01	4.1369022498185439e+02
3.6240017075218297e+01	4.0726946631667698e+02
3.6260050518482466e+01	4.0804203783240388e+02
3.6280038029732388e+01	4.3189203490260513e+02
3.6300000081059522e+01	4.4699200691357004e+02
3.6320051469297333e+01	4.0302507576934005e+02
3.6340038739094787e+01	4.5354222854859563e+02
3.6360008909865876e+01	4.7932588736753252e+02
3.6380076094333354e+01	4.0595444075078797e+02
3.6400046939128323e+01	4.1625683717023372e+02
3.6420032192922093e+01	4.4760909704361916e+02
3.6440016960776084e+01	4.1063900200144252e+02
3.6460059247371788e+01	4.1213072615575675e+02
3.6480066195463273e+01	3.9771901941851115e+02
3.6500070292768200e+01	3.6478061702182282e+02
3.6520044910541905e+01	3.9905733532996743e+02
3.6540045443232664e+01	4.1259017456949374e+02
3.6560004958124473e+01	3.6457835643116550e+02
3.6580021332119721e+01	4.1446531958437987e+02
3.6600005584940305e+01	4.0467558936205944e+02
3.6620032248745709e+01	4.1073957063305471e+02
3.6640002096551520e+01	4.4910806802790268e+02
3.6660007261351211e+01	4.4630467513629907e+02
3.6680052351230366e+01	4.0820210710137474e+02
3.6700018005721184e+01	4.7836489577598422e+02
3.6720016918738231e+01	4.9813642404064683e+02
3.6740030132318957e+01	4.4987008363860321e+02
3.6760041611936302e+01	4.0626195979505684e+02
3.6780025823586719e+01	4.4614898949973031e+02
3.6800042046563441e+01	5.1914552690348762e+02
3.6820046369428169e+01	5.2056625937259298e+02
3.6840041755574148e+01	5.7765878400705969e+02
3.6860043126348259e+01	5.1354366461301493e+02
3.6880030287748305e+01	5.7028351242698909e+02
3.6900046130341103e+01	6.0466422973626595e+02
3.6920015109408730e+01	4.8481110507057991e+02
3.6940041321594947e+01	6.2174039589409483e+02
3.6960007032181586e+01	6.7534831451219065e+02
3.6980040730883495e+01	6.5299366089972420e+02
3.7000033904948161e+01	5.5769099711231763e+02
3.7020036625166561e+01	5.7168576177072384e+02
3.7040026496473153e+01	7.2508626999593037e+02
3.7060033545346847e+01	7.6205059836017972e+02
3.7080038966441741e+01	6.8169666941343814e+02
3.7100043786405053e+01	6.1264389088190569e+02
3.7120028445756809e+01	6.9521491081324655e+02
3.7140006763459347e+01	7.1490299157057950e+02
3.7160045284458533e+01	6.6589202752537369e+02
3.7180017695937309e+01	5.7315513792682555e+02
3.7200020053840504e+01	7.2682774390915586e+02
3.7220034532971248e+01	8.0929841139730775e+02
3.7240040563746618e+01	7.6989981397124211e+02
3.7260015132836983e+01	6.1611616471518369e+02
3.7280023269656034e+01	5.8196531717606695e+02
3.7300012704544947e+01	7.4905985094727578e+02
3.7320027463386026e+01	8.0367761277881345e+02
3.7340017510370103e+01	6.8892444973998556e+02
3.7360019664408178e+01	5.7106884730922764e+02
3.7380033985945978e+01	7.9989699780544254e+02
3.7400014928460941e+01	8.4832653335352336e+02
3.7420012308811970e+01	6.8903667229160328e+02
3.7440014101454253e+01	6.4887850141464253e+02
3.7460000492498409e+01	8.4568137405105745e+02
3.7480005402855774e+01	8.2730734897536411e+02
3.7500000098004975e+01	6.9135992612183088e+02
3.7520041574711257e+01	7.3199952247098645e+02
3.7540027538935654e+01	7.9030731947957770e+02
3.7560001314250925e+01	7.4122377436449676e+02
3.7580029663555244e+01	6.8088283291694609e+02
3.7600007308066608e+01	7.1834820464177631e+02
3.7620039007707042e+01	6.7593303587911407e+02
3.7640033145687681e+01	7.7707040755893320e+02
3.7660017294509409e+01	8.1270017406286581e+02
3.7680020514884625e+01	7.7856754475316245e+02
3.7700007637081775e+01	6.8347498544872747e+02
3.7720018088495252e+01	7.0997062050195825e+02
3.7740019164626240e+01	7.3407502934111460e+02
3.7760032435010913e+01	7.5046009470446791e+02
3.7780025310694789e+01	7.7307022251849844e+02
3.7800004072692531e+01	7.8915035356477017e+02
3.7820013262193775e+01	7.9539749816713379e+02
3.7840032254338993e+01	7.8800719512753994e+02
3.7860029161056332e+01	8.0367120038778558e+02
3.7880019424972261e+01	7.8866115446051970e+02
3.7900034452766960e+01	7.1729209898235274e+02
3.7920007689707475e+01	6.9151096910955755e+02
3.7940025119924897e+01	8.1386488920718443e+02
3.7960010263913638e+01	8.7977101531558958e+02
3.7980036155763621e+01	8.7642493401525837e+02
3.8000024224970289e+01	8.0778474268045738e+02
3.8020043306086535e+01	7.1592082241400976e+02
3.8040034453452066e+01	7.0439286071281890e+02
3.8060016772098216e+01	7.4554876952832103e+02
3.8080023122174211e+01	8.9818136344658535e+02
3.8100006951252496e+01	9.8353189319182036e+02
3.8120012249156176e+01	1.0133348000425315e+03
3.8140011278448348e+01	1.0060910676901888e+03
3.8160022348264270e+01	9.7991325694897182e+02
3.8180029000441770e+01	9.5145552953264257e+02
3.8200023585423224e+01	9.3158148167463889e+02
3.8220001248036048e+01	9.2442672132646931e+02
3.8240011139146304e+01	9.2825027505392313e+02
3.8260016549421238e+01	9.3523413762531493e+02
3.8280023721684572e+01	9.3304867271218745e+02
3.8300005801382781e+01	9.0918356551722195e+02
3.8320030872481098e+01	8.4760997729726569e+02
3.8340038014683380e+01	7.3729724154681094e+02
3.8360055568730445e+01	5.6760033169886935e+02
3.8380015543219905e+01	6.4977081196575978e+02
3.8400002670837267e+01	7.1124298084886777e+02
3.8420006244364444e+01	6.9031114883778469e+02
3.8440017420064862e+01	5.7986417316211555e+02
3.8460051075227057e+01	6.2187342153971167e+02
3.8480027137906156e+01	7.2622123600788620e+02
3.8500015977748660e+01	7.0609642323757998e+02
3.8520024611698865e+01	5.8173700623966931e+02
3.8540033585062254e+01	6.3242144361400085e+02
3.8560021805800282e+01	7.2400088756137791e+02
3.8580027531651353e+01	7.2095909927169794e+02
3.8600020996871329e+01	6.5033166918473046e+02
3.8620005823025579e+01	5.4643457041802787e+02
3.8640048232513927e+01	5.6033290889255159e+02
3.8660005157022454e+01	6.1883113977952655e+02
3.8680026916550418e+01	6.4289268890069616e+02
3.8700026031403738e+01	6.4154521891457284e+02
3.8720050960030882e+01	6.2266620943088185e+02
3.8740042376730763e+01	5.8535967182594675e+02
3.8760012751797483e+01	5.5396499909099248e+02
3.8780000504990952e+01	6.0213663462322802e+02
3.8800023327771406e+01	6.5350080345585047e+02
3.8820006778886551e+01	7.6142972993777198e+02
3.8840009578157201e+01	8.1866318834966046e+02
3.8860026145838532e+01	7.6314121760917271e+02
3.8880024489922846e+01	6.8263258144537951e+02
3.8900027444774381e+01	8.4740020729445303e+02
3.8920009780422426e+01	8.0612541949365334e+02
3.8940014806422518e+01	5.4736265946836693e+02
3.8960027124217078e+01	7.4392982364665545e+02
3.8980009331725284e+01	8.7163151221422288e+02
3.9000020819786343e+01	7.1306493192203925e+02
3.9020007537759767e+01	9.7000029983903505e+02
3.9040011241844823e+01	9.0955370354477975e+02
3.9060034482075103e+01	5.8120207934419318e+02
3.9080042356808697e+01	7.3848272134987656e+02
3.9100017113222371e+01	9.4570150357025113e+02
3.9120007016734199e+01	9.3426330169582116e+02
3.9140006815428009e+01	7.2162962828232071e+02
3.9160012784455539e+01	7.6925414562540698e+02
3.9180015555391059e+01	7.2549593407658176e+02
3.9200002184197587e+01	9.2298418729217906e+02
3.9220024041832012e+01	1.0367019395309517e+03
3.9240022306370911e+01	1.0329085141636795e+03
3.9260000052312257e+01	9.1748128154359961e+02
3.9280011582077769e+01	8.0428212657692018e+02
3.9300025643179126e+01	9.1534792066342391e+02
3.9320013325780387e+01	8.7000937368466020e+02
3.9340024466170796e+01	7.8613189254662984e+02
3.9360005949012539e+01	8.4889188155448949e+02
3.9380019507385434e+01	8.3851399875005905e+02
3.9400020707628478e+01	8.7467972862386955e+02
3.9420021988981915e+01	7.7573005642099906e+02
3.9440031278672343e+01	9.6760162442143337e+02
3.9460021434346331e+01	8.5586686073128806e+02
3.9480033179709245e+01	6.6490641425155525e+02
3.9500011266369178e+01	8.8642945317011981e+02
3.9520023053319591e+01	9.5587466120791555e+02
3.9540026894238551e+01	7.8778827568671215e+02
3.9560041978153002e+01	6.4156491759210701e+02
3.9580031208950601e+01	6.9227978824492027e+02
3.9600028307553792e+01	6.7711588487613824e+02
3.9620001408189374e+01	6.4091680906826753e+02
3.9640037200783674e+01	5.2456631661908125e+02
3.9660000658017033e+01	5.5367870643443825e+02
3.9680025179082890e+01	6.0672558820543566e+02
3.9700005042499320e+01	5.9086092833502403e+02
3.9720005823673070e+01	5.4490159451690852e+02
3.9740044898385470e+01	5.6823087330222029e+02
3.9760046456324602e+01	6.0394528335345979e+02
3.9780045830201438e+01	6.1474220842722673e+02
3.9800044561263128e+01	5.7575214652905549e+02
3.9820010074580729e+01	5.9211812600745895e+02
3.9840007334912421e+01	6.2007568180539943e+02
3.9860037547769956e+01	5.3804680127823008e+02
3.9880033019207204e+01	6.1159363169783933e+02
3.9900035487830870e+01	6.2923615283010656e+02
3.9920042494171234e+01	5.6222272141161204e+02
3.9940050183251266e+01	5.5213519289264082e+02
3.9960038420866908e+01	5.9767345466396387e+02
3.9980024761170895e+01	5.8848135918121977e+02
4.0000000000000000e+01	6.0760048838147077e+02
