0.0000000000000000e+00	2.5026012714252581e+00
2.0098461748449474e-02	2.4561544125726607e+00
4.0053484918290957e-02	2.4498530438246782e+00
6.0114521925991746e-02	2.5243352040408880e+00
8.0041104139767325e-02	2.4832287845019936e+00
1.0008360826562006e-01	2.4674000162953402e+00
1.2000121572393921e-01	2.5166670478241566e+00
1.4003911688415352e-01	2.4917970880747768e+00
1.6007634294692699e-01	2.4601743814498889e+00
1.8011328704933058e-01	2.4719179055708143e+00
2.0002871032923200e-01	2.4564462801282332e+00
2.2006526442275687e-01	2.4684450229173933e+00
2.4010156282329057e-01	2.3782630407795553e+00
2.6001803586728112e-01	2.4088259223516126e+00
2.8005985250294674e-01	2.4611627122468240e+00
3.0010347835743245e-01	2.3808974530161691e+00
3.2002765972071262e-01	2.3209901100443209e+00
3.4007529122008795e-01	2.4210170176925843e+00
3.6000332473956098e-01	2.3625173365067722e+00
3.8005471365037435e-01	2.2587820914026460e+00
4.0010760623002956e-01	2.3454708535587643e+00
4.2004073139670633e-01	2.3667363283853091e+00
4.4009739050234364e-01	2.2283345116727640e+00
4.6003430277189050e-01	2.3041552256576336e+00
4.8009434103203513e-01	2.3630698148916744e+00
5.0003423985642359e-01	2.2810276961384854e+00
5.2009663564466013e-01	2.1632572512715629e+00
5.4003822512594513e-01	2.3455403474677210e+00
5.6010171321918667e-01	2.3548570101018456e+00
5.8004394220330435e-01	2.2644499795347679e+00
6.0010854405011871e-01	2.3282119408868467e+00
6.2005283130758670e-01	2.3140545603697587e+00
6.4012052046698498e-01	2.3298602449385171e+00
6.6006866241646400e-01	2.3014354511693416e+00
6.8001791178165294e-01	2.3158516494903174e+00
7.0008940594966751e-01	2.2700466086575970e+00
7.2003976100690315e-01	2.3008287043082363e+00
7.4011218782442822e-01	2.3222081019667695e+00
7.6006349288240949e-01	2.2654824973333518e+00
7.8001471516427967e-01	2.2312141482154448e+00
8.0008746170727763e-01	2.3312242699442742e+00
8.2003940161862698e-01	2.2137195831919696e+00
8.4011345658770353e-01	2.2478923615413287e+00
8.6006512181004824e-01	2.3339335111013781e+00
8.8001601888043690e-01	2.1894133232774760e+00
9.0008838012990888e-01	2.2127907525381252e+00
9.2003907781052219e-01	2.3185554420496945e+00
9.4011123412856568e-01	2.2470722774058998e+00
9.6006214035201276e-01	2.1584753471149605e+00
9.8001335292136871e-01	2.2694434219556681e+00
1.0000858792577880e+00	2.3017378001923774e+00
1.0200359696174413e+00	2.1415874983431218e+00
1.0401063205069894e+00	2.1758982176597592e+00
1.0600538982521619e+00	2.3165781114128827e+00
1.0800005481210155e+00	2.2568739161362097e+00
1.1000684919765935e+00	2.1419935053708210e+00
1.1200138983649286e+00	2.2659644539593562e+00
1.1400800560519886e+00	2.2790336783005731e+00
1.1600238051487313e+00	2.2425195169952712e+00
1.1800887369415307e+00	2.1429355575216102e+00
1.2000317917398593e+00	2.2938202164249257e+00
1.2200964787209747e+00	2.2339502135013340e+00
1.2400408480678178e+00	2.2035907284836891e+00
1.2601064532662802e+00	2.2190007610893909e+00
1.2800497236648518e+00	2.2793039513687297e+00
1.3001137610175983e+00	2.2164188301955341e+00
1.3200555711307069e+00	2.1539686533299371e+00
1.3401181357306884e+00	2.2623715739912353e+00
1.3600590468033167e+00	2.2395974859374057e+00
1.3800002937671989e+00	2.1662010663169258e+00
1.4000636722585529e+00	2.1502361907003946e+00
1.4200066059350489e+00	2.2808742215896665e+00
1.4400731635725335e+00	2.1767484596065980e+00
1.4600200201755540e+00	2.1546649416669204e+00
1.4800890737233479e+00	2.2187527254786223e+00
1.5000379542429076e+00	2.2744794986945918e+00
1.5201095772255682e+00	2.1171981922041359e+00
1.5400599481650135e+00	2.1499739057064780e+00
1.5600098756980492e+00	2.2638883877882732e+00
1.5800810750042256e+00	2.2375571161994592e+00
1.6000305327728688e+00	2.1361032073440245e+00
1.6201013791752235e+00	2.1505018315355038e+00
1.6400500736714223e+00	2.2789847123384694e+00
1.6601204956471300e+00	2.1745251000829215e+00
1.6800699909665704e+00	2.1421155718087692e+00
1.7000186700557403e+00	2.1920387227277938e+00
1.7200876839373653e+00	2.2645915148222659e+00
1.7400344049920677e+00	2.1693560235716460e+00
1.7601027831957476e+00	2.1288297481124756e+00
1.7800493037551450e+00	2.1998505321247812e+00
1.8001167841839913e+00	2.2421674513305905e+00
1.8200607861690437e+00	2.1403624247368076e+00
1.8400028856256665e+00	2.0933105742692861e+00
1.8600654811958655e+00	2.1831974385915056e+00
1.8800058118677179e+00	2.2241349245257727e+00
1.9000671372004898e+00	2.0911715649077336e+00
1.9200062677832623e+00	2.1317987946512953e+00
1.9400665099657282e+00	2.1788882848819835e+00
1.9600048158943517e+00	2.2081347137836183e+00
1.9800648003342931e+00	2.0782944118179767e+00
2.0000040636746657e+00	2.1887524994403975e+00
2.0200666442984718e+00	2.1475995427199113e+00
2.0400092412704551e+00	2.1938458050737086e+00
2.0600724510479518e+00	2.1581597239862957e+00
2.0800125737021293e+00	2.1179373234375976e+00
2.1000729891893157e+00	2.1478926719647076e+00
2.1200106517483657e+00	2.1746605773461751e+00
2.1400687613635561e+00	2.0916544050931329e+00
2.1600042501970309e+00	2.1328316695437701e+00
2.1800606022169404e+00	2.1559652373966425e+00
2.2001160221473701e+00	2.1366909807258700e+00
2.2200484958971360e+00	2.0609967638073710e+00
2.2401023534321007e+00	2.1341255189168993e+00
2.2600350109722043e+00	2.1595747853150713e+00
2.2800896086715596e+00	2.1031856898438304e+00
2.3000227263489612e+00	2.0874474692733442e+00
2.3200779248459895e+00	2.1186874420918991e+00
2.3400120929681756e+00	2.1384312444179554e+00
2.3600680428686549e+00	2.0975588369600020e+00
2.3800016441296972e+00	2.1103262221311438e+00
2.4000546984590767e+00	2.1051708505831810e+00
2.4201061511821691e+00	2.1277173850376343e+00
2.4400344450817943e+00	2.0908977001305291e+00
2.4600831633219031e+00	2.1182454403268123e+00
2.4800096123753739e+00	2.1020166265269262e+00
2.5000571870866315e+00	2.1390211723764727e+00
2.5201042918256333e+00	2.1255376460671198e+00
2.5400297359129422e+00	2.1565293437526001e+00
2.5600772720901932e+00	2.1828816535907243e+00
2.5800050757923754e+00	2.1257659485630360e+00
2.6000551026795415e+00	2.1518386154710312e+00
2.6201050207766632e+00	2.0962098900537773e+00
2.6400329204650581e+00	2.1696671754218264e+00
2.6600812109102252e+00	2.1945569136374927e+00
2.6800074712128006e+00	2.1583537125518717e+00
2.7000552591017657e+00	2.1294741984698367e+00
2.7201027222049445e+00	2.0777954840593527e+00
2.7400274169269210e+00	2.1859868422719830e+00
2.7600709209954895e+00	2.1512846766630886e+00
2.7801129303240004e+00	2.1051332923201849e+00
2.8000340627855271e+00	2.1496108703066570e+00
2.8200773092817881e+00	2.1492204613246155e+00
2.8401207342135075e+00	2.1777226283652156e+00
2.8600430924088718e+00	2.1883553900511070e+00
2.8800859512489669e+00	2.1760623453328880e+00
2.9000063995948722e+00	2.1929513616179195e+00
2.9200478968421639e+00	2.2138338551930508e+00
2.9400895379865459e+00	2.2179024074422480e+00
2.9600098139371385e+00	2.2345696924431033e+00
2.9800510116171863e+00	2.2722371637748662e+00
3.0000911997265893e+00	2.3205912910621533e+00
3.0200077914262469e+00	2.3911032841869551e+00
3.0400422150613493e+00	2.4458621346894676e+00
3.0600738024020155e+00	2.4822610345769194e+00
3.0801028191392676e+00	2.5070195754150189e+00
3.1000082482124642e+00	2.5210120773692455e+00
3.1200333990903935e+00	2.5107765317884598e+00
3.1400559165979840e+00	2.4824861184213436e+00
3.1600769623817797e+00	2.5457829850013702e+00
3.1800957263211012e+00	2.6637334236913945e+00
3.2001105987758272e+00	2.7622772515083813e+00
3.2201202996907656e+00	2.8355719824828403e+00
3.2400035768177387e+00	2.8791633859827184e+00
3.2600082370228076e+00	2.8990474075836814e+00
3.2800158154542141e+00	2.8874244880301601e+00
3.3000218968394401e+00	2.8448807346818352e+00
3.3200280224059169e+00	2.7796225930531264e+00
3.3400324269653852e+00	2.7034277357614283e+00
3.3600344209979158e+00	2.6307421283863786e+00
3.3800361241230958e+00	2.5742547491572871e+00
3.4000374475284887e+00	2.6406723154734557e+00
3.4200376401286641e+00	2.6807261002676799e+00
3.4400371478788720e+00	2.6935551351058571e+00
3.4600358235674387e+00	2.6795802023502029e+00
3.4800335869984145e+00	2.6404716204923475e+00
3.5000310214725867e+00	2.5746867196059107e+00
3.5200287668346295e+00	2.5374206897345184e+00
3.5400273955695107e+00	2.6070584591322454e+00
3.5600262650032826e+00	2.6641523761693007e+00
3.5800244893565245e+00	2.7099286492623480e+00
3.6000217167634654e+00	2.7481598287048468e+00
3.6200173769402251e+00	2.7793730696041217e+00
3.6400118584877399e+00	2.8037049541446786e+00
3.6600060507082741e+00	2.8226235433737692e+00
3.6800004034812535e+00	2.8345813485787832e+00
3.7001154155505791e+00	2.8380781907010255e+00
3.7201060867243174e+00	2.8347404707288182e+00
3.7400920885783506e+00	2.8242859594899667e+00
3.7600724048872776e+00	2.8057791680718651e+00
3.7800485998563005e+00	2.7764656671702626e+00
3.8000244650278043e+00	2.7340898988487030e+00
3.8200002040915897e+00	2.6783268946390097e+00
3.8400970314862488e+00	2.7616228181824365e+00
3.8600735100902073e+00	2.8426932705400749e+00
3.8800543204352476e+00	2.8972732390009615e+00
3.9000357370660783e+00	2.9216597481561131e+00
3.9200176946809919e+00	2.9647311809484580e+00
3.9401189096555842e+00	2.9684792717246076e+00
3.9600944098299640e+00	2.9423790275243169e+00
3.9800658616734519e+00	2.9827434478740558e+00
4.0000349687253882e+00	3.0291675696362295e+00
4.0201197619310429e+00	3.2424974759486180e+00
4.0400743404273687e+00	3.4307649743902018e+00
4.0600201678659964e+00	3.5388438415266963e+00
4.0800790124999953e+00	3.5283233564449206e+00
4.1000084841001092e+00	3.4091561968111295e+00
4.1200495268590478e+00	3.5010662998659301e+00
4.1400808011331058e+00	3.5960984670262919e+00
4.1601013421936734e+00	3.8127790478875236e+00
4.1801131776566098e+00	3.9922272404867591e+00
4.2000045108431205e+00	4.1026526727355836e+00
4.2200164770816890e+00	4.1285223925775565e+00
4.2400293103381372e+00	4.0727292211454911e+00
4.2600429144303584e+00	4.2745669255410608e+00
4.2800586743378748e+00	4.2710520622923873e+00
4.3000789533470893e+00	4.0606643442722694e+00
4.3201046792755164e+00	4.1482321952119188e+00
4.3400140174954478e+00	4.2131073921787534e+00
4.3600441074380525e+00	4.4729039432840567e+00
4.3800675993750824e+00	4.7107712354351294e+00
4.4000908902621081e+00	4.8510577203553691e+00
4.4201107285029906e+00	5.1753346795286754e+00
4.4401120060017831e+00	5.1880816127114082e+00
4.4600961815469518e+00	4.9517311353429267e+00
4.4800679532323002e+00	5.1012559398298754e+00
4.5000268908663061e+00	5.6663597857809220e+00
4.5200965824840607e+00	5.9938844494879042e+00
4.5400398721838666e+00	6.3092394438613679e+00
4.5600999390869150e+00	6.4653901849860933e+00
4.5800396006024968e+00	6.0668418410564682e+00
4.6000986446129337e+00	5.9915326166674499e+00
4.6200385802536150e+00	6.5705535549575416e+00
4.6401022101362672e+00	7.0808796388891952e+00
4.6600494552752538e+00	7.1440917110667570e+00
4.6800007746647445e+00	7.4694078157176893e+00
4.7000820572372577e+00	7.1572425082839670e+00
4.7200498230115366e+00	7.6526408000217181e+00
4.7400178908176596e+00	8.2802672250363454e+00
4.7601056610079873e+00	8.4024928538376997e+00
4.7800711445229522e+00	9.0862358365202365e+00
4.8000251295422292e+00	9.3094389190802271e+00
4.8200886655212196e+00	1.0064356896601341e+01
4.8400266582043274e+00	9.9995835145302756e+00
4.8600860018887788e+00	1.0398457471986935e+01
4.8800254109640262e+00	1.1119123078481641e+01
4.9000859644098105e+00	1.0633893365416050e+01
4.9200248998341873e+00	1.1155463100026493e+01
4.9400855626131532e+00	1.1286521000863486e+01
4.9600319995071835e+00	1.1035082674263144e+01
4.9800958687342209e+00	1.0624673202068925e+01
5.0000308962786786e+00	1.0596769824541981e+01
5.0200771687791219e+00	1.1245004130169557e+01
5.0401190786860113e+00	1.1151293453895743e+01
5.0600356392134938e+00	1.2013462888856484e+01
5.0800692519606088e+00	1.1718115598585181e+01
5.1000988165172068e+00	1.1430321597978452e+01
5.1200028210089616e+00	1.2162277112673083e+01
5.1400190676005328e+00	1.2923020280796278e+01
5.1600261824458844e+00	1.3533898214966325e+01
5.1800259552013248e+00	1.3422151013948348e+01
5.2000183006318155e+00	1.3904159022364841e+01
5.2200018710240963e+00	1.4242511606380665e+01
5.2400972809859114e+00	1.6407287225810212e+01
5.2600653887322686e+00	1.5595973420996144e+01
5.2800283178183607e+00	1.6542687764459412e+01
5.3001055952244549e+00	1.4466830531818934e+01
5.3200523305804079e+00	1.6519078827823058e+01
5.3401070908377513e+00	1.7652467938395503e+01
5.3600334183062230e+00	1.8490864745853710e+01
5.3800776423978416e+00	1.8591006331606113e+01
5.4000109091265376e+00	1.7864701103225965e+01
5.4200712137316271e+00	1.6975416692564064e+01
5.4400078057523373e+00	1.7080977752935329e+01
5.4600568430447662e+00	1.6840851471895327e+01
5.4801086858907553e+00	1.8815617333356208e+01
5.5000420505007241e+00	1.9510148582085868e+01
5.5200978186497673e+00	1.8758131590946302e+01
5.5400363485705970e+00	1.9084285801828610e+01
5.5600829493920818e+00	1.8850025761873869e+01
5.5800003527085211e+00	2.2923309804045903e+01
5.6000398600627390e+00	2.3449411273835825e+01
5.6200814798855827e+00	2.6751962438259589e+01
5.6400004847955909e+00	3.0603528532379972e+01
5.6600389695892535e+00	2.8788661958101809e+01
5.6800809687859397e+00	3.3860109358913014e+01
5.7000037640938723e+00	2.9946966098004438e+01
5.7200475693590436e+00	2.9698006447296081e+01
5.7400947472320789e+00	3.6081006902533851e+01
5.7600397625287671e+00	3.5097298206721049e+01
5.7801033283648628e+00	4.3316650649082135e+01
5.8000366567287340e+00	4.3114932686509746e+01
5.8200852768144511e+00	3.5629815054779435e+01
5.8400191800298344e+00	3.7017928185080123e+01
5.8600611775646243e+00	3.5446952697224411e+01
5.8800935639387646e+00	3.5740288776910617e+01
5.9000068435448974e+00	3.7369824513291846e+01
5.9200375784742665e+00	3.9043901685614031e+01
5.9400691317818035e+00	3.7378787069196093e+01
5.9601076968698363e+00	3.3526928675736158e+01
5.9800282021212130e+00	3.2431391930040107e+01
6.0000653571762932e+00	3.3098615365411966e+01
6.0201040426546548e+00	3.1744625916578997e+01
6.0400242943009950e+00	2.9727071862645115e+01
6.0600524301808285e+00	3.3848233709733684e+01
6.0800696734305699e+00	3.2789911550782556e+01
6.1000627121223738e+00	2.9679287171916769e+01
6.1200361103114167e+00	3.2613000150196960e+01
6.1400091723310437e+00	3.5918370214008419e+01
6.1600970983570358e+00	3.6871114730908140e+01
6.1800541034503231e+00	3.3776885165620378e+01
6.2000015418153120e+00	3.6490349648235764e+01
6.2200600118571527e+00	4.2224662439599342e+01
6.2400874659160390e+00	4.6351084150312914e+01
6.2601113493249176e+00	4.0914238929941682e+01
6.2800341590130477e+00	4.2658186498429636e+01
6.3000833466890338e+00	3.9133354272698334e+01
6.3200053539677601e+00	3.8970560469210412e+01
6.3400258755622705e+00	3.8530837038097069e+01
6.3600348035813834e+00	4.5402234205854995e+01
6.3800291686947093e+00	4.9415310287673350e+01
6.4000040932808959e+00	5.1078534957719341e+01
6.4200874175956315e+00	4.8412784898134369e+01
6.4400387657126519e+00	4.9018720448408530e+01
6.4601056679181070e+00	5.1910149334636756e+01
6.4800609240335634e+00	5.4379726949540526e+01
6.5000253257539056e+00	5.7574010837081246e+01
6.5201139307594627e+00	5.9363921325796134e+01
6.5400894290817053e+00	5.7587319309911003e+01
6.5600660007860450e+00	5.3670624703858621e+01
6.5800388542178379e+00	4.8887729096337743e+01
6.6000019825616052e+00	4.5274278100149843e+01
6.6200714587674039e+00	4.3635396079978598e+01
6.6400177304914410e+00	4.2787648677994738e+01
6.6600840237759460e+00	4.2121843691106839e+01
6.6800274479389712e+00	4.7690740456180762e+01
6.7000795800881887e+00	4.7116873258341514e+01
6.7200179827442579e+00	5.0826909023406692e+01
6.7400777552439237e+00	5.1122347698967459e+01
6.7600023541481482e+00	4.5052925946921420e+01
6.7800394766241006e+00	5.0916470229805576e+01
6.8000797580425267e+00	5.3604252914417131e+01
6.8201090702477707e+00	4.9897130485759028e+01
6.8400037605519790e+00	5.2969942174880529e+01
6.8600149941071020e+00	4.5527782606929634e+01
6.8800324147439280e+00	5.8748266877427994e+01
6.9000317513243346e+00	5.1509292186920540e+01
6.9200168214094262e+00	5.5271144997262702e+01
6.9401119798916184e+00	5.3634845443841385e+01
6.9600868646907923e+00	4.6398163549390205e+01
6.9800573376903330e+00	4.8574302318113276e+01
7.0000276172988860e+00	4.6443406874615299e+01
7.0200027168051804e+00	4.5926210993554520e+01
7.0401074660816638e+00	4.7283078559519574e+01
7.0601069445900766e+00	5.0025568896384534e+01
7.0800030079913903e+00	4.6050404609595638e+01
7.1000098404655816e+00	4.4597489647909789e+01
7.1200057235505305e+00	4.6232439994486469e+01
7.1401128610024669e+00	4.3760366921828329e+01
7.1600950188800399e+00	4.3817798246064129e+01
7.1800713174522448e+00	4.3354237076459491e+01
7.2000474796145015e+00	4.3437001612549224e+01
7.2200245658309035e+00	4.3928461119215328e+01
7.2401134943236016e+00	4.5135463385538067e+01
7.2601049802538098e+00	4.5580272694405537e+01
7.2800027213398595e+00	4.6942187066541791e+01
7.3000281363639257e+00	4.8318723628680729e+01
7.3200605284197753e+00	4.8521052989520172e+01
7.3400903461638114e+00	4.6099868463865150e+01
7.3601093382575158e+00	5.2292809593212411e+01
7.3800023638414132e+00	5.1303168484282800e+01
7.4000196588377518e+00	4.7407683447307981e+01
7.4200376419801657e+00	4.9518746470255046e+01
7.4400441224718072e+00	5.2713137415421222e+01
7.4600291081097421e+00	4.6847723658727723e+01
7.4801059083643251e+00	5.0361389020863058e+01
7.5000524759887499e+00	5.4594585597761728e+01
7.5200041338743446e+00	5.3101862844041435e+01
7.5401006381565887e+00	6.0421324539767120e+01
7.5601153296860586e+00	5.6853885052911025e+01
7.5800056490336640e+00	6.1966612706285822e+01
7.6000478598850192e+00	6.1786671753104876e+01
7.6201121517406074e+00	7.8323562382253385e+01
7.6400581800999383e+00	6.9204598113132519e+01
7.6601087397146284e+00	7.9040004803879469e+01
7.6800210534004751e+00	6.4943280103174857e+01
7.7000306141562431e+00	6.9408929869713205e+01
7.7200347496062811e+00	7.7809074315527667e+01
7.7400489083534358e+00	6.6243855453699283e+01
7.7600680046315516e+00	7.0491586153943956e+01
7.7800890441600226e+00	7.5766142861334842e+01
7.8001131417027914e+00	7.3740533560559811e+01
7.8200309984675149e+00	7.3173753716470728e+01
7.8400814755724442e+00	7.4756216501170641e+01
7.8600103776384271e+00	6.7930125479713297e+01
7.8800591898618011e+00	7.0106041808373163e+01
7.9000094492705033e+00	7.1855474701839242e+01
7.9200817236997043e+00	6.5563999971749070e+01
7.9400004702051525e+00	6.1879742896950461e+01
7.9600058935259153e+00	6.6757239746969717e+01
7.9800995461014148e+00	7.0361415414967269e+01
8.0000409721488985e+00	7.5871062855348555e+01
8.0200813241390723e+00	6.5964590468348149e+01
8.0400037585869040e+00	7.2589942583129357e+01
8.0600612487171368e+00	7.2647365118372434e+01
8.0800134637897898e+00	6.8761666508129920e+01
8.1000941544408356e+00	9.0550763211333262e+01
8.1200851767393001e+00	9.8528671943144218e+01
8.1400798618651606e+00	9.4454574886874539e+01
8.1600754169541236e+00	8.7977520541876217e+01
8.1800537285635997e+00	1.0181026476281852e+02
8.2000187606921973e+00	1.1277266178492604e+02
8.2201148565017430e+00	1.0744584091792228e+02
8.2400119571782700e+00	9.2016538911413889e+01
8.2600337981629703e+00	7.7502759736787368e+01
8.2800816332012577e+00	7.1101103089162621e+01
8.3000413572187561e+00	7.3908836806425455e+01
8.3201149367465774e+00	6.9774874882731311e+01
8.3400483177003242e+00	5.7432812145740428e+01
8.3600948195249032e+00	6.4397802170937993e+01
8.3801136675127363e+00	6.7801377792589875e+01
8.4001008069511816e+00	6.2751630005999637e+01
8.4200693018023856e+00	5.7410639513504790e+01
8.4400371566588372e+00	5.7583132541829507e+01
8.4600313062405093e+00	7.1772422496772961e+01
8.4800319608949977e+00	8.2218426791323793e+01
8.5000208114131652e+00	8.7760819153763507e+01
8.5201008738013826e+00	8.6594677297744354e+01
8.5400659484577695e+00	8.2770860565050612e+01
8.5600353609450863e+00	8.4226694114035169e+01
8.5800147773848856e+00	7.9519841101768691e+01
8.6000899494389458e+00	7.7126922036999773e+01
8.6200522434759552e+00	7.7519451715489339e+01
8.6400217439077629e+00	7.2799708368299861e+01
8.6600013065877643e+00	6.4009648611241175e+01
8.6800142392734863e+00	6.5090021773194010e+01
8.7000522544577681e+00	7.0507209712072196e+01
8.7200797533037786e+00	7.3182254731194107e+01
8.7400765214540019e+00	7.2478768777492505e+01
8.7600545307730506e+00	7.0700924615603668e+01
8.7800525235353390e+00	8.5425762520802650e+01
8.8000574219985079e+00	8.9871183590908416e+01
8.8200598781952682e+00	7.6531734690571938e+01
8.8400621581444589e+00	7.6507479384999115e+01
8.8600677338449092e+00	9.5347380593697224e+01
8.8800741360220439e+00	9.9496488308615838e+01
8.9000761610036072e+00	8.3027542725467711e+01
8.9200811729386515e+00	7.8640486432925542e+01
8.9401018417855038e+00	7.2029445512511231e+01
8.9600071571091693e+00	7.6350094198183328e+01
8.9800262656056251e+00	7.7092051711283730e+01
9.0000605132488278e+00	6.6304216231198978e+01
9.0201001133154772e+00	6.4665660245806848e+01
9.0400008112208496e+00	6.9169875783216369e+01
9.0600242175979204e+00	6.6354784278497647e+01
9.0800436209452862e+00	5.6737309415770355e+01
9.1000777475353658e+00	5.7435063646922359e+01
9.1201112181460555e+00	6.2005476090650603e+01
9.1400436065134212e+00	6.1781462034539445e+01
9.1600049252108153e+00	6.7243307365014857e+01
9.1800692343669237e+00	6.5357420905262885e+01
9.2000068765275209e+00	5.7740479676479794e+01
9.2200693569019254e+00	6.2069169113285902e+01
9.2400175152628652e+00	6.3256119529544407e+01
9.2600926821676914e+00	6.5471492550662916e+01
9.2800553760017728e+00	6.3126585451357371e+01
9.3000085858219155e+00	7.0163616732674257e+01
9.3200757413646880e+00	8.6375780855008614e+01
9.3400213250872604e+00	7.9175745439772840e+01
9.3600726674578585e+00	8.5260751489410097e+01
9.3801080953467260e+00	1.0445531084841539e+02
9.4000341100964349e+00	1.0005821508676344e+02
9.4200973882168508e+00	8.3220893528648546e+01
9.4400518594715752e+00	1.0493356698169893e+02
9.4600135422217591e+00	1.0437860300665150e+02
9.4801018552147926e+00	8.1864888914757145e+01
9.5000628285183577e+00	8.1615036374806351e+01
9.5200088742232936e+00	8.3121399526847924e+01
9.5400587152154888e+00	7.7814861145793117e+01
9.5600927814784544e+00	7.6782683996514450e+01
9.5800034873482609e+00	8.0249360562968292e+01
9.6000213653585558e+00	8.6002080630553948e+01
9.6200335279320139e+00	8.9442923157050913e+01
9.6400461994870472e+00	8.8186775268525892e+01
9.6600680083982606e+00	8.8072102373138790e+01
9.6801040606678797e+00	9.3047273010389830e+01
9.7000404948419980e+00	9.4912570853328688e+01
9.7200898735550343e+00	9.4199827406976695e+01
9.7400046582569182e+00	1.0240859260744099e+02
9.7600252643481991e+00	1.0162179306074439e+02
9.7800462107225012e+00	9.5874915328965486e+01
9.8000477779130435e+00	1.0798372079219070e+02
9.8200264803388198e+00	1.0794529633765771e+02
9.8401116846738503e+00	9.3630040817029837e+01
9.8600430385683069e+00	7.8803860074742133e+01
9.8800703991789121e+00	8.3566512700789275e+01
9.9001034976401083e+00	8.3107374878789201e+01
9.9200613161850733e+00	8.5951362448103055e+01
9.9400365450365094e+00	9.5176080666656475e+01
9.9600011339503478e+00	8.7910032779124691e+01
9.9800755406697590e+00	8.8145681310801521e+01
1.0000001239947336e+01	1.0017228878103322e+02
1.0020019778067057e+01	9.3764093350214338e+01
1.0040028420381480e+01	1.0448938876407058e+02
1.0060031153516203e+01	1.1915402389547502e+02
1.0080055663924764e+01	9.9894456623907615e+01
1.0100003840797029e+01	1.3141665858307809e+02
1.0120116985718127e+01	1.3281939994990574e+02
1.0140054081264879e+01	1.1552164433568434e+02
1.0160056555906644e+01	1.3131030241735715e+02
1.0180055966307753e+01	1.1468102745264017e+02
1.0200030542596641e+01	1.0684832780161854e+02
1.0220112052344721e+01	1.0104955077249063e+02
1.0240070753868451e+01	8.3725905894701114e+01
1.0260116211821234e+01	8.2687333876167216e+01
1.0280027410185136e+01	7.7508367380646320e+01
1.0300053913984167e+01	7.3085615580265440e+01
1.0320076829616937e+01	7.6003846548261137e+01
1.0340001448425850e+01	6.7715605729606779e+01
1.0360026417614915e+01	7.0315107690085810e+01
1.0380024528786363e+01	7.1258251622381422e+01
1.0400012781044733e+01	7.5367147848730809e+01
1.0420117145875178e+01	7.9220382976369521e+01
1.0440002774668597e+01	8.2770778708366620e+01
1.0460050769047511e+01	8.5231729083164737e+01
1.0480006284053372e+01	8.8046823225262969e+01
1.0500104852318794e+01	8.8903853034672693e+01
1.0520075559232053e+01	8.8855050900843779e+01
1.0540045189007145e+01	8.6721682580021053e+01
1.0560021608553726e+01	8.1868025628952793e+01
1.0580110312248538e+01	7.4823761068516419e+01
1.0600070782481998e+01	7.3932493060801519e+01
1.0620010593786231e+01	7.6561277678463753e+01
1.0640047953393033e+01	7.6990298487424809e+01
1.0660071243830952e+01	8.4874586058519398e+01
1.0680102864567290e+01	8.8381220774239466e+01
1.0700036488502747e+01	8.5958719169083224e+01
1.0720099126044513e+01	8.3098009886153662e+01
1.0740053653090666e+01	8.6769939773237667e+01
1.0760010230650325e+01	8.6941089771552129e+01
1.0780068259125969e+01	8.9747530764925372e+01
1.0800004915343001e+01	8.9481088822165319e+01
1.0820058620658212e+01	1.1069262561267335e+02
1.0840003572816414e+01	1.3465996113084364e+02
1.0860092481012144e+01	1.4872032270024442e+02
1.0880083039787770e+01	1.5112823245417115e+02
1.0900089224506774e+01	1.4252442327208391e+02
1.0920099374545327e+01	1.2663925835127506e+02
1.0940103872005515e+01	1.0883896731384033e+02
1.0960108102606689e+01	1.2275994768686505e+02
1.0980104400663228e+01	1.3084004528945718e+02
1.1000082503679497e+01	1.3298967018930134e+02
1.1020059978268762e+01	1.3086368568146088e+02
1.1040043750710547e+01	1.2613034389105637e+02
1.1060013294710775e+01	1.1979903447209551e+02
1.1080076992912716e+01	1.1211251557305157e+02
1.1100113106510250e+01	1.1101113540145558e+02
1.1120006509402650e+01	1.1222475163175352e+02
1.1140011554761237e+01	1.1157314598680969e+02
1.1160033039769331e+01	1.0823416769096855e+02
1.1180070385641876e+01	1.0212750730613418e+02
1.1200098990048149e+01	9.4606283365037839e+01
1.1220003339419362e+01	8.5669582338506586e+01
1.1240025391761268e+01	8.5055290371924073e+01
1.1260056151088689e+01	8.1759805852506517e+01
1.1280083463137609e+01	8.3999160130189651e+01
1.1300113024853555e+01	8.4285416689813417e+01
1.1320043374844712e+01	8.3132407717621220e+01
1.1340092676738614e+01	8.3707696727802983e+01
1.1360010490282470e+01	8.3158146215403335e+01
1.1380035467976448e+01	8.5316056851338573e+01
1.1400062365819764e+01	9.2976202446298458e+01
1.1420073146429639e+01	1.0071140456697927e+02
1.1440061337138312e+01	1.0408924441581254e+02
1.1460050648845181e+01	9.8976139781590931e+01
1.1480025756857435e+01	1.0016889504479757e+02
1.1500005285746504e+01	9.3130388559590443e+01
1.1520113274852223e+01	9.6326951527429514e+01
1.1540104255480761e+01	1.1188406361842824e+02
1.1560109937994946e+01	1.1657833999200706e+02
1.1580004315553241e+01	1.0498840606562113e+02
1.1600113700743361e+01	9.1551757688723100e+01
1.1620092142614659e+01	1.0964603187745051e+02
1.1640091954135018e+01	1.1548750059458565e+02
1.1660002867072922e+01	1.0775526179844937e+02
1.1680019112724793e+01	9.2410017257743604e+01
1.1700033239696332e+01	1.0189504742326299e+02
1.1720065465281300e+01	9.8338913421153322e+01
1.1740011770916658e+01	1.0107030924845694e+02
1.1760060714309935e+01	9.9063552742717434e+01
1.1780087010783674e+01	9.8383925241602213e+01
1.1800102083311440e+01	1.0295025523160088e+02
1.1820005593570274e+01	1.0423073020790024e+02
1.1840028638397287e+01	1.1935573306279395e+02
1.1860036235930551e+01	1.3441009929191054e+02
1.1880007307721906e+01	1.4337145875235566e+02
1.1900067024418874e+01	1.4581874165381643e+02
1.1920115080357400e+01	1.4237591960858890e+02
1.1940032380781032e+01	1.3392549139752248e+02
1.1960067784657936e+01	1.5297505498508028e+02
1.1980113379334869e+01	1.6943569325971089e+02
1.2000036808126994e+01	1.8001011838625962e+02
1.2020090104901634e+01	1.8510142595282787e+02
1.2040052014998235e+01	1.8501590031100847e+02
1.2060002806723308e+01	1.7845222352566529e+02
1.2080039592422567e+01	1.6265414001929918e+02
1.2100060688011016e+01	1.5159485531346201e+02
1.2120066480193547e+01	1.6781874892615792e+02
1.2140039080627506e+01	1.7416419604907520e+02
1.2160099997977008e+01	1.6782690947254309e+02
1.2180027114732216e+01	1.5146063237106191e+02
1.2200077494828346e+01	1.2604142087074707e+02
1.2220024053867727e+01	1.3188304651280282e+02
1.2240105679048630e+01	1.0993162091239691e+02
1.2260092827077015e+01	1.1142761726745120e+02
1.2280115420796527e+01	1.2009930926482890e+02
1.2300059698108074e+01	1.0064817418569156e+02
1.2320036410763372e+01	1.0437655953144956e+02
1.2340073458724255e+01	9.4627515178483662e+01
1.2360016217999759e+01	9.5688971184652658e+01
1.2380075943340435e+01	1.0344803559666832e+02
1.2400003067311332e+01	1.0975572603075948e+02
1.2420047268380692e+01	1.1578849906088925e+02
1.2440094303058334e+01	1.2142923177852784e+02
1.2460026067402012e+01	1.2538125915964363e+02
1.2480089225495112e+01	1.2839776558442205e+02
1.2500057110178776e+01	1.3060950234760946e+02
1.2520053060275478e+01	1.3123569539614502e+02
1.2540032610729911e+01	1.3003961481973968e+02
1.2560010990244237e+01	1.2737674242376417e+02
1.2580004938926042e+01	1.2344924362621771e+02
1.2600005454669416e+01	1.1847883855370083e+02
1.2620095187627534e+01	1.1234539174068816e+02
1.2640027972316501e+01	1.0504708895672356e+02
1.2660062610807975e+01	9.6422571526662310e+01
1.2680075001120571e+01	9.1560097753418205e+01
1.2700064053550445e+01	9.5645262375429525e+01
1.2720031741282307e+01	9.9479976688252918e+01
1.2740112977050345e+01	1.0228203434871824e+02
1.2760104439014309e+01	1.0273998169426577e+02
1.2780102703703944e+01	9.9500814744606842e+01
1.2800111304359284e+01	9.3376375330872122e+01
1.2820023322743610e+01	9.0714345501412268e+01
1.2840051915794481e+01	8.9880886663196932e+01
1.2860059561433156e+01	8.4848282974070315e+01
1.2880086990767714e+01	6.9228979956329766e+01
1.2900095661163876e+01	6.8409375074370672e+01
1.2920094369044506e+01	7.3669359122057230e+01
1.2940097007169227e+01	7.5923492468439434e+01
1.2960090523895492e+01	6.9393629557171764e+01
1.2980103386219366e+01	7.7733952354632720e+01
1.3000016037533731e+01	8.8722382510017539e+01
1.3020025624345831e+01	8.9790460537434043e+01
1.3040017734720427e+01	8.2513821143991620e+01
1.3060003434367321e+01	8.7840609194416132e+01
1.3080099302122937e+01	1.0940937687468038e+02
1.3100077393615926e+01	1.0382856892262316e+02
1.3120039379653308e+01	8.2671291626201281e+01
1.3140099850521930e+01	9.3638563612647346e+01
1.3160033078052034e+01	8.6417238953686805e+01
1.3180061708464727e+01	8.0219706913034727e+01
1.3200084496084008e+01	8.1239395332193212e+01
1.3220115748698218e+01	7.9384694632562244e+01
1.3240050999984383e+01	7.3231060717799565e+01
1.3260100674977812e+01	7.3504049314289944e+01
1.3280030814257682e+01	7.7212122499477275e+01
1.3300101635219011e+01	7.9669794924384888e+01
1.3320084053914558e+01	8.1717410752953839e+01
1.3340078216743411e+01	8.4635235455792198e+01
1.3360084430606312e+01	9.9663491565943232e+01
1.3380090351766270e+01	1.0237591083885519e+02
1.3400089486017468e+01	1.0004026858277247e+02
1.3420078450151802e+01	9.4510268647344816e+01
1.3440062381206934e+01	8.2699089090494653e+01
1.3460025843627088e+01	8.0623062313371705e+01
1.3480063930599144e+01	7.7860582706731549e+01
1.3500082558192553e+01	7.3431172720549426e+01
1.3520100935851611e+01	7.3545055519001750e+01
1.3540105087969588e+01	7.2458759940419313e+01
1.3560098661505560e+01	7.3566143312133207e+01
1.3580087679878122e+01	8.0219842273213118e+01
1.3600090412255074e+01	8.0883367908065438e+01
1.3620114496239927e+01	7.9571165511885098e+01
1.3640049386770366e+01	8.6404804556349944e+01
1.3660106609506757e+01	9.3110337334034199e+01
1.3680057627650404e+01	9.5324635837677405e+01
1.3700035836384760e+01	8.6919990259511039e+01
1.3720050978124188e+01	6.9795151584306097e+01
1.3740077115375927e+01	7.2951855587377935e+01
1.3760067168291549e+01	8.4716054739800271e+01
1.3780026141279370e+01	7.8557821295751268e+01
1.3800097783865150e+01	9.4299819880506121e+01
1.3820061651567139e+01	9.1929143340162128e+01
1.3840044312568567e+01	1.1121687456165368e+02
1.3860052107630706e+01	1.1191541727093406e+02
1.3880064704872945e+01	1.0604133533922482e+02
1.3900043198919642e+01	1.1272818095533921e+02
1.3920100577678506e+01	1.1063570643169020e+02
1.3940010098596321e+01	1.0576981287879239e+02
1.3960014010040737e+01	1.0819041915068436e+02
1.3980113886125899e+01	1.0843078589824609e+02
1.4000094251512238e+01	1.0418914429275438e+02
1.4020058372150553e+01	9.8362274986029533e+01
1.4040015100811328e+01	9.2800403261303757e+01
1.4060015436611424e+01	8.7005180444163130e+01
1.4080080040280871e+01	7.9970269069840100e+01
1.4100031899897708e+01	8.2325904679234128e+01
1.4120081019468422e+01	8.7108346137542256e+01
1.4140002711104048e+01	9.0728020639014687e+01
1.4160027131049695e+01	9.1116614384382686e+01
1.4180054861266390e+01	8.7622257906922542e+01
1.4200077895386547e+01	8.4948405892039773e+01
1.4220068502410296e+01	8.6323999394917635e+01
1.4240065045798776e+01	8.4433515795002762e+01
1.4260082810304260e+01	8.3346956627031702e+01
1.4280083920218326e+01	8.9810004003650789e+01
1.4300081986918240e+01	9.0622028793084795e+01
1.4320084904478913e+01	9.1854150040492087e+01
1.4340115500590475e+01	1.0751532982530567e+02
1.4360058009214834e+01	1.1430698083987519e+02
1.4380022448908756e+01	1.0446332480993831e+02
1.4400086841281887e+01	1.0025351984013039e+02
1.4420002865241813e+01	1.1534276550578493e+02
1.4440006617524030e+01	1.1411520293881559e+02
1.4460082867367642e+01	9.8534743993405868e+01
1.4480016478722632e+01	9.4593751129532606e+01
1.4500048754777875e+01	1.0464258237617645e+02
1.4520070152969806e+01	9.6903577916750734e+01
1.4540082779754306e+01	9.3989438031993799e+01
1.4560067308538915e+01	9.2399464706417859e+01
1.4580036825792368e+01	8.9302069132649450e+01
1.4600012605375266e+01	8.8957163864406922e+01
1.4620009225505072e+01	8.8882780481071592e+01
1.4640038594487935e+01	8.8294415849868287e+01
1.4660047347022026e+01	8.6106603863084416e+01
1.4680027618046037e+01	8.8182534239186580e+01
1.4700092757789747e+01	8.3906308861961548e+01
1.4720025118342573e+01	9.5394750955700658e+01
1.4740074722550339e+01	8.9044642316211849e+01
1.4760020859147641e+01	9.0798080089041676e+01
1.4780096208933569e+01	9.1195021629944179e+01
1.4800068606416495e+01	1.0877512900866324e+02
1.4820056492448769e+01	1.0038289154169736e+02
1.4840067579129059e+01	1.0528403278424821e+02
1.4860041701646640e+01	1.0845130669902242e+02
1.4880102109513087e+01	1.0855179605137006e+02
1.4900024907525962e+01	1.0514566384613735e+02
1.4920048196472383e+01	9.8860721408725794e+01
1.4940049123616687e+01	1.0701098394620868e+02
1.4960039603115183e+01	9.8292992179310318e+01
1.4980030082920170e+01	9.2742716657626460e+01
1.5000046453289663e+01	9.7805583758772428e+01
1.5020094497750778e+01	9.4030856685927745e+01
1.5040053645218780e+01	9.6753640632143032e+01
1.5060046518054385e+01	9.5240357228490964e+01
1.5080116423383103e+01	9.0225769273317042e+01
1.5100102652141141e+01	8.2382107103092494e+01
1.5120106252130935e+01	7.9091955418336454e+01
1.5140043101577005e+01	7.6042966745726574e+01
1.5160113648896353e+01	8.7117260084951013e+01
1.5180010321125673e+01	9.4725973985296363e+01
1.5200073135854534e+01	9.7110462350919150e+01
1.5220081060073905e+01	9.4675466314028426e+01
1.5240017175320263e+01	8.6408659394837741e+01
1.5260112174457729e+01	9.5867463040946419e+01
1.5280049797127662e+01	1.0172987338780815e+02
1.5300082060512510e+01	1.0390079319273127e+02
1.5320100758095595e+01	9.8301774502439287e+01
1.5340010149419721e+01	1.0012431039541836e+02
1.5360067138648626e+01	1.1412519390780349e+02
1.5380040404195647e+01	1.1843202956835739e+02
1.5400008191199735e+01	1.0806287766984983e+02
1.5420027784438179e+01	1.2877037788271761e+02
1.5440110947331892e+01	1.2393151424424238e+02
1.5460025550686602e+01	9.4652997556256082e+01
1.5480074614752386e+01	9.8421110446643567e+01
1.5500108088207201e+01	1.1364353162526655e+02
1.5520014299042476e+01	1.1190460915278101e+02
1.5540033519283906e+01	1.2075727526953553e+02
1.5560091190153550e+01	1.1170378483916504e+02
1.5580108644103539e+01	1.0665144296176651e+02
1.5600071865430539e+01	1.0671386087079748e+02
1.5620075936028533e+01	1.1169497139085783e+02
1.5640004211937537e+01	9.6684514357709247e+01
1.5660107840444738e+01	1.0390909828928646e+02
1.5680006526333557e+01	1.0078716816823362e+02
1.5700016012930272e+01	1.0914383197704852e+02
1.5720012562093704e+01	9.6641319584378252e+01
1.5740116282534220e+01	1.0156563779891735e+02
1.5760097411091998e+01	9.6777856770217696e+01
1.5780076651624885e+01	1.0856510776314836e+02
1.5800050697135745e+01	1.1447548309692736e+02
1.5820009512182656e+01	1.0291585971108329e+02
1.5840064408005990e+01	1.0529574834736326e+02
1.5860108678439733e+01	1.0941691785855183e+02
1.5880023667903179e+01	1.0902420039157347e+02
1.5900078351101325e+01	1.1760298943156896e+02
1.5920031728432038e+01	1.2797037252015659e+02
1.5940103020357194e+01	1.1768282895892791e+02
1.5960058290226302e+01	1.0799494993667255e+02
1.5980037842471305e+01	1.0730569872917208e+02
1.6000022800459327e+01	1.2150244717939684e+02
1.6020011797267589e+01	1.2206570622195621e+02
1.6040008814611614e+01	1.0779858621922222e+02
1.6060114495124303e+01	1.1156388122461539e+02
1.6080110859750619e+01	1.0869244225612046e+02
1.6100013954143730e+01	1.0363047948251719e+02
1.6120037915324776e+01	1.1248031935694840e+02
1.6140053797537352e+01	1.0761326807530631e+02
1.6160054434026936e+01	1.0662654515364478e+02
1.6180032409965079e+01	1.1289819974595270e+02
1.6200111092823949e+01	1.1132615178910888e+02
1.6220081403473429e+01	1.0253697225858195e+02
1.6240064732850861e+01	9.3638539880958831e+01
1.6260080660888896e+01	1.0876484301231692e+02
1.6280111107752884e+01	1.1216179833306303e+02
1.6300014654317824e+01	1.0816663580562179e+02
1.6320035340948021e+01	1.2348615492079367e+02
1.6340054827904630e+01	1.2758500083014009e+02
1.6360068563678940e+01	1.2126866318861730e+02
1.6380087536828270e+01	1.3460470428646568e+02
1.6400104257184914e+01	1.1406033579413986e+02
1.6420085291428993e+01	1.2540903656878528e+02
1.6440008477899951e+01	1.1517572766537756e+02
1.6460007031141838e+01	1.2101945404218206e+02
1.6480072213643854e+01	1.2453879637641897e+02
1.6500104601034920e+01	1.2354797979424036e+02
1.6520005793426911e+01	1.1512798939713599e+02
1.6540010825683140e+01	1.1151910306490912e+02
1.6560115991253035e+01	1.2666712711953789e+02
1.6580067506602358e+01	1.3749718587106446e+02
1.6600016475696744e+01	1.5267045070451670e+02
1.6620072511991363e+01	1.5331970080141912e+02
1.6640010022274524e+01	1.5586635854186883e+02
1.6660075294094526e+01	1.6019363516357728e+02
1.6680019208953389e+01	1.3485317486655239e+02
1.6700073606533138e+01	1.6466898411398222e+02
1.6720020053416825e+01	1.7198042023692042e+02
1.6740096969325084e+01	1.6433779878092960e+02
1.6760089959501443e+01	1.6403520227626549e+02
1.6780104355198073e+01	1.6592157340537918e+02
1.6800011817043302e+01	1.8431560552231821e+02
1.6820052279794901e+01	1.7493934747309481e+02
1.6840115872504963e+01	1.5372066265982428e+02
1.6860091529513834e+01	1.9751457480268738e+02
1.6880090246657790e+01	1.8582653632740195e+02
1.6900114649063351e+01	1.4632504485910269e+02
1.6920047000026432e+01	2.0809092800044689e+02
1.6940012476632930e+01	2.0232143416230130e+02
1.6960117326928621e+01	1.6737951555334638e+02
1.6980095236510742e+01	1.9854265552587512e+02
1.7000055090479677e+01	1.9088460028036818e+02
1.7020114372733872e+01	2.2949540014577968e+02
1.7040039352322161e+01	2.4746683261256072e+02
1.7060073124958073e+01	1.9406231051820828e+02
1.7080082888760003e+01	2.3720026538411750e+02
1.7100081865018556e+01	2.2037302919541287e+02
1.7120082999893071e+01	2.1001880806585146e+02
1.7140080968858673e+01	2.3454022028618982e+02
1.7160062858160853e+01	2.0097326848368300e+02
1.7180028356563888e+01	2.4950250539652251e+02
1.7200106233853738e+01	2.1206109277023742e+02
1.7220065525362752e+01	2.5706935507952022e+02
1.7240026521605134e+01	1.9884571807182803e+02
1.7260000349561526e+01	2.0453252857242083e+02
1.7280000302008425e+01	1.9022602290123370e+02
1.7300008748349860e+01	2.1888286305525622e+02
1.7320005308055102e+01	2.4230500379291203e+02
1.7340001419220254e+01	2.0559409317899090e+02
1.7360114438978460e+01	1.9048016460984252e+02
1.7380095827012010e+01	1.8140990830255566e+02
1.7400089641567419e+01	2.3792080015783964e+02
1.7420095230830491e+01	2.3371398559927025e+02
1.7440105780469512e+01	2.2205981254522803e+02
1.7460014114650438e+01	2.0631453124022897e+02
1.7480047581379001e+01	1.6403120476224711e+02
1.7500085963311928e+01	2.2462151986479640e+02
1.7520103922308799e+01	2.2142060894948054e+02
1.7540098255037677e+01	2.5495784192177430e+02
1.7560052894344391e+01	2.6607070592253132e+02
1.7580050956093736e+01	2.4213113952132224e+02
1.7600061472052978e+01	2.8403681930177999e+02
1.7620012699611976e+01	2.5070193153352307e+02
1.7640040313632788e+01	2.7583147236492812e+02
1.7660000004993666e+01	2.7423242545561743e+02
1.7680050903303478e+01	2.2670089489700177e+02
1.7700048126470541e+01	2.2741787528711330e+02
1.7720038272658677e+01	1.9688744393333369e+02
1.7740006001073088e+01	2.6168358141029495e+02
1.7760094705824290e+01	2.8662525850642152e+02
1.7780005037886390e+01	2.2786594131310628e+02
1.7800042005423204e+01	2.4682256605769271e+02
1.7820086324251310e+01	1.9993818357129427e+02
1.7840017926923426e+01	2.3974678427887540e+02
1.7860006959303625e+01	2.7596785988550778e+02
1.7880046449842649e+01	2.2395749421889451e+02
1.7900060286424623e+01	2.2150479911744372e+02
1.7920064828831077e+01	1.9642339521163268e+02
1.7940070402595769e+01	2.0815526623072836e+02
1.7960092152000254e+01	2.5273373705353097e+02
1.7980020629264246e+01	2.2391120288678704e+02
1.8000069696520665e+01	2.3021772153754995e+02
1.8020105356617798e+01	2.4362388435746729e+02
1.8040005899859974e+01	1.8547254188593965e+02
1.8060105806058694e+01	1.9876530892615128e+02
1.8080061258867165e+01	1.9467618941961382e+02
1.8100006369858900e+01	1.5490290475759596e+02
1.8120056528865089e+01	1.6316907611998187e+02
1.8140004656407307e+01	1.7767703430101488e+02
1.8160109635841966e+01	1.6953877726941585e+02
1.8180084020363772e+01	1.4570355488545059e+02
1.8200034493948507e+01	1.7812708898427380e+02
1.8220073089870965e+01	1.9382722022188855e+02
1.8240112854925194e+01	1.8148702744191763e+02
1.8260039400704528e+01	1.4433067325498740e+02
1.8280067272838195e+01	1.4061637628030437e+02
1.8300079150417737e+01	1.2890423596660077e+02
1.8320099230379114e+01	1.4599347261361086e+02
1.8340008185013140e+01	1.5551789917561726e+02
1.8360049418164540e+01	1.4297181881176516e+02
1.8380113591845888e+01	1.4046552177696199e+02
1.8400110638132368e+01	1.4585753279428869e+02
1.8420034470982831e+01	1.3681939985409048e+02
1.8440107043075763e+01	1.3312349616351145e+02
1.8460064481380769e+01	1.2942675053325056e+02
1.8480114724793520e+01	1.3628992259093047e+02
1.8500032202537763e+01	1.4292614749303894e+02
1.8520060500235143e+01	1.4857969666228598e+02
1.8540071086076832e+01	1.4770974665855380e+02
1.8560078231788097e+01	1.3332756905404463e+02
1.8580078206335898e+01	1.0910010111975629e+02
1.8600072344834427e+01	1.3240329028139050e+02
1.8620043223426279e+01	1.5685711065415046e+02
1.8640008301989798e+01	1.6158514428531706e+02
1.8660006929012390e+01	1.2821102924308397e+02
1.8680021033136825e+01	1.2768759849281165e+02
1.8700030492450654e+01	1.4367374346438677e+02
1.8720037574956883e+01	1.4101506583606965e+02
1.8740058112636756e+01	1.4174650425755183e+02
1.8760105796969039e+01	1.5853911052011136e+02
1.8780067475352848e+01	1.2389088849020007e+02
1.8800061303912692e+01	1.1767422862880308e+02
1.8820056381889270e+01	1.6289995331441202e+02
1.8840036488042728e+01	1.5905632840923414e+02
1.8860106286963454e+01	1.5497961122068452e+02
1.8880041686794939e+01	1.7815072419525922e+02
1.8900105595158731e+01	1.6179429703840142e+02
1.8920062277073807e+01	1.5949781250229950e+02
1.8940022434373631e+01	1.5851071474929174e+02
1.8960107221875976e+01	1.2466927242194618e+02
1.8980092447334933e+01	1.0283532639607667e+02
1.9000084143351703e+01	8.9906240214176506e+01
1.9020081850702315e+01	8.5727204475532915e+01
1.9040084412267941e+01	8.3395817590668671e+01
1.9060059407105243e+01	7.7431521524334769e+01
1.9080102312500134e+01	6.9513210279539493e+01
1.9100110790883175e+01	6.5863487146095380e+01
1.9120075966490052e+01	7.3624432304593782e+01
1.9140032362697013e+01	7.5205010848663150e+01
1.9160067272478557e+01	7.3334134797690950e+01
1.9180090845006294e+01	8.0724062508562270e+01
1.9200114577714395e+01	8.6644558865027335e+01
1.9220066314087639e+01	8.9668273582489633e+01
1.9240036197462285e+01	9.0492023332716983e+01
1.9260027306138248e+01	8.3479363734571578e+01
1.9280054295023966e+01	8.0304988392993295e+01
1.9300096112551227e+01	7.7077804861489668e+01
1.9320034697925802e+01	7.3848451665260129e+01
1.9340109784440305e+01	7.1735268197924967e+01
1.9360061262871245e+01	6.4831293307315960e+01
1.9380116818122488e+01	7.3921305036364416e+01
1.9400087821948322e+01	6.9715798027506480e+01
1.9420099486563313e+01	6.9330205029444954e+01
1.9440092067427969e+01	7.9690206062462437e+01
1.9460062856410016e+01	7.1483541104633815e+01
1.9480028820979047e+01	6.9757526976083057e+01
1.9500008531523960e+01	7.6461072222097627e+01
1.9520110160714708e+01	6.7143784674686401e+01
1.9540060539689851e+01	6.9841851708160519e+01
1.9560108942472361e+01	7.7649404481638157e+01
1.9580037523860153e+01	7.5543816965826124e+01
1.9600092321736788e+01	8.4168178550571255e+01
1.9620001510998712e+01	8.2507000158672014e+01
1.9640000272171068e+01	8.9019301252577648e+01
1.9660103339404259e+01	9.7075071749157416e+01
1.9680088329781533e+01	9.1212899426873761e+01
1.9700078642955948e+01	7.5521397218449621e+01
1.9720090816946207e+01	8.1240374072528766e+01
1.9740014654001310e+01	8.3195586807018898e+01
1.9760084653827242e+01	8.7659126666158286e+01
1.9780073233181334e+01	8.6825796587149270e+01
1.9800073804528921e+01	8.1692992956171125e+01
1.9820067674843894e+01	7.6134039215895726e+01
1.9840046476780813e+01	7.0657380244100281e+01
1.9860117551847566e+01	6.7636016064280469e+01
1.9880038973092599e+01	7.2890282115103133e+01
1.9900062149366580e+01	7.4611480142191866e+01
1.9920096491884188e+01	7.9984188050932630e+01
1.9940037649423452e+01	8.4123178851259524e+01
1.9960000818120715e+01	8.6608185055534975e+01
1.9980108696978704e+01	8.7502658724971226e+01
2.0000003315201280e+01	8.6956983037819242e+01
2.0020034530100993e+01	8.4956866687340707e+01
2.0040077395154224e+01	8.1207575306602095e+01
2.0060114741730811e+01	8.2566841645028035e+01
2.0080009436149226e+01	7.7574529587062898e+01
2.0100110481651100e+01	7.3543385459277985e+01
2.0120066392999565e+01	7.7959795029026708e+01
2.0140006627517810e+01	8.3635422695802973e+01
2.0160054790919926e+01	8.6632681914803840e+01
2.0180100333679764e+01	9.1681453229796631e+01
2.0200029953705105e+01	8.9997226539590287e+01
2.0220085305433368e+01	9.9553593446245088e+01
2.0240050883597167e+01	9.2120426810499652e+01
2.0260025115951301e+01	9.5784328424370813e+01
2.0280001114512313e+01	8.9305210844146956e+01
2.0300095103173444e+01	9.6653208827843443e+01
2.0320065142634025e+01	1.1609268303394897e+02
2.0340011459845400e+01	1.0888348637150311e+02
2.0360038251546708e+01	1.2188809817363261e+02
2.0380033912889044e+01	1.0263162188095014e+02
2.0400001239338525e+01	9.5479795924409672e+01
2.0420068319906271e+01	1.0090645344036318e+02
2.0440115643760578e+01	1.0868368585576825e+02
2.0460034115244159e+01	1.0344533439889497e+02
2.0480086555507860e+01	9.8854054109451170e+01
2.0500061177213375e+01	9.3538426259184192e+01
2.0520052791862387e+01	9.7041966027321109e+01
2.0540069762838769e+01	1.0721868523199002e+02
2.0560023242136513e+01	1.0275178306749734e+02
2.0580079843765962e+01	9.1806555324701094e+01
2.0600113863458805e+01	9.3673916454044274e+01
2.0620010749283342e+01	1.0473127285208774e+02
2.0640032856559365e+01	1.0331790844364984e+02
2.0660070077204345e+01	9.8615714889039822e+01
2.0680095458570491e+01	1.0240679004587592e+02
2.0700093601188929e+01	1.0538149576469748e+02
2.0720083500420621e+01	1.2024696798126068e+02
2.0740071266280822e+01	1.3525710066609864e+02
2.0760057855207194e+01	1.5305626881603402e+02
2.0780043186619245e+01	1.5162569275354292e+02
2.0800027796978060e+01	1.3212259214255494e+02
2.0820012164538209e+01	1.2795638037029832e+02
2.0840010691502027e+01	1.2758769886214606e+02
2.0860028426401392e+01	1.1727422412326494e+02
2.0880050983683685e+01	1.0436986194698486e+02
2.0900087282326236e+01	1.2068187249446009e+02
2.0920024710821973e+01	1.1658615762159739e+02
2.0940087449984237e+01	1.1804232421742027e+02
2.0960042321091894e+01	1.2381727742455961e+02
2.0980102977777779e+01	1.1848157519901440e+02
2.1000041305656897e+01	1.3769814139036285e+02
2.1020104176190632e+01	1.4934413120918703e+02
2.1040048358352621e+01	1.5107208858251127e+02
2.1060096649935790e+01	1.4524493773620625e+02
2.1080031390490618e+01	1.3443459422801996e+02
2.1100111324598217e+01	1.5091601867105106e+02
2.1120088561994912e+01	1.8321650759717397e+02
2.1140071246885572e+01	1.9513099903297976e+02
2.1160046091660845e+01	1.9084361889557664e+02
2.1180033110632991e+01	2.1279650038367882e+02
2.1200015155734516e+01	1.9522450180747421e+02
2.1220013589832185e+01	1.7822777086183888e+02
2.1240030309964734e+01	2.2565720598334011e+02
2.1260065233141436e+01	2.2200495843840855e+02
2.1280115862214373e+01	2.3277416377144343e+02
2.1300035805031417e+01	2.3930616785586369e+02
2.1320069288316247e+01	1.8725238703925206e+02
2.1340099282463676e+01	2.0198665668017753e+02
2.1360000719956762e+01	2.2068356710615919e+02
2.1380115289173936e+01	1.8793383326282617e+02
2.1400094488753943e+01	2.2681665440554474e+02
2.1420061935009386e+01	2.0814370105013600e+02
2.1440013002303207e+01	1.5194728660171808e+02
2.1460085967394527e+01	1.4573436174036715e+02
2.1480071133453130e+01	1.7517668869723190e+02
2.1500068417617644e+01	1.7979110922052604e+02
2.1520060859874775e+01	1.6038076436640009e+02
2.1540047418348379e+01	1.4073982509353547e+02
2.1560048849563987e+01	1.5055426619326033e+02
2.1580083275303174e+01	1.5325800385365693e+02
2.1600002015977719e+01	1.6432790527894170e+02
2.1620026278203063e+01	1.6386773753997238e+02
2.1640023614258620e+01	1.9037839164679491e+02
2.1660001718529333e+01	1.7467426427436499e+02
2.1680074724422827e+01	1.9418940729454468e+02
2.1700020055201165e+01	1.9133048915961791e+02
2.1720090972050219e+01	1.6935164195366224e+02
2.1740048792230176e+01	1.8938415564019658e+02
2.1760023541392748e+01	1.4884779016104301e+02
2.1780029144452278e+01	1.8014445087111548e+02
2.1800043273190784e+01	1.7146169572923631e+02
2.1820045247789178e+01	1.6598289870812442e+02
2.1840044342725982e+01	1.8924957318939317e+02
2.1860041871916614e+01	1.4741347110398945e+02
2.1880023520781084e+01	2.0290076836428838e+02
2.1900012112883385e+01	1.7996083838724081e+02
2.1920108995002078e+01	2.0666830705798839e+02
2.1940091119073735e+01	2.1878163577095708e+02
2.1960063236296538e+01	1.9030817546017425e+02
2.1980041508025707e+01	2.4150956326519460e+02
2.2000022304012255e+01	1.9870397702754428e+02
2.2020003719453022e+01	2.3442577928389557e+02
2.2040110319692833e+01	2.3096335891521255e+02
2.2060097768309870e+01	1.8534645130067338e+02
2.2080088832020447e+01	2.1850322100432413e+02
2.2100090313522344e+01	1.7628384486092270e+02
2.2120092392057824e+01	2.1519609101346700e+02
2.2140074491317964e+01	2.3987978585729877e+02
2.2160028281666072e+01	1.9695550616627537e+02
2.2180081391517501e+01	2.6482761808661809e+02
2.2200092097489200e+01	2.6165882286684871e+02
2.2220108587577677e+01	2.2731789982435851e+02
2.2240040096065709e+01	2.8222996751728175e+02
2.2260053354084370e+01	2.6275873286377788e+02
2.2280102429124117e+01	2.3527981695339219e+02
2.2300000813502638e+01	2.8721231572115767e+02
2.2320030906547579e+01	2.7516024752196222e+02
2.2340012844469921e+01	2.1892533935991662e+02
2.2360069532351091e+01	2.7836169242602870e+02
2.2380018527333895e+01	2.8451571593470982e+02
2.2400080597559441e+01	2.4152391665444279e+02
2.2420090928885802e+01	2.1274906748844182e+02
2.2440094503121845e+01	2.3056841642322451e+02
2.2460104050732575e+01	2.2058932282627279e+02
2.2480027270284975e+01	2.2472132523347241e+02
2.2500073217137160e+01	2.0789105552956289e+02
2.2520013915212925e+01	2.6939548013317545e+02
2.2540071277122383e+01	3.0413610834423309e+02
2.2560020379720179e+01	3.0711615744780289e+02
2.2580059924871090e+01	2.7963811292661921e+02
2.2600072225300735e+01	2.6096666063132739e+02
2.2620032953991760e+01	2.9863780960479306e+02
2.2640028844887372e+01	3.0886069611063726e+02
2.2660060230488718e+01	2.9490437289812223e+02
2.2680014519533437e+01	2.6304723404356707e+02
2.2700016278853933e+01	2.2488363930636305e+02
2.2720023429171498e+01	2.5158616117502433e+02
2.2740076075243515e+01	2.6309294855558187e+02
2.2760052814903386e+01	2.5903015020979501e+02
2.2780096500504872e+01	2.4101603649803343e+02
2.2800039078669236e+01	2.1153880329096631e+02
2.2820105108511498e+01	1.9723689954566575e+02
2.2840023910948130e+01	2.0243075971764173e+02
2.2860035099521735e+01	1.8903856673977347e+02
2.2880034102014861e+01	1.6869132999113287e+02
2.2900047987356949e+01	1.7687432300183815e+02
2.2920081698606932e+01	1.6889165361343245e+02
2.2940105946334505e+01	2.0070813973656300e+02
2.2960009731763261e+01	2.1611681977790005e+02
2.2980043001309149e+01	2.1224344653198645e+02
2.3000062595995036e+01	1.8791291286375315e+02
2.3020054920155381e+01	1.5642749523439861e+02
2.3040035269772904e+01	1.7019661133386782e+02
2.3060027922245098e+01	1.7833291957251370e+02
2.3080035693889617e+01	2.0428875348767562e+02
2.3100042506541211e+01	2.1120159858288895e+02
2.3120048209749267e+01	1.9875322493041401e+02
2.3140075353357766e+01	1.7196124604574533e+02
2.3160015695293964e+01	1.4378775819351739e+02
2.3180088435883118e+01	1.3173294459578418e+02
2.3200038230532535e+01	1.3165560297886162e+02
2.3220106394569484e+01	1.3144875385027734e+02
2.3240077026335843e+01	1.3738640026318518e+02
2.3260031741546229e+01	1.3604976356735241e+02
2.3280074707053849e+01	1.3439631082086638e+02
2.3300098278402345e+01	1.4008412941446360e+02
2.3320114129967330e+01	1.4758159172135336e+02
2.3340014273379619e+01	1.5400729918133186e+02
2.3360018749974408e+01	1.5679547417985847e+02
2.3380019879649151e+01	1.5454176980537224e+02
2.3400034732827439e+01	1.4748181664215463e+02
2.3420074603744283e+01	1.5733141874097015e+02
2.3440036930193038e+01	1.7551484924268522e+02
2.3460042532403836e+01	1.8603228314717447e+02
2.3480064686801125e+01	1.8990580282864926e+02
2.3500080384952998e+01	1.8682844281443980e+02
2.3520075195591630e+01	1.8312889314308504e+02
2.3540043935389427e+01	1.9985749130586541e+02
2.3560095153727683e+01	2.1065149137843594e+02
2.3580104537805568e+01	2.1496176962632191e+02
2.3600071036987476e+01	2.0134721112756807e+02
2.3620110431645347e+01	2.0638072825259437e+02
2.3640111269812145e+01	2.1793197130324037e+02
2.3660084397403963e+01	2.2250391784481326e+02
2.3680025007425350e+01	2.0208628148781298e+02
2.3700065785641332e+01	1.9191620268119001e+02
2.3720111083339205e+01	2.1683170212769815e+02
2.3740075439380583e+01	2.1934004214518794e+02
2.3760115957620624e+01	1.9207017055175390e+02
2.3780098363505331e+01	1.9312732244868465e+02
2.3800013522337611e+01	2.1617609836486483e+02
2.3820057887496127e+01	2.2814974704568354e+02
2.3840106537737583e+01	2.0533438786830880e+02
2.3860049867412162e+01	2.0303418230560820e+02
2.3880008347633296e+01	2.3833781617619445e+02
2.3900065798801148e+01	2.4240009108835750e+02
2.3920114663346034e+01	2.0355063106490681e+02
2.3940029942411982e+01	1.9831660347967062e+02
2.3960066920661294e+01	2.1199190127530122e+02
2.3980085357146514e+01	2.2104575467425900e+02
2.4000044084279839e+01	2.1155810476375953e+02
2.4020063348234633e+01	2.1534241431846803e+02
2.4040037333400210e+01	1.8825724196018743e+02
2.4060106813494386e+01	2.0094528694978271e+02
2.4080063673635774e+01	1.9908327966972595e+02
2.4100025293795134e+01	1.6698594386687517e+02
2.4120106736693110e+01	1.6294665195366159e+02
2.4140065584395941e+01	1.5071611830415870e+02
2.4160039641512558e+01	1.5620595922418829e+02
2.4180040413331511e+01	1.7088062766061228e+02
2.4200076147162090e+01	1.8937193087774833e+02
2.4220029000271623e+01	1.6571415525657187e+02
2.4240111553712019e+01	1.2951061125398368e+02
2.4260061591318664e+01	1.5940631018086222e+02
2.4280000580162522e+01	1.5900539795540277e+02
2.4300062459355374e+01	1.5290676189170733e+02
2.4320008496624560e+01	1.4448269654976690e+02
2.4340075727181603e+01	1.2870776030714615e+02
2.4360029221879842e+01	1.3330992415530861e+02
2.4380108345611728e+01	1.3953793708427358e+02
2.4400070707434885e+01	1.4532770318714955e+02
2.4420043090895327e+01	1.2826604364304092e+02
2.4440044197375936e+01	1.0491999088971075e+02
2.4460069797475356e+01	1.0627945368434101e+02
2.4480066839458292e+01	1.2914634406416960e+02
2.4500064615571937e+01	1.4120737067786320e+02
2.4520055260756440e+01	1.3841183263728516e+02
2.4540033818856418e+01	1.2367565543383965e+02
2.4560006100603996e+01	1.0214933764802221e+02
2.4580081977583387e+01	9.2191959064592822e+01
2.4600035523531481e+01	9.3124307296296251e+01
2.4620114489700985e+01	1.0565715514311167e+02
2.4640092208549198e+01	1.0884665119933059e+02
2.4660086886485491e+01	1.0579596044829857e+02
2.4680015307059005e+01	1.0007732976569098e+02
2.4700093384823383e+01	9.7500935286931949e+01
2.4720037885456257e+01	1.0167432856798911e+02
2.4740027684086996e+01	1.0304779798156612e+02
2.4760084094845432e+01	1.0021253763660177e+02
2.4780006594835200e+01	9.3203198630100303e+01
2.4800008864042098e+01	8.4281042120659961e+01
2.4820009310154003e+01	7.8769250282915763e+01
2.4840016808297271e+01	7.7537706412606013e+01
2.4860053296456009e+01	7.6941391339303948e+01
2.4880014565999204e+01	7.6257473330649759e+01
2.4900023800714763e+01	7.4365426805113827e+01
2.4920032418836048e+01	7.2896634324561276e+01
2.4940052458433371e+01	7.3013754121481227e+01
2.4960071658653174e+01	6.9104322352335345e+01
2.4980077277578523e+01	6.8828884551935886e+01
2.5000089975136948e+01	6.7723229793764901e+01
2.5020102514472203e+01	6.7550706968427406e+01
2.5040015048932172e+01	6.6851669197404334e+01
2.5060075698650103e+01	7.1903589043046580e+01
2.5080008685379685e+01	6.8721496923877950e+01
2.5100039192907420e+01	7.2285686691738235e+01
2.5120060360742475e+01	8.4160357177007555e+01
2.5140089566436629e+01	7.8733166429766882e+01
2.5160007426416954e+01	8.4039789183678295e+01
2.5180019585650349e+01	8.9073116701822485e+01
2.5200024194340017e+01	9.2685966981884235e+01
2.5220038018391698e+01	9.3662439326125664e+01
2.5240069564412771e+01	9.2956715404223232e+01
2.5260099088597681e+01	9.1098586808341949e+01
2.5280111338700852e+01	8.8838667941532393e+01
2.5300021262409615e+01	8.6764980794907231e+01
2.5320074608164724e+01	8.4907589244401080e+01
2.5340033883039741e+01	8.2677336891407549e+01
2.5360010172038180e+01	8.0723206915400596e+01
2.5380087374924994e+01	8.4428266503446920e+01
2.5400032361727316e+01	7.8073673666419296e+01
2.5420089834079604e+01	7.5933670514350567e+01
2.5440039512689808e+01	9.1365933098707742e+01
2.5460115239741487e+01	8.0371287491957787e+01
2.5480089332035696e+01	6.4624240839009374e+01
2.5500065643452167e+01	9.1706564212497668e+01
2.5520007007592358e+01	7.8545849338518792e+01
2.5540037778723889e+01	7.4591553063879445e+01
2.5560053487202321e+01	8.0130800469719333e+01
2.5580051262768908e+01	9.1003095941404723e+01
2.5600022334219769e+01	8.3835611939202266e+01
2.5620117508783316e+01	1.0256218820172344e+02
2.5640088591767338e+01	9.3126290643069638e+01
2.5660080987494670e+01	1.0391457204966633e+02
2.5680087995777274e+01	1.0730084275278152e+02
2.5700113963855884e+01	1.0387917827384547e+02
2.5720051759199073e+01	1.0036437529497965e+02
2.5740116851084302e+01	9.1783891254913158e+01
2.5760087431754446e+01	1.0740460609526200e+02
2.5780053268186581e+01	8.4870745488942148e+01
2.5800032847789502e+01	9.0866917911412017e+01
2.5820011192022424e+01	8.2221645534353229e+01
2.5840112057967062e+01	8.0027967512671452e+01
2.5860076551189067e+01	8.7654967147508231e+01
2.5880042302122394e+01	9.9244110886928183e+01
2.5900000694487805e+01	9.8980872412315009e+01
2.5920073424491367e+01	8.9232582836826396e+01
2.5940025373894034e+01	9.2047137472826265e+01
2.5960093487408280e+01	1.0122028720609923e+02
2.5980038574106501e+01	1.0348182064390700e+02
2.6000097304908905e+01	9.6971718434188332e+01
2.6020029415165862e+01	8.4808944530394612e+01
2.6040076198372596e+01	8.0836464986121754e+01
2.6060007923888605e+01	8.2513155478357689e+01
2.6080070484033733e+01	7.9335339297155386e+01
2.6100035916302389e+01	7.6257849134680512e+01
2.6120015274345853e+01	7.3267206200923084e+01
2.6140113172592478e+01	8.0088489636003004e+01
2.6160083183983975e+01	9.1064700095082301e+01
2.6180030440246124e+01	9.3502458350090421e+01
2.6200071885469693e+01	8.8951698966375332e+01
2.6220102862495565e+01	7.8171073333759480e+01
2.6240117611876922e+01	7.0284085760963123e+01
2.6260018835608779e+01	8.3271901401617143e+01
2.6280053658466382e+01	9.2893720599501563e+01
2.6300100226667514e+01	1.0046369987601980e+02
2.6320029153893980e+01	9.9504665081598048e+01
2.6340079470634549e+01	9.8252207986171868e+01
2.6360034033910278e+01	9.9715974324644861e+01
2.6380024689038962e+01	7.9950013810688120e+01
2.6400003410838405e+01	7.9151099218879835e+01
2.6420071599811109e+01	7.4348060466960007e+01
2.6440003044537619e+01	7.2334306501504727e+01
2.6460055837367836e+01	7.7427207245405612e+01
2.6480106349251919e+01	7.0564955621958390e+01
2.6500027114861297e+01	8.2153472263519518e+01
2.6520069255282248e+01	6.6220509886151504e+01
2.6540014287576206e+01	7.6696326530931898e+01
2.6560090398979835e+01	6.9824900182433908e+01
2.6580052996582374e+01	6.0247637011277313e+01
2.6600005052625441e+01	5.9448396723885168e+01
2.6620064873062006e+01	6.1831719404431496e+01
2.6640104651500138e+01	6.5050866716374017e+01
2.6660009112023165e+01	5.6439528292006756e+01
2.6680007912325216e+01	6.4744292279243766e+01
2.6700008808376690e+01	7.2277326240633556e+01
2.6720024934537843e+01	7.5262547898929398e+01
2.6740052776843786e+01	7.1428455107791734e+01
2.6760062686980895e+01	6.3195929946085670e+01
2.6780056270940953e+01	6.2084245937813940e+01
2.6800077772064654e+01	5.8775980198510950e+01
2.6820017972115917e+01	6.3324593551880604e+01
2.6840100864993531e+01	5.7631607758860156e+01
2.6860060661965029e+01	5.9200439034293723e+01
2.6880112031219713e+01	6.1491389175728564e+01
2.6900014670981502e+01	6.2808014920386370e+01
2.6920029626979034e+01	6.4646618419599776e+01
2.6940047213717822e+01	6.1732294889983940e+01
2.6960065618754694e+01	5.8773834463786223e+01
2.6980069930736832e+01	5.7876682931691064e+01
2.7000040352871274e+01	5.6965723554287685e+01
2.7020003964289625e+01	5.7749807191125647e+01
2.7040086739033647e+01	5.3843902821736023e+01
2.7060092892507928e+01	5.7271104403942303e+01
2.7080104512567484e+01	6.1597263494323876e+01
2.7100099704023592e+01	6.2906903495387127e+01
2.7120083369241197e+01	6.5308553887571577e+01
2.7140056679690925e+01	6.9289058987612108e+01
2.7160014693418724e+01	7.3375811189707520e+01
2.7180068987944690e+01	7.7074608864248546e+01
2.7200109138249438e+01	7.6913510829133955e+01
2.7220016269999274e+01	7.5616882425824855e+01
2.7240035299797512e+01	7.3241795190254791e+01
2.7260064039767638e+01	6.9381456309549407e+01
2.7280098679733872e+01	6.4145730788632946e+01
2.7300042050265390e+01	5.7759834694446084e+01
2.7320004683796331e+01	5.7446158042330332e+01
2.7340093551798414e+01	5.8988969636187591e+01
2.7360083759994129e+01	5.7569744197411111e+01
2.7380108240359736e+01	6.5413013379769779e+01
2.7400048347874296e+01	6.9205903377179098e+01
2.7420110096509557e+01	6.3220231087697606e+01
2.7440062259481468e+01	6.9783523318018766e+01
2.7460021212764971e+01	6.3722300384805855e+01
2.7480118232181688e+01	5.7984742546979774e+01
2.7500112565901127e+01	5.9980450369622368e+01
2.7520116563761825e+01	5.0998562495204368e+01
2.7540009992271365e+01	5.0634252253401023e+01
2.7560023150277573e+01	5.4581380792617004e+01
2.7580028618306880e+01	5.6584438990387945e+01
2.7600018009764138e+01	5.5029470173678611e+01
2.7620003161843112e+01	5.7361869716404691e+01
2.7640096188331697e+01	5.9544864805220058e+01
2.7660064503510966e+01	6.1207970882477973e+01
2.7680025199517484e+01	6.2071340564608569e+01
2.7700096749068752e+01	7.1946670029514110e+01
2.7720032599685123e+01	7.6747346239753028e+01
2.7740089172256230e+01	7.7079300810403538e+01
2.7760050489958683e+01	7.6809715297048854e+01
2.7780022597148218e+01	8.5578858198927605e+01
2.7800002090229025e+01	9.2784989027175470e+01
2.7820089026510779e+01	9.3485845298285071e+01
2.7840036671262148e+01	8.3936106902052785e+01
2.7860082632318328e+01	7.9761498420668019e+01
2.7880001126455937e+01	8.9601047427326321e+01
2.7900039238712935e+01	8.2357880805138535e+01
2.7920076850115510e+01	9.0077985370098844e+01
2.7940004517997021e+01	9.7614563052282534e+01
2.7960018403741490e+01	9.3111563073804064e+01
2.7980103350304489e+01	9.6367172456330863e+01
2.8000042201901696e+01	8.8831097780300837e+01
2.8020064959503262e+01	8.3977978931225692e+01
2.8040059778791278e+01	8.4082094494887855e+01
2.8060028444988426e+01	7.9689235434740482e+01
2.8080102502617489e+01	9.1138433917331000e+01
2.8100058489879167e+01	8.3410128448936632e+01
2.8120036407467932e+01	7.7781617350139584e+01
2.8140016817086881e+01	7.8316634359493477e+01
2.8160102831076088e+01	8.6982005286995786e+01
2.8180059633792478e+01	8.6995823026428212e+01
2.8200007436840604e+01	8.3672152134288268e+01
2.8220049154393003e+01	8.5079113272811952e+01
2.8240085781157958e+01	8.2903508793638991e+01
2.8260004739160770e+01	8.3118687661928320e+01
2.8280036722460874e+01	7.7741917478606354e+01
2.8300064360452605e+01	7.1689212489967545e+01
2.8320089328273369e+01	7.1807667919251301e+01
2.8340004920690841e+01	7.3437638585357362e+01
2.8360054342383936e+01	7.1570155460460285e+01
2.8380009814603831e+01	6.8282788581826694e+01
2.8400108217504091e+01	6.6528907270158555e+01
2.8420024142786573e+01	6.5959354408160294e+01
2.8440100837938271e+01	6.7112183818990118e+01
2.8460067685887193e+01	6.8558686696044873e+01
2.8480027579397376e+01	6.9523006208797668e+01
2.8500102329533625e+01	6.9495514362677667e+01
2.8520049619015762e+01	6.6270660714224164e+01
2.8540099712853149e+01	6.4912802678853168e+01
2.8560024350022655e+01	8.0148656417934362e+01
2.8580059388229401e+01	7.8458772296907540e+01
2.8600081097825512e+01	8.6512449480418738e+01
2.8620085105253423e+01	8.4814001765924672e+01
2.8640078856390730e+01	8.2514082186209990e+01
2.8660056934921883e+01	7.9716543668317712e+01
2.8680018720388190e+01	8.5208578244511401e+01
2.8700092883200412e+01	9.4017172968306340e+01
2.8720061985677070e+01	9.9489212339376849e+01
2.8740034847025953e+01	1.0101023463389676e+02
2.8760061682623540e+01	9.7405383982588646e+01
2.8780036651902009e+01	9.6926394334677084e+01
2.8800090100233650e+01	1.0775282345995500e+02
2.8820024568780955e+01	1.1244270457424946e+02
2.8840094932601545e+01	1.1471658754806519e+02
2.8860077406740423e+01	1.0322322618043762e+02
2.8880056807492824e+01	1.1175466373299275e+02
2.8900049358718977e+01	9.9405108171964741e+01
2.8920077355014154e+01	9.9229489961604301e+01
2.8940000701867795e+01	8.7104820412236393e+01
2.8960033247445281e+01	9.5386019549120661e+01
2.8980063901113976e+01	9.9746797401457002e+01
2.9000082534625047e+01	9.1827850387934490e+01
2.9020095717561990e+01	8.8034435283734823e+01
2.9040109937543619e+01	8.3634323801850798e+01
2.9060016582609737e+01	8.2834372989937805e+01
2.9080007005750591e+01	7.2329744142995011e+01
2.9100094350365577e+01	8.8889717092034388e+01
2.9120057920479006e+01	7.4549183179184467e+01
2.9140110772244544e+01	8.0918357933760191e+01
2.9160103660230501e+01	8.5352562602137070e+01
2.9180036794146378e+01	8.1139042470149874e+01
2.9200030832228773e+01	8.5779976911262764e+01
2.9220096258297257e+01	8.8091116693632841e+01
2.9240039098927738e+01	8.9427452658993076e+01
2.9260072759696190e+01	8.8583209693225072e+01
2.9280095384130039e+01	7.5585471804242289e+01
2.9300028192491183e+01	7.2568897608205731e+01
2.9320095900729982e+01	7.3696799505300930e+01
2.9340049883757128e+01	7.9011624340805113e+01
2.9360027793091437e+01	8.3926889067435852e+01
2.9380035052205457e+01	9.0964368329147362e+01
2.9400084760036002e+01	9.5468230920027196e+01
2.9420062195044292e+01	1.0205215895670952e+02
2.9440070854819616e+01	9.9010069513280413e+01
2.9460019819023337e+01	1.0567811758914826e+02
2.9480086709667191e+01	1.0824035054502536e+02
2.9500030827055276e+01	1.0529648973647183e+02
2.9520082424149155e+01	1.0073048261768703e+02
2.9540067713628247e+01	9.7888169917908002e+01
2.9560000609688885e+01	1.0011953160429421e+02
2.9580088115984303e+01	9.2684309381980128e+01
2.9600027865916221e+01	7.2532349657576589e+01
2.9620063372412417e+01	8.3645465561048923e+01
2.9640082847095005e+01	8.7957150825988975e+01
2.9660087890382812e+01	7.6811681922139883e+01
2.9680079154397752e+01	7.9489770879481384e+01
2.9700061670133763e+01	9.1672637067436312e+01
2.9720029461466531e+01	8.2177343539255588e+01
2.9740103409013788e+01	7.0161082594787075e+01
2.9760087494126065e+01	8.6481713954918774e+01
2.9780117526709944e+01	9.8056848538609088e+01
2.9800070124207991e+01	9.7532574297899345e+01
2.9820039419766672e+01	9.5650768584989024e+01
2.9840106990543607e+01	9.4260413715297190e+01
2.9860061638494688e+01	9.4695560559472113e+01
2.9880031526302776e+01	1.0023109444263964e+02
2.9900017774730117e+01	1.0662677441327406e+02
2.9920110385238303e+01	1.1299604325545177e+02
2.9940086913929420e+01	1.1956103191509690e+02
2.9960053599741283e+01	1.2019756204970150e+02
2.9980010825795709e+01	1.1013000085631940e+02
3.0000078456042132e+01	8.9875416874542637e+01
3.0020012786015169e+01	1.0013888596362651e+02
3.0040055173237160e+01	1.0675455834868968e+02
3.0060098346038703e+01	1.0733163590825934e+02
3.0080024462299932e+01	9.6625894526988276e+01
3.0100055760582446e+01	8.9055166879503091e+01
3.0120058229631898e+01	1.1034576423253488e+02
3.0140061232155176e+01	1.1707269567058462e+02
3.0160071067871574e+01	1.1012784977709394e+02
3.0180106805288684e+01	9.4149501514566523e+01
3.0200050695232466e+01	7.5492720694763165e+01
3.0220113354877931e+01	8.4238923895937020e+01
3.0240056024153748e+01	8.6966149004937620e+01
3.0260116326207449e+01	8.3957807495846822e+01
3.0280061693592536e+01	7.8346861586070773e+01
3.0300009176743071e+01	7.0354891925751787e+01
3.0320091554946654e+01	6.6053134672457404e+01
3.0340046944856294e+01	6.7959950819521524e+01
3.0360101636195001e+01	7.2405655204015730e+01
3.0380025787823470e+01	7.4631879282472241e+01
3.0400069600108662e+01	7.5019121360286661e+01
3.0420025586341744e+01	8.4056713848394111e+01
3.0440016184863623e+01	8.9438561030677391e+01
3.0460040592172366e+01	8.8449100056707110e+01
3.0480061822967183e+01	8.1955981285595755e+01
3.0500078293914729e+01	7.7754518061942491e+01
3.0520100695168942e+01	8.1324695955981454e+01
3.0540092463206275e+01	7.3251724204381318e+01
3.0560042617205955e+01	8.7062052538712692e+01
3.0580084617456915e+01	8.5574622734700895e+01
3.0600009355765824e+01	7.9288773947146382e+01
3.0620063249284925e+01	8.2922773594517452e+01
3.0640005466891328e+01	7.8887717766155859e+01
3.0660056292365578e+01	8.1721537628539849e+01
3.0680014525006751e+01	8.1409006022712390e+01
3.0700112350128883e+01	7.6021214662915398e+01
3.0720077300394550e+01	8.3868652471225317e+01
3.0740018939188182e+01	7.4891994707840794e+01
3.0760055611637334e+01	8.1774083109399839e+01
3.0780083657522010e+01	7.6692701242924244e+01
3.0800115289843379e+01	8.5228903422384178e+01
3.0820037117367796e+01	8.3010647556838506e+01
3.0840065297157967e+01	8.2971942053628325e+01
3.0860040469511802e+01	8.5750347797975522e+01
3.0880080520097856e+01	7.6206359114065222e+01
3.0900093956476670e+01	9.0560687432685754e+01
3.0920103775090848e+01	7.5865418560237714e+01
3.0940033350719752e+01	8.0848028255102335e+01
3.0960107129815725e+01	7.5277312168878950e+01
3.0980087153108286e+01	7.2097161464046764e+01
3.1000087133597827e+01	7.4309121470193318e+01
3.1020106756751836e+01	7.5085882244233787e+01
3.1040023888937071e+01	7.6615364794715319e+01
3.1060080979636904e+01	7.3513059421713123e+01
3.1080038737533631e+01	8.1244457763595250e+01
3.1100076656248735e+01	8.9172703272425068e+01
3.1120087937810300e+01	8.9967619944589927e+01
3.1140078448095810e+01	8.2442147372523422e+01
3.1160062336533443e+01	7.8541143397533276e+01
3.1180047104832475e+01	8.9608065778386404e+01
3.1200020827271715e+01	9.1623662805048824e+01
3.1220081769420908e+01	9.9370337365798861e+01
3.1240041476225485e+01	9.9663609988488020e+01
3.1260005166560976e+01	9.1957884137891938e+01
3.1280093062629927e+01	9.8624343716358510e+01
3.1300046644512125e+01	9.8546306551042804e+01
3.1320098940683970e+01	1.0525307358141049e+02
3.1340048048599641e+01	1.1313976896608611e+02
3.1360017731509270e+01	1.1605541870366126e+02
3.1380019135535328e+01	1.1551840871869663e+02
3.1400061830200400e+01	1.1362523933330812e+02
3.1420017851928417e+01	1.3081172086999635e+02
3.1440088386387238e+01	1.4873217994850546e+02
3.1460019717635092e+01	1.5889801143823581e+02
3.1480045393082406e+01	1.5651882745463638e+02
3.1500060263573996e+01	1.4856393310315701e+02
3.1520063015579947e+01	1.4315714970871912e+02
3.1540066515201350e+01	1.4133709483104778e+02
3.1560074349908106e+01	1.4114567411827588e+02
3.1580093160453963e+01	1.4069452457906101e+02
3.1600116250085893e+01	1.3853791583371117e+02
3.1620025549147751e+01	1.3388293601181212e+02
3.1640050854773552e+01	1.3297044529051672e+02
3.1660053053590939e+01	1.3857609863002679e+02
3.1680038298075345e+01	1.4379407223436905e+02
3.1700015531969143e+01	1.4749266851333635e+02
3.1720106324142058e+01	1.5001144654516276e+02
3.1740072612507827e+01	1.5091865987056673e+02
3.1760017933175906e+01	1.5048030384389770e+02
3.1780058253967209e+01	1.5092433610584337e+02
3.1800092996948727e+01	1.5564709337493528e+02
3.1820108745478411e+01	1.5654098474078023e+02
3.1840094395976152e+01	1.5545080173178752e+02
3.1860055758239699e+01	1.5664689039506769e+02
3.1880017075298070e+01	1.6056872330642653e+02
3.1900114645004379e+01	1.6380970586535062e+02
3.1920006023580893e+01	1.6774489231660272e+02
3.1940011096449741e+01	1.7462366925859180e+02
3.1960113776881595e+01	1.8808450192306961e+02
3.1980098766515283e+01	2.0758664572860468e+02
3.2000092626656489e+01	2.1840956031529259e+02
3.2020102599173129e+01	1.9847117379304512e+02
3.2040008401874523e+01	2.1761982933995228e+02
3.2060113963919605e+01	2.2794913334107991e+02
3.2080088868196398e+01	2.2906131267801470e+02
3.2100037066056053e+01	2.2152911878102125e+02
3.2120076047302547e+01	2.0886872170087790e+02
3.2140101079842971e+01	1.8943868108561321e+02
3.2160012293290769e+01	1.6261278469831049e+02
3.2180045231960136e+01	1.4737228559034673e+02
3.2200073066087398e+01	1.5070206494626433e+02
3.2220097819035978e+01	1.5000806194959219e+02
3.2240016831242372e+01	1.4848424566487589e+02
3.2260061476425655e+01	1.4468596551442118e+02
3.2280107416591193e+01	1.3840927971890511e+02
3.2300024643026191e+01	1.3424969366095016e+02
3.2320049406248316e+01	1.4333728127078180e+02
3.2340074577573880e+01	1.4561249932280742e+02
3.2360111131509555e+01	1.4050968251444729e+02
3.2380048437492171e+01	1.2889654318994087e+02
3.2400079421879362e+01	1.1536540888545640e+02
3.2420070738841744e+01	1.0931584282175969e+02
3.2440034902017956e+01	1.0394223168387094e+02
3.2460004320938395e+01	1.1194633425235126e+02
3.2480115594252965e+01	1.1905017278287923e+02
3.2500025242832038e+01	1.2357928072460730e+02
3.2520105351738493e+01	1.2114956867283881e+02
3.2540098719209261e+01	1.1762894656882308e+02
3.2560097977772791e+01	1.1744384439379384e+02
3.2580081550194720e+01	1.2251870961530038e+02
3.2600066890777789e+01	1.4095093414017961e+02
3.2620093827580178e+01	1.4024207132894486e+02
3.2640034737821459e+01	1.3295270625892488e+02
3.2660100541227791e+01	1.3604741526948746e+02
3.2680083236637600e+01	1.3148355853033001e+02
3.2700008135856500e+01	1.3013041330906887e+02
3.2720075909615879e+01	1.3556266538193461e+02
3.2740106353521313e+01	1.4931109178330780e+02
3.2760111497577682e+01	1.5574336726732773e+02
3.2780111325482920e+01	1.5846517879752528e+02
3.2800108996930277e+01	1.6759251484140682e+02
3.2820111391623833e+01	1.6055509177971717e+02
3.2840029846023270e+01	1.4604483532823363e+02
3.2860093020428152e+01	1.6403927412801949e+02
3.2880055117586728e+01	1.7355550515909934e+02
3.2900020588608932e+01	1.7417093528756024e+02
3.2920094439833974e+01	1.6747758184381840e+02
3.2940038482068147e+01	1.5617692225959595e+02
3.2960103270322293e+01	1.4533880589318085e+02
3.2980035348660493e+01	1.3557118708575126e+02
3.3000083526412411e+01	1.3296331223818868e+02
3.3020015155146240e+01	1.3235489765316800e+02
3.3040052497862391e+01	1.3524157758608186e+02
3.3060086372594917e+01	1.2897662523205867e+02
3.3080014063512643e+01	1.3154360073454802e+02
3.3100083627133010e+01	1.2994581772845655e+02
3.3120041409356226e+01	1.3259011358946776e+02
3.3140105875848015e+01	1.4741878642528269e+02
3.3160031668231689e+01	1.3776816340863817e+02
3.3180076007091493e+01	1.4983426030429661e+02
3.3200004382729077e+01	1.3315305505361485e+02
3.3220059125709206e+01	1.2918397315064016e+02
3.3240014898743475e+01	1.2671767160272132e+02
3.3260080517567644e+01	1.2147794697350145e+02
3.3280027709596297e+01	1.5516115776524174e+02
3.3300100463930626e+01	1.3046972424820422e+02
3.3320058893212575e+01	1.2560154492286620e+02
3.3340023196885475e+01	1.3029071279644728e+02
3.3360114053682715e+01	1.2586085054583889e+02
3.3380096750538371e+01	1.3617695755070054e+02
3.3400095180616020e+01	1.1816610596158678e+02
3.3420086857120587e+01	1.2242293011080324e+02
3.3440062658949664e+01	1.3218500694361654e+02
3.3460038912768916e+01	1.4675149757893413e+02
3.3480017704616003e+01	1.6456358597198860e+02
3.3500002447128004e+01	1.7221263423132081e+02
3.3520097594197622e+01	1.6755463572256815e+02
3.3540053521697196e+01	1.5374973230604692e+02
3.3560002136853605e+01	1.3706486075844518e+02
3.3580079455901128e+01	1.2655137519342773e+02
3.3600048201568718e+01	1.2408421363851176e+02
3.3620010219904728e+01	1.2061263524024457e+02
3.3640097890807631e+01	1.2994757797545384e+02
3.3660064334617793e+01	1.0232568968470747e+02
3.3680032699444965e+01	1.0843689879530464e+02
3.3700008935553079e+01	1.1846327819168600e+02
3.3720011163308726e+01	1.1278419742086970e+02
3.3740030941630273e+01	9.6386238095981156e+01
3.3760036043870173e+01	9.6324612733366322e+01
3.3780040744886001e+01	1.0021498332702269e+02
3.3800052904354054e+01	9.9083679382641748e+01
3.3820048043788084e+01	1.0058040342990382e+02
3.3840025370670325e+01	1.0173800610627346e+02
3.3860109346262909e+01	7.8820590224280821e+01
3.3880060289103497e+01	8.3728522418415707e+01
3.3900117635393251e+01	9.9382647401561357e+01
3.3920056065040896e+01	1.0769336621441914e+02
3.3940103760922419e+01	9.4831286387675718e+01
3.3960025488756685e+01	9.6777935456326645e+01
3.3980065578294081e+01	9.5540953076293320e+01
3.4000113097493966e+01	1.0451807907579108e+02
3.4020054903693818e+01	1.1550107989583258e+02
3.4040011216293749e+01	1.1329462928879894e+02
3.4060098204675626e+01	1.0065939992448533e+02
3.4080084955231086e+01	9.6858949843503709e+01
3.4100099402270175e+01	1.0574423544127544e+02
3.4120112276347307e+01	1.0303938893324012e+02
3.4140099671786935e+01	1.0107921230566761e+02
3.4160068433884170e+01	1.1006837838264815e+02
3.4180017491783126e+01	9.8062425491308815e+01
3.4200056521011184e+01	1.0762548205106584e+02
3.4220063147122239e+01	9.9277844700367012e+01
3.4240043497983990e+01	9.5844666132510810e+01
3.4260016654741044e+01	9.4008749710440242e+01
3.4280099455721505e+01	1.0190931052070388e+02
3.4300042207018627e+01	1.0192014075235289e+02
3.4320097136284339e+01	1.2168277679039019e+02
3.4340031312135309e+01	1.2899444163149138e+02
3.4360074557043184e+01	1.1552022837503010e+02
3.4380036118981607e+01	1.4469359313563967e+02
3.4400038162074331e+01	1.5328553817096119e+02
3.4420032445105385e+01	1.2723766478679663e+02
3.4440018602166361e+01	1.3335099895977606e+02
3.4460004022777134e+01	1.3230733471095198e+02
3.4480112024394970e+01	1.2600332300294411e+02
3.4500097430861743e+01	1.4520547962054661e+02
3.4520102261005533e+01	1.4553541874923383e+02
3.4540020700045218e+01	1.2776970032618836e+02
3.4560038094594198e+01	1.2622482541659720e+02
3.4580036195008844e+01	1.1589400518030423e+02
3.4600038032398182e+01	1.1561851021873969e+02
3.4620063947934419e+01	1.3053264300865928e+02
3.4640094291135860e+01	1.3392010332555586e+02
3.4660097109925616e+01	1.3080190829761040e+02
3.4680108412788847e+01	1.2318960470626317e+02
3.4700010285604819e+01	1.1190523273375760e+02
3.4720042241641302e+01	1.2944142663127911e+02
3.4740112433038817e+01	1.4859336193562226e+02
3.4760109499685257e+01	1.2823309207073748e+02
3.4780012573717556e+01	1.1986533413659156e+02
3.4800015496307694e+01	1.1841393180922459e+02
3.4820015148079499e+01	1.4793200934686638e+02
3.4840117503150708e+01	1.3727671408140409e+02
3.4860089196275204e+01	1.1980380189776905e+02
3.4880078880538306e+01	1.1714101884843207e+02
3.4900081124509008e+01	1.0597661090512797e+02
3.4920085184532020e+01	1.2602073767874998e+02
3.4940100526754719e+01	1.1786691632519171e+02
3.4960110934024499e+01	1.1601900682630745e+02
3.4980109346175738e+01	9.5786181850033856e+01
3.5000107792786686e+01	1.1296386174347860e+02
3.5020094799318912e+01	1.0497271595295929e+02
3.5040083112149503e+01	1.1545011226542607e+02
3.5060074038900183e+01	1.2664000833653336e+02
3.5080064021471436e+01	1.1473249189518538e+02
3.5100028214473021e+01	1.2273051541395401e+02
3.5120083250416954e+01	1.3707262345400983e+02
3.5140001833372111e+01	1.2669902486062877e+02
3.5160018533526227e+01	1.3547677432654322e+02
3.5180030431581663e+01	1.2699488364126104e+02
3.5200043350161074e+01	1.2372263464024924e+02
3.5220066637221336e+01	1.2801258078147782e+02
3.5240109858135938e+01	1.2017436381949641e+02
3.5260057021339492e+01	1.0508555180699881e+02
3.5280019633864427e+01	1.1886644968928107e+02
3.5300064084135990e+01	1.2943831666754124e+02
3.5320093722004437e+01	1.2822511834896153e+02
3.5340002809222554e+01	1.3000473878608415e+02
3.5360042916285884e+01	1.2695790990234066e+02
3.5380103604552261e+01	1.2084144363410523e+02
3.5400049737836014e+01	1.2088341892351454e+02
3.5420109620783052e+01	1.2149663279677711e+02
3.5440051135319749e+01	1.2081109028042478e+02
3.5460088824099067e+01	1.2715472972706669e+02
3.5480000406056391e+01	1.3005721936205862e+02
3.5500050948459020e+01	1.2968037715201106e+02
3.5520105215327931e+01	1.3702093603136461e+02
3.5540038357335554e+01	1.3381460005222220e+02
3.5560088078500470e+01	1.3404019217554304e+02
3.5580020639235215e+01	1.4576547869525174e+02
3.5600064978665614e+01	1.4653279028579246e+02
3.5620103777542717e+01	1.5236496015878996e+02
3.5640031028683438e+01	1.5317227145431266e+02
3.5660074886120768e+01	1.3628283411211561e+02
3.5680004409757601e+01	1.6720511527902536e+02
3.5700064954626271e+01	1.6371755799735610e+02
3.5720025528659534e+01	1.5222666245359096e+02
3.5740114746806611e+01	1.3340814496644063e+02
3.5760088784236608e+01	1.6214469720296773e+02
3.5780062680730069e+01	1.5788580869524918e+02
3.5800024542221735e+01	1.4860351314565483e+02
3.5820096243444979e+01	1.2426391966069866e+02
3.5840029334902439e+01	1.5845031639214486e+02
3.5860072429161846e+01	1.4031491635141020e+02
3.5880113940848162e+01	1.3385145336726100e+02
3.5900048368651099e+01	1.2340856698590639e+02
3.5920005807223696e+01	1.4723886029433220e+02
3.5940095759049065e+01	1.3085724755775763e+02
3.5960086620315806e+01	1.2640217666081105e+02
3.5980075597012259e+01	1.3257737357999250e+02
3.6000049238586520e+01	1.3472844350139337e+02
3.6020117156460401e+01	1.4257762291429592e+02
3.6040073701669300e+01	1.2826605127189879e+02
3.6060030994850521e+01	1.2072954610587487e+02
3.6080108654756742e+01	1.3201735305704955e+02
3.6100059235565340e+01	1.3326294931534574e+02
3.6120110044208658e+01	1.2714289352796575e+02
3.6140039746270133e+01	1.2050858444594286e+02
3.6160083165656346e+01	1.2849666459339409e+02
3.6180006933052745e+01	1.2562082613064790e+02
3.6200051290116342e+01	1.1686173871191649e+02
3.6220092256278022e+01	1.2604674878762809e+02
3.6240008219536037e+01	1.2978784725628927e+02
3.6260035289253857e+01	1.2180808758957652e+02
3.6280066936217366e+01	1.1401138404062560e+02
3.6300112299061688e+01	1.2350495344905427e+02
3.6320053069251038e+01	1.1421573242006684e+02
3.6340113707482949e+01	1.1656512143405023e+02
3.6360066344195538e+01	1.3708820771069549e+02
3.6380043310450489e+01	1.3550222878933337e+02
3.6400020749374562e+01	1.2378725893055596e+02
3.6420075325625298e+01	1.2746140420621235e+02
3.6440075863363624e+01	1.3754548921708513e+02
3.6460051232687910e+01	1.4624280759188488e+02
3.6480010035874649e+01	1.3912569922997801e+02
3.6500076899858584e+01	1.2056476203667131e+02
3.6520015241555051e+01	1.3474411920451826e+02
3.6540068350317682e+01	1.4355558716558792e+02
3.6560013928366729e+01	1.4216505217342731e+02
3.6580090007209385e+01	1.2877752160473796e+02
3.6600096489490035e+01	1.2033453733683547e+02
3.6620051334523573e+01	1.3582944385790256e+02
3.6640024651921330e+01	1.4453415720362628e+02
3.6660115689267585e+01	1.4167379244560348e+02
3.6680095712832724e+01	1.2435038771587448e+02
3.6700062106964857e+01	1.0746106264288461e+02
3.6720010646595490e+01	1.1791206910848844e+02
3.6740062160420436e+01	1.1443220430383323e+02
3.6760097119800307e+01	1.2771291266098373e+02
3.6780003181865766e+01	1.1529467431490954e+02
3.6800022502668568e+01	1.2491357220931613e+02
3.6820058319689991e+01	1.3081442663984137e+02
3.6840115713548826e+01	1.4683302639023714e+02
3.6860039793702910e+01	1.5018061893466682e+02
3.6880099107262247e+01	1.6918288968396590e+02
3.6900085786244937e+01	1.7614098485608741e+02
3.6920105715756115e+01	1.8457113505818324e+02
3.6940105520446991e+01	1.9078077269325684e+02
3.6960091489705327e+01	1.5998067804058735e+02
3.6980076684640643e+01	1.6406774832185056e+02
3.7000044276491828e+01	1.6325634927457162e+02
3.7020005117738954e+01	1.7624037749630443e+02
3.7040092562092660e+01	1.7382143090144012e+02
3.7060073841007402e+01	1.9261321265736484e+02
3.7080059789284391e+01	1.4392571612741196e+02
3.7100056125649729e+01	1.6847569183504672e+02
3.7120075225340720e+01	1.2814403465111724e+02
3.7140102765649843e+01	1.7116020372550693e+02
3.7160026398805279e+01	1.3216204692856323e+02
3.7180070400132408e+01	1.6290466908420598e+02
3.7200099296824426e+01	1.2903362252823916e+02
3.7220116248934040e+01	1.4551248749679615e+02
3.7240101375609626e+01	1.2872011995058469e+02
3.7260041985488002e+01	1.5253209283529753e+02
3.7280081264012047e+01	1.3466845374786482e+02
3.7300111902513379e+01	1.2885925518817643e+02
3.7320023202626295e+01	1.1720883053150794e+02
3.7340050387611143e+01	1.3658727550936391e+02
3.7360088310356481e+01	1.0948215762647803e+02
3.7380044314901063e+01	1.4703432099160383e+02
3.7400031785641950e+01	1.1398970666573709e+02
3.7420049554854415e+01	1.4810567217525045e+02
3.7440074304337458e+01	1.3402884114364022e+02
3.7460061010267935e+01	1.3016548535020686e+02
3.7480018090083675e+01	1.3103845931766102e+02
3.7500057959963058e+01	1.1809258363359992e+02
3.7520065093336960e+01	1.3469782907350535e+02
3.7540051502686033e+01	1.2790573843082306e+02
3.7560015911231432e+01	1.4538145664220986e+02
3.7580089589862851e+01	1.3726688409608636e+02
3.7600018120082055e+01	9.6442953720881505e+01
3.7620059198752159e+01	1.2864659023383899e+02
3.7640095815820288e+01	1.3708176407416931e+02
3.7660022844234575e+01	1.0992841852542260e+02
3.7680081391428317e+01	1.1213641606535805e+02
3.7700041138432418e+01	1.0998180769827614e+02
3.7720032357671478e+01	1.1258706342395178e+02
3.7740055182628353e+01	1.1799393364463432e+02
3.7760102492086183e+01	1.1716893344531944e+02
3.7780020474827630e+01	1.1860852919184155e+02
3.7800031862825570e+01	1.1190139064742209e+02
3.7820053896450212e+01	1.2322778276215287e+02
3.7840089223215379e+01	1.3077738684776625e+02
3.7860110202639092e+01	1.2715007316022326e+02
3.7880022945581061e+01	1.2559010058738968e+02
3.7900082652149415e+01	1.3489251996960280e+02
3.7920050124134839e+01	1.3297495895554400e+02
3.7940006505805933e+01	1.2108135713563337e+02
3.7960112235300294e+01	1.1107279087238611e+02
3.7980108175336575e+01	1.2229850050539716e+02
3.8000103907966775e+01	1.2525249842447754e+02
3.8020080611603994e+01	1.1767527514721750e+02
3.8040006941876825e+01	1.0083827396337009e+02
3.8060009411505227e+01	1.0307339731418179e+02
3.8080116182964368e+01	1.0830888959969481e+02
3.8100114815339921e+01	1.0355557446024169e+02
3.8120115355085787e+01	9.0219463941963653e+01
3.8140109108592085e+01	1.0191927020760411e+02
3.8160110975687310e+01	1.1105262504660821e+02
3.8180023093722227e+01	1.0658567385616398e+02
3.8200097954935892e+01	9.2754626376630043e+01
3.8220068551030387e+01	8.1450755953354047e+01
3.8240011836832544e+01	9.6555933470472183e+01
3.8260074656560313e+01	1.0006028627701298e+02
3.8280029369675532e+01	9.3161202469970334e+01
3.8300096389813746e+01	8.0621626346641605e+01
3.8320041957566517e+01	9.5825124956155690e+01
3.8340107272319457e+01	1.0821486322196991e+02
3.8360035664902369e+01	1.1275186386981221e+02
3.8380096266938139e+01	1.0796174930833259e+02
3.8400031303677601e+01	9.9929863929078408e+01
3.8420076693581400e+01	1.0159843967736548e+02
3.8440031284455408e+01	1.0796401372421983e+02
3.8460007711300129e+01	1.2177473510975756e+02
3.8480083168068781e+01	1.3110632931570422e+02
3.8500021353650858e+01	1.3436348774935831e+02
3.8520054703021330e+01	1.3110007621983581e+02
3.8540069062867488e+01	1.2166345042292382e+02
3.8560070958587815e+01	1.3373187608134870e+02
3.8580070008939117e+01	1.6054577568425117e+02
3.8600073835354706e+01	1.8130051129407747e+02
3.8620093830259755e+01	1.9294560083387401e+02
3.8640107294988383e+01	1.9392639875519794e+02
3.8660117525232273e+01	1.8489291473567900e+02
3.8680010985237040e+01	1.6860700295713431e+02
3.8700025889841072e+01	1.4985619660720207e+02
3.8720065561447221e+01	1.3250142646612937e+02
3.8740030261191976e+01	1.2139832989828622e+02
3.8760054308324605e+01	1.3309615716437114e+02
3.8780088322145232e+01	1.4834274900133153e+02
3.8800007847864116e+01	1.6090385076642346e+02
3.8820043603189717e+01	1.6992828525852579e+02
3.8840085072590789e+01	1.7588183333435018e+02
3.8860115648312124e+01	1.7949214866257500e+02
3.8880024223182765e+01	1.8092635680140822e+02
3.8900071631713587e+01	1.8087008147716017e+02
3.8920000669552927e+01	1.7641731734413031e+02
3.8940045615049918e+01	1.6747092380094108e+02
3.8960089378992720e+01	1.5164836727708970e+02
3.8980113606374701e+01	1.2826114463368390e+02
3.9000013406025673e+01	1.1015022567005799e+02
3.9020032922764784e+01	1.2958001325845871e+02
3.9040080595164703e+01	1.5058460106510586e+02
3.9060017425277174e+01	1.6560142747008044e+02
3.9080039246747482e+01	1.6766541468098532e+02
3.9100034408984079e+01	1.5459085997981956e+02
3.9120047341795441e+01	1.2791912881022610e+02
3.9140079816861281e+01	1.0617724193261817e+02
3.9160096608824517e+01	1.0756599048115741e+02
3.9180088955519217e+01	1.2725610879682222e+02
3.9200078088305538e+01	1.3272109599048355e+02
3.9220078802040383e+01	1.1830174427274397e+02
3.9240062589235414e+01	1.1867519910968350e+02
3.9260028036663869e+01	1.2063619292411792e+02
3.9280101091750304e+01	1.1737463389263587e+02
3.9300048413241889e+01	1.1682354633371816e+02
3.9320003094451131e+01	1.2706351440618283e+02
3.9340082719893829e+01	1.2218400032682166e+02
3.9360044396520600e+01	1.3035816703721918e+02
3.9380116506371984e+01	1.3501421310421591e+02
3.9400065629298595e+01	1.2531123143564611e+02
3.9420016667669721e+01	1.3862556102424494e+02
3.9440082485673329e+01	1.3516317674073449e+02
3.9460027040547821e+01	1.3432072037761137e+02
3.9480095373646805e+01	1.4139082551114618e+02
3.9500074797844086e+01	1.3066415627727847e+02
3.9520064641816639e+01	1.3400475597178783e+02
3.9540036636317652e+01	1.2601978214643505e+02
3.9560113961883204e+01	1.2890845048625462e+02
3.9580071917462597e+01	1.3276508718784569e+02
3.9600045808765913e+01	1.3532907195160320e+02
3.9620041203091496e+01	1.3819687046455101e+02
3.9640052270761494e+01	1.5024844122416445e+02
3.9660083342504223e+01	1.6250718647634852e+02
3.9680101264792576e+01	1.7122920580665988e+02
3.9700118107229386e+01	1.7634800033325666e+02
3.9720011788832608e+01	1.7621103964240172e+02
3.9740116816937864e+01	1.6989963977050982e+02
3.9760087013729816e+01	1.5986135843751009e+02
3.9780052454498446e+01	1.4394922292800155e+02
3.9800026207352253e+01	1.3687700462918676e+02
3.9820009335510960e+01	1.3319524511467046e+02
3.9840111100088308e+01	1.4532299876437438e+02
3.9860082512991397e+01	1.4922038515845955e+02
3.9880058736817091e+01	1.4243636319747429e+02
3.9900026613509787e+01	1.5604465490595618e+02
3.9920113824299243e+01	1.6721991050854737e+02
3.9940084482879719e+01	1.6526231853268729e+02
3.9960057258345572e+01	1.7441879380892564e+02
3.9980030731516663e+01	1.8243538590983314e+02
4.0000000000000000e+01	1.7275806856077671e+02
