0.0000000000000000e+00	5.1880272467250299e-01
4.0187999280117986e-02	5.1513324609305755e-01
8.0108920693623867e-02	5.1771345529343171e-01
1.2002226221185612e-01	5.0836392292083932e-01
1.6018031281781581e-01	5.1744851097659761e-01
2.0009306074742919e-01	5.2217465856607292e-01
2.4000790886142531e-01	4.8791572400767519e-01
2.8016861469227400e-01	5.1304095594598409e-01
3.2008116220590349e-01	5.1359315489261093e-01
3.6023779430984693e-01	4.9976739033853024e-01
4.0014366328046863e-01	5.0372595536106857e-01
4.4004432390959891e-01	4.9125924959073164e-01
4.8018211880232553e-01	5.1037418961478165e-01
5.2006724192921705e-01	4.9090739041430453e-01
5.6019709613822177e-01	4.8544549185549368e-01
6.0007858045339491e-01	5.0484363343641447e-01
6.4020405899772059e-01	4.7034031964469936e-01
6.8008200618916392e-01	5.0985927081472115e-01
7.2020573383382747e-01	4.8566572204666913e-01
7.6008452015854822e-01	4.8099573579117660e-01
8.0021110010833152e-01	5.0974748395394742e-01
8.4009257340109933e-01	4.7315218171610562e-01
8.8022171760277668e-01	5.0454831355040664e-01
9.2010632425778816e-01	4.8789744317599298e-01
9.6023842817960725e-01	4.6939834274164788e-01
1.0001254422426529e+00	5.1054764248000817e-01
1.0400138001860688e+00	4.7696841091801229e-01
1.0801500759345095e+00	4.8985774940701116e-01
1.1200422488443047e+00	4.9858177276271987e-01
1.1601819884240794e+00	4.6816519617078356e-01
1.2000760351206725e+00	5.0367244417464263e-01
1.2402165935978089e+00	4.8098127901204218e-01
1.2801122310456257e+00	4.7691164263215441e-01
1.3200087361726178e+00	5.0347628417317425e-01
1.3601518635677643e+00	4.8307336069540724e-01
1.4000491668484774e+00	4.9099438596753298e-01
1.4401928740997523e+00	4.9065461992877568e-01
1.4800877643338139e+00	4.7719780196408312e-01
1.5202264278525179e+00	5.0116872044141469e-01
1.5601174527503050e+00	4.7731038871830500e-01
1.6000076736832674e+00	4.7598935353269933e-01
1.6401434569752160e+00	4.9842830637044283e-01
1.6800323155299428e+00	4.8546528346405754e-01
1.7201669568591407e+00	4.9217678746674115e-01
1.7600552369349927e+00	4.7983607841760378e-01
1.8001902346293912e+00	4.8703533097535090e-01
1.8400797081232831e+00	4.9926246374651417e-01
1.8802153036473637e+00	4.6327401566191073e-01
1.9201035316540276e+00	4.8101575978136246e-01
1.9602383521265849e+00	4.8976488196289553e-01
2.0001281987551955e+00	4.8057310548132987e-01
2.0400193828145698e+00	4.9446989080809500e-01
2.0801572153995451e+00	4.6277697631695225e-01
2.1200482834231447e+00	4.8877321896303227e-01
2.1601841798764081e+00	4.9199849419851893e-01
2.2000719538605327e+00	4.5676178837135795e-01
2.2402039755432024e+00	4.8638655226800653e-01
2.2800878816674879e+00	4.7050666477500597e-01
2.3202159780321558e+00	4.7352653157550462e-01
2.3600960220140053e+00	4.9112322568699462e-01
2.4002210125066958e+00	4.3746718071258628e-01
2.4400988999376891e+00	4.8430837081901762e-01
2.4802222045720459e+00	4.7955605104053567e-01
2.5200987562225032e+00	4.3802257144503509e-01
2.5602212462275351e+00	4.8575583801656513e-01
2.6000970260132452e+00	4.5783396369091184e-01
2.6402181936599334e+00	4.5374764682800689e-01
2.6800920063233309e+00	4.8308250650177770e-01
2.7202102507553705e+00	4.3458521259747923e-01
2.7600804890946802e+00	4.6815179833070042e-01
2.8001948285864331e+00	4.7518348902915097e-01
2.8400615314025948e+00	4.4371077744282444e-01
2.8801735147865295e+00	4.7636647553425687e-01
2.9200394807116594e+00	4.6118292458702953e-01
2.9601510377659448e+00	4.4638098542353766e-01
3.0000154558351109e+00	4.8115234589188205e-01
3.0401254106507802e+00	4.4543291335798590e-01
3.0802347616564920e+00	4.4338671315207218e-01
3.1200968750419702e+00	4.7968961776070512e-01
3.1602028813132659e+00	4.4835139565761983e-01
3.2000608178069574e+00	4.6237509808874178e-01
3.2401631316721997e+00	4.7291679362541067e-01
3.2800173983742948e+00	4.4968748650859719e-01
3.3201155627019130e+00	4.7410207929610393e-01
3.3602119144502605e+00	4.5957544919963483e-01
3.4000612220330657e+00	4.4079372481764284e-01
3.4401553969845056e+00	4.8005772369386857e-01
3.4800021223568716e+00	4.5156280883160038e-01
3.5200931097480312e+00	4.4451775582357761e-01
3.5601815844450519e+00	4.7849890927840910e-01
3.6000193818044637e+00	4.5256161808545370e-01
3.6400987011099062e+00	4.6730116563794966e-01
3.6801735620621994e+00	4.6700232186183782e-01
3.7200018438908411e+00	4.5190907430387650e-01
3.7600711744153861e+00	4.7381988002123560e-01
3.8001355309082028e+00	4.5829039307770336e-01
3.8401948501667826e+00	4.6562707234109663e-01
3.8800026906826490e+00	4.7260454867870910e-01
3.9200510082858080e+00	4.5336835909587192e-01
3.9600943541449425e+00	4.5533790410985597e-01
4.0001343572970649e+00	4.6176581516629001e-01
4.0401705672678192e+00	4.5770943853529283e-01
4.0802021554685508e+00	4.6451708739547437e-01
4.1202310977972942e+00	4.5961519737423445e-01
4.1600129803316932e+00	4.4460857877563931e-01
4.2000396308230794e+00	4.5310835754856305e-01
4.2400627588097652e+00	4.4738540929488591e-01
4.2800812849905236e+00	4.5104805157945710e-01
4.3200946638246531e+00	4.4871853319825111e-01
4.3601036763232601e+00	4.5105140350072165e-01
4.4001070119512802e+00	4.4062297421421398e-01
4.4401027735966956e+00	4.4220216902562842e-01
4.4800893986481274e+00	4.4870186487689545e-01
4.5200635530847499e+00	4.2468454877645095e-01
4.5600276231473496e+00	4.4531886477774335e-01
4.6002291050548116e+00	4.4073412201331807e-01
4.6401791501018606e+00	4.2441567838230843e-01
4.6801238124078921e+00	4.5487234554098505e-01
4.7200604006024225e+00	4.2584748204492606e-01
4.7602364739789484e+00	4.3517402126706539e-01
4.8001663998593269e+00	4.5937628472880221e-01
4.8400925300316979e+00	4.2471626143604846e-01
4.8800110660648173e+00	4.4716851422474524e-01
4.9201671141301793e+00	4.5907492279952589e-01
4.9600714867951972e+00	4.4263970237942507e-01
5.0002161464023391e+00	4.6244276754668273e-01
5.0401144676188654e+00	4.5537477227453416e-01
5.0800069334575007e+00	4.3715740606268494e-01
5.1201372803459160e+00	4.7689963790715839e-01
5.1600140006136757e+00	4.8341221124419909e-01
5.2001248621130101e+00	4.4902577991079096e-01
5.2402261404457695e+00	4.7828696995619818e-01
5.2800742509306398e+00	5.0431086686209836e-01
5.3201585334550190e+00	4.8693274262281366e-01
5.3602366524127349e+00	4.6488815686922358e-01
5.4000632534872670e+00	5.0882380702646079e-01
5.4401274032576943e+00	5.0898661852525440e-01
5.4801835846905789e+00	4.8514236464173488e-01
5.5202307231745857e+00	5.0277959962099217e-01
5.5600255413332906e+00	5.1315893590926032e-01
5.6000566812343608e+00	5.1836597850715127e-01
5.6400822057009519e+00	5.3755321015351820e-01
5.6801006347025469e+00	5.1625814831813432e-01
5.7201100728758325e+00	4.9958423274635239e-01
5.7601112465604825e+00	5.3290599008127049e-01
5.8001072591409368e+00	5.5974361254810256e-01
5.8400947621644086e+00	5.5649594924701695e-01
5.8800753811544046e+00	5.2651082257794324e-01
5.9200520168307174e+00	5.1571321264046288e-01
5.9600302295041221e+00	5.4454374889971136e-01
6.0000115615576481e+00	5.5445931440572493e-01
6.0402265423389805e+00	5.4057781893701351e-01
6.0801796275095894e+00	5.2150347799428709e-01
6.1201149329255724e+00	5.3577796981270520e-01
6.1600364709685387e+00	5.4479807360207599e-01
6.2001856791672001e+00	5.6098526820163941e-01
6.2400791543525242e+00	5.8584153010106232e-01
6.2802026087602467e+00	6.0789940842463952e-01
6.3200776765277435e+00	6.2727854278672857e-01
6.3601879473344463e+00	6.4194610514118056e-01
6.4000418598426156e+00	6.5172949121393220e-01
6.4401291227242776e+00	6.7718764336018755e-01
6.4802146470658002e+00	7.1251591907545186e-01
6.5200517253092727e+00	7.3859818611808703e-01
6.5601257440661422e+00	7.5831284710645752e-01
6.6001929733806897e+00	7.6600409911666212e-01
6.6400075152971336e+00	7.5328138957815327e-01
6.6800500770453333e+00	7.4499063521502262e-01
6.7200719420358750e+00	8.0624251092174859e-01
6.7600767350981847e+00	8.6255917185668918e-01
6.8000719701908841e+00	9.0623787832672564e-01
6.8400593690545746e+00	9.3140301367768519e-01
6.8800342902307339e+00	9.3353220387337110e-01
6.9202366095042498e+00	9.1725254890404551e-01
6.9601743767031659e+00	8.8393505067841793e-01
7.0000973354326561e+00	8.9927046062555505e-01
7.0400181644770017e+00	9.1297723727597990e-01
7.0801919495038703e+00	9.1161892427991842e-01
7.1201376530915521e+00	9.4850051388958700e-01
7.1601113473163478e+00	1.0185560681103323e+00
7.2000583900901347e+00	1.0268602651734653e+00
7.2402178127999379e+00	1.0235267624474940e+00
7.2801258661322859e+00	1.1137048117588009e+00
7.3200436970814842e+00	1.1353755327404274e+00
7.3602104672712816e+00	1.0995698090609320e+00
7.4001435984946040e+00	1.1234432063160515e+00
7.4400629671177034e+00	1.1306927630538028e+00
7.4802086180138945e+00	1.1125092670351049e+00
7.5200973123610817e+00	1.1828045231466831e+00
7.5602196669834010e+00	1.2566726452454644e+00
7.6000722462772217e+00	1.2846783800646684e+00
7.6401362048539907e+00	1.2730575048060064e+00
7.6801931878917085e+00	1.3385009631792630e+00
7.7200052867970976e+00	1.3332781714423876e+00
7.7600510241009326e+00	1.2734132736254484e+00
7.8000755110762734e+00	1.2356794617693332e+00
7.8400707827131280e+00	1.2453869811702172e+00
7.8800442932949304e+00	1.2864341160234325e+00
7.9202375148145361e+00	1.2749819876697688e+00
7.9601752699994321e+00	1.3432828466394424e+00
8.0001015167232659e+00	1.3616156560332524e+00
8.0400167059381697e+00	1.4119024528610791e+00
8.0801662917596442e+00	1.4337057341959263e+00
8.1200712555819816e+00	1.4380419251372361e+00
8.1602022143213038e+00	1.5721280753149200e+00
8.2000750787657317e+00	1.6697248977117085e+00
8.2401760169877534e+00	1.6612012108198535e+00
8.2800236469049331e+00	1.7041905078445567e+00
8.3201047364013299e+00	1.7191179999607233e+00
8.3601713244273430e+00	1.6976746814282233e+00
8.4002253308358572e+00	1.8895331783520399e+00
8.4400434666602173e+00	1.9505328372855761e+00
8.4800873265258350e+00	1.8350623358452567e+00
8.5201214008577661e+00	1.8878797142433446e+00
8.5601531691745389e+00	1.8732378483938090e+00
8.6001889583975277e+00	2.0362640811341697e+00
8.6402251000522572e+00	2.0445767510648047e+00
8.6800107520552334e+00	2.0111200150126449e+00
8.7200233900346582e+00	2.0984595320020727e+00
8.7600054505872400e+00	2.1499765054266495e+00
8.8001983061937032e+00	2.2192724537019175e+00
8.8401310758227343e+00	2.2697276530854578e+00
8.8800437449312142e+00	2.3437530366257437e+00
8.9201697766514769e+00	2.3919791619143123e+00
8.9600523804736820e+00	2.4402218109590295e+00
9.0001646745466228e+00	2.4854669619944278e+00
9.0400368671561679e+00	2.5765123381163524e+00
9.0801381720185663e+00	2.6855180831631742e+00
9.1202185055888343e+00	2.7452295777822622e+00
9.1600408661815624e+00	2.8704244482325088e+00
9.2000787256739454e+00	2.9122032329609451e+00
9.2400934894725797e+00	3.2592892914367355e+00
9.2800843897529965e+00	3.4105152712636952e+00
9.3200530206856911e+00	3.2253946204146899e+00
9.3600099180213636e+00	3.4105562178625473e+00
9.4001868958722508e+00	3.7913272342523636e+00
9.4401105729767192e+00	4.0614347971831375e+00
9.4800199099848506e+00	4.1000770377282647e+00
9.5201371309606078e+00	4.1067121778944298e+00
9.5602186047497764e+00	4.7459497699237598e+00
9.6000394361158072e+00	5.4507960096514019e+00
9.6400818978029754e+00	5.7637634068173913e+00
9.6800982254586110e+00	5.5647527189439820e+00
9.7200759291033236e+00	5.3241515315916681e+00
9.7600327090020560e+00	4.4551930981038330e+00
9.8000044708651739e+00	4.2012716206930314e+00
9.8402300858552483e+00	4.1786053222503918e+00
9.8801856861653068e+00	4.1044905298241963e+00
9.9200918508615548e+00	4.2065536191546311e+00
9.9601652312505529e+00	3.7944838413511501e+00
1.0000212195050919e+01	3.7211449270954171e+00
1.0040046608530764e+01	4.0009378796626054e+00
1.0080121214198980e+01	3.9065784959345140e+00
1.0120190779926203e+01	3.8041703728781884e+00
1.0160075636821697e+01	4.0108507390284496e+00
1.0200024524363494e+01	4.3305353044532415e+00
1.0240177470392197e+01	4.3287277386840115e+00
1.0280086803345633e+01	3.9924037608204497e+00
1.0320217140342976e+01	4.3287044180038095e+00
1.0360065541703497e+01	4.7140708439917605e+00
1.0400151200579110e+01	4.9639079877388168e+00
1.0440231971340936e+01	5.1147660145182821e+00
1.0480036645291156e+01	5.2212465677576771e+00
1.0520038190551386e+01	5.3360329280986898e+00
1.0560233324497970e+01	5.4387845659833900e+00
1.0600089007833382e+01	5.3568521152952764e+00
1.0640053744932422e+01	5.3534868472201866e+00
1.0680058310678991e+01	5.5108594922501730e+00
1.0720222016247833e+01	5.5085093051499143e+00
1.0760154399553047e+01	6.5319020475748886e+00
1.0800214177050950e+01	6.7799502487844023e+00
1.0840192906162342e+01	6.3433245342275173e+00
1.0880128834897707e+01	6.0534368782042600e+00
1.0920053931847566e+01	5.8519118733761317e+00
1.0960035114863061e+01	5.4406373054127757e+00
1.1000231198618801e+01	6.0814977292190990e+00
1.1040196216757897e+01	5.8677095307251257e+00
1.1080155312992932e+01	6.0443704567632466e+00
1.1120144085986391e+01	7.0720300836074266e+00
1.1160070583262291e+01	6.7943283729748458e+00
1.1200005140629235e+01	7.3898678997975340e+00
1.1240181919793399e+01	7.5352955601437532e+00
1.1280017971444163e+01	6.8454077125404709e+00
1.1320194505051486e+01	6.7171725358152514e+00
1.1360128542318851e+01	7.4738473449378349e+00
1.1400027622838085e+01	7.4362312233109851e+00
1.1440087712488548e+01	7.1213548040613377e+00
1.1480225377811506e+01	6.5107631398531485e+00
1.1520148691031384e+01	6.3948430549797877e+00
1.1560013930041945e+01	6.5191405524390191e+00
1.1600012521226855e+01	6.5189268788068944e+00
1.1640203968428278e+01	7.3186816020397831e+00
1.1680200608996973e+01	8.0931853779920413e+00
1.1720199053799444e+01	7.3718042508546624e+00
1.1760049143609105e+01	7.1791274529759255e+00
1.1800208170838111e+01	7.3626085142492190e+00
1.1840108938129610e+01	8.2521413756077511e+00
1.1880196872072686e+01	6.7066111719521162e+00
1.1920065199326912e+01	8.8430602626115071e+00
1.1960182167722063e+01	9.2732012113128217e+00
1.2000096368729437e+01	8.5342001691057146e+00
1.2040224725849919e+01	8.2318197926250942e+00
1.2080029627059394e+01	8.7987346758740514e+00
1.2120097988804822e+01	8.6972250096634678e+00
1.2160158226891346e+01	8.2342189236488892e+00
1.2200182617732183e+01	8.4849396363453788e+00
1.2240185829356703e+01	7.1591217973044339e+00
1.2280151774068131e+01	6.8512742909834365e+00
1.2320127448199999e+01	6.4064624901926397e+00
1.2360158844353471e+01	7.5804399328027872e+00
1.2400071693613945e+01	6.6101532769331133e+00
1.2440212038455513e+01	6.7400135691343968e+00
1.2480062388326919e+01	6.5929091005473204e+00
1.2520151486895919e+01	7.8456472768946597e+00
1.2560039420206403e+01	9.3076182569987829e+00
1.2600139564375734e+01	8.7732596118719339e+00
1.2640077250389238e+01	9.4585417505179503e+00
1.2680065199942270e+01	9.8360526957822483e+00
1.2720044090526075e+01	1.1372464548882812e+01
1.2760012454643293e+01	1.0438656140289901e+01
1.2800209079735300e+01	9.7898437842307899e+00
1.2840178997209106e+01	7.9749873444004598e+00
1.2880064315557549e+01	8.7405112016710120e+00
1.2920206716829995e+01	9.1383525847933011e+00
1.2960172245735802e+01	8.6552756176351391e+00
1.3000043743819022e+01	8.1324584231479857e+00
1.3040092447620347e+01	7.5010305008872526e+00
1.3080171280408450e+01	7.6441391273017167e+00
1.3120115267250593e+01	9.5028364297894807e+00
1.3160150422907176e+01	7.9874008238893808e+00
1.3200154486588106e+01	8.0575560707655480e+00
1.3240156136836148e+01	7.1990145349314920e+00
1.3280012239875028e+01	7.6200969776027367e+00
1.3320027977922367e+01	7.1517780307274172e+00
1.3360227799744500e+01	6.5302448644461748e+00
1.3400152391701868e+01	6.5147037068934681e+00
1.3440174634025693e+01	5.8760150363742483e+00
1.3480029363769360e+01	5.7354677692084479e+00
1.3520068087800512e+01	6.1990924590056595e+00
1.3560038884441408e+01	6.7930225683686025e+00
1.3600204787946016e+01	7.1405775057081691e+00
1.3640152853019703e+01	6.9129906314353136e+00
1.3680143831674233e+01	6.6466739281252813e+00
1.3720205002402034e+01	6.4440743543214909e+00
1.3760152017078495e+01	7.7845887719516416e+00
1.3800001744049361e+01	8.4487478768103497e+00
1.3840082015950603e+01	7.6192387393573346e+00
1.3880133626754899e+01	7.6877813427432855e+00
1.3920154021016025e+01	8.6094916180401100e+00
1.3960071998681045e+01	8.5577305364979992e+00
1.4000074247002138e+01	8.3466707172825334e+00
1.4040051117955237e+01	8.0601890100012934e+00
1.4080033536375019e+01	7.8988256655057860e+00
1.4120174883213712e+01	8.4238154570143795e+00
1.4160006786868619e+01	8.0649891569641046e+00
1.4200076932695120e+01	8.1280552667126234e+00
1.4240115890705320e+01	7.4727403578208174e+00
1.4280117281972665e+01	7.5328705648039893e+00
1.4320130478961829e+01	8.1604368008599533e+00
1.4360160146455016e+01	8.1254096576992989e+00
1.4400218289900147e+01	7.2430315582378002e+00
1.4440050877561099e+01	8.1242729181252944e+00
1.4480090866514560e+01	8.8524048872147194e+00
1.4520052381677232e+01	8.4956895098172662e+00
1.4560104112767768e+01	7.5197647081017323e+00
1.4600203380028818e+01	7.5215636202131781e+00
1.4640206182019167e+01	7.7606405799073919e+00
1.4680027675215999e+01	7.4861394136366046e+00
1.4720179519741695e+01	6.9146773904758279e+00
1.4760087408554751e+01	7.6747991284254908e+00
1.4800142204291323e+01	8.0822655614962375e+00
1.4840006919245745e+01	8.3554368820585996e+00
1.4880036409887529e+01	8.5524230413239852e+00
1.4920019465153675e+01	8.3022296856298823e+00
1.4960160175213726e+01	8.6513944820875999e+00
1.5000231129596242e+01	8.1546577184936897e+00
1.5040021976502180e+01	9.1069834223655217e+00
1.5080231183963269e+01	9.6804267644226911e+00
1.5120188616803379e+01	8.9481364238871102e+00
1.5160154733648772e+01	1.0700484035725335e+01
1.5200183759811894e+01	1.1595066550397707e+01
1.5240219668241823e+01	1.1433423421684878e+01
1.5280175929843709e+01	1.0560578550802198e+01
1.5320070078820120e+01	1.1330840651493311e+01
1.5360203735881269e+01	1.1583958110587659e+01
1.5400196379475496e+01	1.0152431624660240e+01
1.5440200929663522e+01	8.3393214803618392e+00
1.5480170688509791e+01	8.5285445462480602e+00
1.5520120629813484e+01	7.7024804194649992e+00
1.5560081470453781e+01	7.9860659944346297e+00
1.5600065041371586e+01	8.7307359063336243e+00
1.5640063557324433e+01	8.9933990655004106e+00
1.5680076620666277e+01	9.3001289638932363e+00
1.5720061347853591e+01	8.6846743903987136e+00
1.5760061564972400e+01	8.9969999828242742e+00
1.5800054854326726e+01	9.7850744041650017e+00
1.5840006618807072e+01	9.8196770687766630e+00
1.5880058804230673e+01	9.8422563927170348e+00
1.5920085859599050e+01	1.0455783626141411e+01
1.5960220540401940e+01	1.0717775979723790e+01
1.6000199155237073e+01	1.0741000476012822e+01
1.6040223380547854e+01	1.2534073653369797e+01
1.6080061858773767e+01	1.3432635652958545e+01
1.6120176933454950e+01	1.2271825495154268e+01
1.6160056086761255e+01	1.0616797889042745e+01
1.6200222648907815e+01	1.2736111683512448e+01
1.6240218514117949e+01	1.3652677941960077e+01
1.6280012829948511e+01	1.2804824469113820e+01
1.6320065661507709e+01	1.1712703143033307e+01
1.6360062046211937e+01	1.2010990457695556e+01
1.6400115000138832e+01	1.0815861278666317e+01
1.6440228728328528e+01	1.1366286956168441e+01
1.6480198205065509e+01	1.1742625641796973e+01
1.6520113997126618e+01	1.0797825630342768e+01
1.6560073457387912e+01	1.0354632913296260e+01
1.6600133430659742e+01	1.0249033261379255e+01
1.6640067049768014e+01	9.3985083272566321e+00
1.6680005835496807e+01	8.2872064187914916e+00
1.6720205658823584e+01	8.1222484103261134e+00
1.6760192130738350e+01	8.3347742957354871e+00
1.6800079627001764e+01	8.7543885328063151e+00
1.6840218294655031e+01	8.8452928297121343e+00
1.6880025000385839e+01	9.3118345703436685e+00
1.6920069372550248e+01	1.0563028991998587e+01
1.6960006982212260e+01	1.0944858381473178e+01
1.7000119274644902e+01	1.0149033478555396e+01
1.7040051270054324e+01	1.0058020598828755e+01
1.7080210535184360e+01	1.1403527649086319e+01
1.7120147890686699e+01	1.2567984325277305e+01
1.7160051859611198e+01	1.2643736874859623e+01
1.7200131881540237e+01	1.2811844736156912e+01
1.7240168243782286e+01	1.2825299637557173e+01
1.7280154907490139e+01	1.1891720106485170e+01
1.7320124232454020e+01	1.1881124479054723e+01
1.7360118793805096e+01	1.0005780629018274e+01
1.7400111487275957e+01	1.0369872629552020e+01
1.7440126474421223e+01	1.0085573185396012e+01
1.7480179978595427e+01	8.9996127910986203e+00
1.7520081353233667e+01	9.2504234469782816e+00
1.7560076164213001e+01	9.9436682741141738e+00
1.7600040942082508e+01	1.0705250275182976e+01
1.7640087011957206e+01	9.9112694836902406e+00
1.7680027748348721e+01	9.0368924858560007e+00
1.7720008132790664e+01	8.9807054967722841e+00
1.7760010643470004e+01	1.0192723738980527e+01
1.7800087617732405e+01	1.0271848687930394e+01
1.7840217677501784e+01	1.0321903478139710e+01
1.7880172892042903e+01	1.0182927430602591e+01
1.7920055358274155e+01	1.0373328016654675e+01
1.7960108323340851e+01	1.1515514202518460e+01
1.8000125019055545e+01	1.1912733633764859e+01
1.8040174134485575e+01	1.4943229908950954e+01
1.8080020259505783e+01	1.3259618441453407e+01
1.8120090829759704e+01	1.2080669800529163e+01
1.8160195832933990e+01	1.2789901243748924e+01
1.8200140776773413e+01	1.3116894260063034e+01
1.8240142554745834e+01	1.2367627129975000e+01
1.8280145186921434e+01	1.2223342061259876e+01
1.8320099375806919e+01	1.0614386800743304e+01
1.8360036602560619e+01	1.1048596173218229e+01
1.8400230920121103e+01	1.0517735293379125e+01
1.8440037329048646e+01	1.0497562642183111e+01
1.8480069244940719e+01	1.0192954036765419e+01
1.8520025605040544e+01	9.8566409842749110e+00
1.8560110791525322e+01	1.0323519746007442e+01
1.8600189016245920e+01	1.1709826661399875e+01
1.8640100892017127e+01	1.0653389872857275e+01
1.8680063752673714e+01	1.0179176371333229e+01
1.8720000399046068e+01	1.1060262063209628e+01
1.8760059188239151e+01	1.1531815306026024e+01
1.8800047638254355e+01	1.2474001709485178e+01
1.8840202234501259e+01	1.3798092241006016e+01
1.8880097804344576e+01	1.4746094257606465e+01
1.8920025302509050e+01	1.4957899151238548e+01
1.8960224461250817e+01	1.8162644795644304e+01
1.9000224287922219e+01	1.5290529555235885e+01
1.9040071113877403e+01	1.5885600690025118e+01
1.9080016803227078e+01	1.5618648793043588e+01
1.9120217406800332e+01	1.3304585997649031e+01
1.9160227366268298e+01	1.4804191517828507e+01
1.9200221730595743e+01	1.4904246817514005e+01
1.9240098738387598e+01	1.1904936039456716e+01
1.9280024623117768e+01	1.2476150908030608e+01
1.9320189358800100e+01	1.1346549715237588e+01
1.9360198530838709e+01	1.2030160488211289e+01
1.9400011911435680e+01	1.0816004586349862e+01
1.9440038420998388e+01	1.1845723328410244e+01
1.9480076829700820e+01	1.1300264160747510e+01
1.9520141201121547e+01	1.2846897710816316e+01
1.9560226479996508e+01	1.2575839510667603e+01
1.9600049956196195e+01	1.2728386909782991e+01
1.9640162013598808e+01	1.2163957720361559e+01
1.9680156548023447e+01	1.4260513804811456e+01
1.9720158975606662e+01	1.5009741483186344e+01
1.9760223364380877e+01	1.9120669699272867e+01
1.9800041494931726e+01	2.1280557862876588e+01
1.9840046119675463e+01	1.9168966694697257e+01
1.9880037058299610e+01	2.1745071076553003e+01
1.9920035010671366e+01	1.8846397631912350e+01
1.9960010317484421e+01	2.1088710636543620e+01
2.0000099395467576e+01	2.1112352895936759e+01
2.0040046220952501e+01	2.0437928663793819e+01
2.0080165506789424e+01	2.4168290023422742e+01
2.0120041966953131e+01	1.9742230676209033e+01
2.0160108946370976e+01	2.6205614487771513e+01
2.0200208377603349e+01	2.4369787661252563e+01
2.0240153440603503e+01	2.8848967972887483e+01
2.0280125232360952e+01	2.9402267665417810e+01
2.0320131902934477e+01	2.8354357659569033e+01
2.0360208343558028e+01	3.0789418972399332e+01
2.0400142444738194e+01	3.0025529241532514e+01
2.0440134992994885e+01	3.8198243308922763e+01
2.0480033369123685e+01	3.4703361145116126e+01
2.0520062115863656e+01	3.9142700127555457e+01
2.0560011436035683e+01	3.3317476399108259e+01
2.0600145768319980e+01	3.5851269707994192e+01
2.0640009988984598e+01	3.6083823014605564e+01
2.0680085150861050e+01	3.6617399282357610e+01
2.0720180760383979e+01	3.2848341882242686e+01
2.0760023323832112e+01	2.9050855074145502e+01
2.0800100468858783e+01	3.5755474318439433e+01
2.0840213367519372e+01	2.4750235568405252e+01
2.0880158352183443e+01	2.5874112305937576e+01
2.0920181388190503e+01	2.1452695309786197e+01
2.0960029322549723e+01	1.6813637711748115e+01
2.1000156657175857e+01	2.0024740366777937e+01
2.1040111563946134e+01	1.9115911669042671e+01
2.1080188639618989e+01	1.7392387414466711e+01
2.1120170344637241e+01	1.5607876139946249e+01
2.1160189991174871e+01	1.4085602594026037e+01
2.1200135215848892e+01	1.4024095557724511e+01
2.1240035487502453e+01	1.4903164441743797e+01
2.1280135571577862e+01	1.5371213768140422e+01
2.1320152480671872e+01	1.3678192388086908e+01
2.1360090315639699e+01	1.5125181696342764e+01
2.1400170280767007e+01	1.4857142011419274e+01
2.1440168525029488e+01	1.2570616519081959e+01
2.1480097600415633e+01	1.3135500879514893e+01
2.1520191565617619e+01	1.3503255912028713e+01
2.1560001213165577e+01	1.3995861793387494e+01
2.1600015281905307e+01	1.2784465170984518e+01
2.1640006300339959e+01	1.1993621681047728e+01
2.1680214866932861e+01	1.2036882425091974e+01
2.1720210812770009e+01	1.3095106046113308e+01
2.1760026822786088e+01	1.2455203162509559e+01
2.1800133901688380e+01	1.0751661766687221e+01
2.1840075180592819e+01	1.3055281197332381e+01
2.1880069862321353e+01	1.4309989272643273e+01
2.1920057435288108e+01	1.1194509003996565e+01
2.1960059005641856e+01	1.3574206932432904e+01
2.2000093053288502e+01	1.3958177738365215e+01
2.2040189004776007e+01	1.2129688761412543e+01
2.2080050031120795e+01	1.1605603044839301e+01
2.2120032598082453e+01	1.1410019649963870e+01
2.2160191637719610e+01	1.0499669464762814e+01
2.2200095244131401e+01	1.1269158008732255e+01
2.2240223553648278e+01	1.1321418415543349e+01
2.2280024981553900e+01	9.3674427424655899e+00
2.2320148487838654e+01	9.7184385072286492e+00
2.2360066685499390e+01	1.0810504602309392e+01
2.2400106114515911e+01	1.1946804720022659e+01
2.2440014620481801e+01	1.3257548401623687e+01
2.2480000262380489e+01	1.4742255558403713e+01
2.2520081727492183e+01	1.5488183998501349e+01
2.2560035937042905e+01	1.5106950448365225e+01
2.2600084239824611e+01	1.7136340685184241e+01
2.2640179406601952e+01	1.2896378703787713e+01
2.2680045242827436e+01	1.1365112906517522e+01
2.2720132515092786e+01	1.3013638033670015e+01
2.2760192727434262e+01	1.4466630841638327e+01
2.2800002222416186e+01	1.5124802977262039e+01
2.2840020232190483e+01	1.7490711837977155e+01
2.2880040858741761e+01	1.9144169349738430e+01
2.2920064408520918e+01	1.6962753211316635e+01
2.2960001285553119e+01	1.9800531149857861e+01
2.3000100768702413e+01	2.1935648965092181e+01
2.3040112556249365e+01	2.0734405743009855e+01
2.3080006931618822e+01	2.3659125467080841e+01
2.3120032571856381e+01	2.4888609110412492e+01
2.3160207956912238e+01	2.4263923177217350e+01
2.3200124728346516e+01	2.6187016273043589e+01
2.3240064119515853e+01	2.9487150588993327e+01
2.3280065892029242e+01	3.0552721154392760e+01
2.3320157729332195e+01	2.9560561766731595e+01
2.3360049483984604e+01	3.2015102542333985e+01
2.3400156016996579e+01	3.3307694014162827e+01
2.3440001843248595e+01	3.4881782176828786e+01
2.3480052938455632e+01	3.3486200393356285e+01
2.3520109715979583e+01	3.0119724551228874e+01
2.3560151769639678e+01	2.9096329239273516e+01
2.3600070809845555e+01	2.9578256109926695e+01
2.3640134706245938e+01	2.5063167653297981e+01
2.3680131647227750e+01	2.4752085020875938e+01
2.3720093591203465e+01	2.0793802086072951e+01
2.3760027725246154e+01	2.1121592601574900e+01
2.3800175515465234e+01	2.0862712584623711e+01
2.3840069122243978e+01	1.9399245065613222e+01
2.3880199604143691e+01	1.9562599583914807e+01
2.3920148045038133e+01	2.1854837402852770e+01
2.3960071585323991e+01	2.0410996030384702e+01
2.4000180194264551e+01	2.0667803437764395e+01
2.4040048985042404e+01	1.8246656363226816e+01
2.4080014199996874e+01	2.3662120197732854e+01
2.4120202909827960e+01	1.8843584342676493e+01
2.4160187445432044e+01	2.4515407083653283e+01
2.4200050653558154e+01	1.9576372198383524e+01
2.4240119758482159e+01	2.3808406175880744e+01
2.4280131684351506e+01	1.7186664365987657e+01
2.4320211898313193e+01	1.8488669338930130e+01
2.4360138604831882e+01	1.9265634832694321e+01
2.4400083925328421e+01	1.6007690550991988e+01
2.4440223213467135e+01	1.9213765281142624e+01
2.4480125020269398e+01	1.8882169322049840e+01
2.4520113609280145e+01	1.5533989322628818e+01
2.4560162263149163e+01	1.6129644268823764e+01
2.4600190375671470e+01	1.3577434453197649e+01
2.4640027658874519e+01	1.2321660611466298e+01
2.4680182301900036e+01	1.4229574558414594e+01
2.4720014449145260e+01	1.1435837109854699e+01
2.4760141135409011e+01	1.2613584340705257e+01
2.4800082992337288e+01	1.0956911569222205e+01
2.4840156309321987e+01	1.1675114293459963e+01
2.4880007172617496e+01	1.2343056090657951e+01
2.4920131046140792e+01	1.1570989221602236e+01
2.4960099272906014e+01	1.1750653180397089e+01
2.5000175363135206e+01	1.2481157802512767e+01
2.5040149958233147e+01	1.5889212600557745e+01
2.5080038757654936e+01	1.7825694189468731e+01
2.5120083115045265e+01	1.7323030518824172e+01
2.5160148468849776e+01	1.7750148450812102e+01
2.5200133296089984e+01	2.0160639366836925e+01
2.5240070908124903e+01	2.0268343265359253e+01
2.5280013704524386e+01	1.8551238585535465e+01
2.5320194878821848e+01	1.8714531270318741e+01
2.5360102268177577e+01	1.7851172494466901e+01
2.5400175056067980e+01	1.8663966846951968e+01
2.5440192779425718e+01	1.8095808869212192e+01
2.5480187623178296e+01	1.9635389103575637e+01
2.5520186195054805e+01	2.1404258000487825e+01
2.5560007642235650e+01	2.3025777345568937e+01
2.5600151788052301e+01	1.8780839962711472e+01
2.5640125465782113e+01	2.3776531813737520e+01
2.5680219364073544e+01	2.5997643045675670e+01
2.5720130836972046e+01	2.2029362733306865e+01
2.5760217501269892e+01	2.4576240813385020e+01
2.5800036596189113e+01	3.0833555538101241e+01
2.5840064419978280e+01	2.6143582996795512e+01
2.5880107191626550e+01	2.8382995025681392e+01
2.5920119026017371e+01	2.2411352168501431e+01
2.5960172643548528e+01	2.7942292505064621e+01
2.6000009370738105e+01	2.4733719719220396e+01
2.6040004482627648e+01	2.1197195532978157e+01
2.6080179909841849e+01	2.1970143584917924e+01
2.6120089998364151e+01	1.9746090119203235e+01
2.6160141824403336e+01	2.5746437638209368e+01
2.6200103528399371e+01	2.9672999085175668e+01
2.6240196033092303e+01	2.6554599770546105e+01
2.6280195366798672e+01	2.7151271518212216e+01
2.6320142927112968e+01	2.1804913149771757e+01
2.6360037492872245e+01	2.0895182159652059e+01
2.6400119337442128e+01	1.9594837689150335e+01
2.6440173711356387e+01	1.8429590518388061e+01
2.6480009406763784e+01	1.9244078682896447e+01
2.6520110129846746e+01	1.7724008159374602e+01
2.6560056462607715e+01	1.7470629713356509e+01
2.6600002101312878e+01	1.8790976483745954e+01
2.6640153729134603e+01	1.7168728435881430e+01
2.6680088571514176e+01	1.6387717912756528e+01
2.6720065349669603e+01	1.5433133621284966e+01
2.6760110126398395e+01	1.4602875786332067e+01
2.6800190977225061e+01	1.5210446408402060e+01
2.6840208553372999e+01	1.5491346602094090e+01
2.6880186688586075e+01	1.6090276454648624e+01
2.6920163875715826e+01	1.6373729309208919e+01
2.6960191625532666e+01	1.4101807186781111e+01
2.7000045079643687e+01	1.3683863082295726e+01
2.7040078159978510e+01	1.5546374852998738e+01
2.7080070622874622e+01	1.6083041870563957e+01
2.7120055002342575e+01	1.6081880640785947e+01
2.7160098396287232e+01	1.5817339373462737e+01
2.7200034645078560e+01	1.3885587544066560e+01
2.7240139578069876e+01	1.4534205907127696e+01
2.7280099877889150e+01	1.4116521379518286e+01
2.7320186631116890e+01	1.5354501618403420e+01
2.7360131072247547e+01	1.4594587623291313e+01
2.7400152175274265e+01	1.6841820266180516e+01
2.7440039478724206e+01	2.0277539673296534e+01
2.7480097096665570e+01	1.8807365062152520e+01
2.7520036089369871e+01	2.0406817012770791e+01
2.7560088703077728e+01	2.3846285124183517e+01
2.7600122094226940e+01	1.8460038156384556e+01
2.7640162435206950e+01	2.4851203607655997e+01
2.7680021307576496e+01	2.7176968334639994e+01
2.7720169596149507e+01	2.2133087855931635e+01
2.7760063721016579e+01	2.9392068862605708e+01
2.7800083259432483e+01	2.5140046314139013e+01
2.7840007589243864e+01	2.5792073602004105e+01
2.7880099350809534e+01	2.3156010106788496e+01
2.7920152673611724e+01	2.1607965605213902e+01
2.7960160432931705e+01	1.9904392711765265e+01
2.8000158069652841e+01	1.7862502582868807e+01
2.8040178424196981e+01	1.9690343499302362e+01
2.8080088980996830e+01	2.2147111499092162e+01
2.8120187251984859e+01	2.7323869379713599e+01
2.8160094498160991e+01	2.8604741369666208e+01
2.8200056780942464e+01	2.8024926514453011e+01
2.8240199886728877e+01	2.7661284372011256e+01
2.8280065533060803e+01	2.2886034660147047e+01
2.8320114935950851e+01	2.2620835666787102e+01
2.8360133185290930e+01	2.4077832732642822e+01
2.8400180393061525e+01	2.1128583734538093e+01
2.8440055191686461e+01	2.3024985068132285e+01
2.8480031489099765e+01	2.7399607540398556e+01
2.8520111752495762e+01	2.9906609946360174e+01
2.8560219881869351e+01	2.6617048862250858e+01
2.8600127179642072e+01	2.4365847289910377e+01
2.8640195660053230e+01	2.7368973384087244e+01
2.8680029972376815e+01	2.4612710465318905e+01
2.8720108247324973e+01	2.6824708890272479e+01
2.8760027409498644e+01	2.8215336538069320e+01
2.8800049999342949e+01	2.7419226037413672e+01
2.8840051877955354e+01	2.6711120827486081e+01
2.8880095784769352e+01	2.8838057519490945e+01
2.8920194135928309e+01	2.9374357805026754e+01
2.8960157184907189e+01	3.0058710701020946e+01
2.9000118793437515e+01	2.8042181625908238e+01
2.9040131063247767e+01	3.0629047457507578e+01
2.9080068262344884e+01	3.0803025145254892e+01
2.9120012344112475e+01	3.3231167175912724e+01
2.9160122926565176e+01	3.6354104311329863e+01
2.9200188475694173e+01	3.6223574024156107e+01
2.9240036252053258e+01	3.2402845078307784e+01
2.9280004935172911e+01	3.5086588859135588e+01
2.9320066428962257e+01	3.0630229321672246e+01
2.9360102508714526e+01	3.6420506427136331e+01
2.9400046821144254e+01	3.8078675371689641e+01
2.9440121700852938e+01	4.6485538364706166e+01
2.9480140236680160e+01	4.0524518224761657e+01
2.9520136231625994e+01	4.6267170394294979e+01
2.9560150299739888e+01	4.9773722916280690e+01
2.9600220196702889e+01	4.2755485941417625e+01
2.9640162452404102e+01	3.9949936227491683e+01
2.9680005190089876e+01	4.2376490526744028e+01
2.9720221423070981e+01	4.2415215999397290e+01
2.9760109927855385e+01	4.9965390960503221e+01
2.9800097592534264e+01	4.9928073920522138e+01
2.9840186260115381e+01	4.5813032280815470e+01
2.9880133500296417e+01	4.6841979227669377e+01
2.9920167003070500e+01	4.6119405552287162e+01
2.9960070018891447e+01	4.2509523654664790e+01
3.0000093707524194e+01	4.5172776639340611e+01
3.0040014786640832e+01	4.3924813796704612e+01
3.0080087349136861e+01	4.6871426086811894e+01
3.0120111158271254e+01	3.7570116926904142e+01
3.0160103820424020e+01	4.0822519297651873e+01
3.0200108055043348e+01	3.6595452767711841e+01
3.0240126697568964e+01	4.1644733434367510e+01
3.0280130829307801e+01	3.9557489975962014e+01
3.0320183832496976e+01	3.1010206400945997e+01
3.0360094375908840e+01	4.1142633396717613e+01
3.0400123912050429e+01	4.6366769973301309e+01
3.0440036755149347e+01	4.1530973945055429e+01
3.0480205234715889e+01	3.2962767290808252e+01
3.0520162703978045e+01	3.3842027198344859e+01
3.0560138498876139e+01	4.1632652106079178e+01
3.0600161703188363e+01	4.5549883613569321e+01
3.0640222600558047e+01	4.4253492785651751e+01
3.0680045632991629e+01	3.7621560715838200e+01
3.0720102010403352e+01	2.8062458684497184e+01
3.0760201363791474e+01	3.3194445099846611e+01
3.0800134335325094e+01	3.2819248806554221e+01
3.0840131421900388e+01	3.5924143589100090e+01
3.0880052518397822e+01	3.5859559142121888e+01
3.0920129695708319e+01	3.5215164515718506e+01
3.0960171159565302e+01	3.2654614782803328e+01
3.1000157772145133e+01	3.1329987524921716e+01
3.1040086369043060e+01	2.8994990690633202e+01
3.1080176342039206e+01	2.6847307992017207e+01
3.1120196340488683e+01	2.7827149813234147e+01
3.1160140446828141e+01	2.8949309614830085e+01
3.1200034182707192e+01	2.9206162084343013e+01
3.1240129598152595e+01	2.9910718874005536e+01
3.1280028345362126e+01	3.4984687917562546e+01
3.1320198425032054e+01	3.2297604030065393e+01
3.1360204641912496e+01	3.0210189830629126e+01
3.1400185564539409e+01	2.5975407351971768e+01
3.1440171103722300e+01	2.5165490282447440e+01
3.1480189904367457e+01	2.7498174685692245e+01
3.1520057219797206e+01	2.9071463738582132e+01
3.1560172381530588e+01	2.9515467183564063e+01
3.1600058237263010e+01	2.8791931368324441e+01
3.1640130758265666e+01	2.6353253839566328e+01
3.1680145304227768e+01	2.2928452942039524e+01
3.1720093176129303e+01	2.6872607632095193e+01
3.1760209147423552e+01	2.6792190646784345e+01
3.1800079816698872e+01	2.1641630172098470e+01
3.1840182505463986e+01	2.0618911801509547e+01
3.1880124493132787e+01	2.5261756194142031e+01
3.1920150063513404e+01	2.2707588680368730e+01
3.1960178501178966e+01	2.6913125675597783e+01
3.2000139522935065e+01	2.8226617370351754e+01
3.2040050882241530e+01	2.9389099377969462e+01
3.2080184605930860e+01	3.0214267927028470e+01
3.2120116130578751e+01	3.3143258226986887e+01
3.2160099719394047e+01	3.9511169682770543e+01
3.2200151370812549e+01	4.6767444523134152e+01
3.2240047580890760e+01	4.5764055238088410e+01
3.2280224056597902e+01	4.0461206594392017e+01
3.2320181376627424e+01	3.8337865742473568e+01
3.2360173446504184e+01	3.6900044628296484e+01
3.2400188118705472e+01	3.6774430041599331e+01
3.2440193898023530e+01	4.0343771340628074e+01
3.2480151014939914e+01	4.0920020821065393e+01
3.2520093331141247e+01	3.9150545171593819e+01
3.2560211256088600e+01	4.0426334420171706e+01
3.2600049021836135e+01	4.4096938843474909e+01
3.2640074996141003e+01	3.8991485407999086e+01
3.2680086615381235e+01	3.5776027459556389e+01
3.2720092479867006e+01	4.1736830902615473e+01
3.2760002911685881e+01	3.9294915811724749e+01
3.2800020679991782e+01	4.0899466855758284e+01
3.2840191286373752e+01	4.7587678092038196e+01
3.2880081430106891e+01	5.6578322450861279e+01
3.2920164535078662e+01	7.1971139789003956e+01
3.2960014300844662e+01	7.3725307858426532e+01
3.3000110339273640e+01	5.7880299905389457e+01
3.3040035582946558e+01	6.1036535413342911e+01
3.3080039863119225e+01	6.3601249528823026e+01
3.3120085003731056e+01	6.5762233068166864e+01
3.3160191306111535e+01	5.9757209041560508e+01
3.3200138745644921e+01	4.5694291199625241e+01
3.3240204812632982e+01	5.2629377683147133e+01
3.3280013361882155e+01	4.6967675383042014e+01
3.3320077165298464e+01	4.1685431746665387e+01
3.3360196609673821e+01	3.6751096756915103e+01
3.3400175692396346e+01	3.3738981612878860e+01
3.3440046344729282e+01	3.5715357243277587e+01
3.3480015184789771e+01	3.4076361965599716e+01
3.3520035996867982e+01	3.4750400645453972e+01
3.3560120228744275e+01	3.8680567785583484e+01
3.3600091827842405e+01	4.1356090675241902e+01
3.3640038476426177e+01	4.0264989186650340e+01
3.3680171270556059e+01	4.2443102862643322e+01
3.3720053520230373e+01	4.4023826711130852e+01
3.3760120817971121e+01	4.0178654791342886e+01
3.3800154163795405e+01	3.4269283018098044e+01
3.3840156313884499e+01	3.4921254322472628e+01
3.3880149340107280e+01	3.6907597885332905e+01
3.3920145675088293e+01	3.6596354165852709e+01
3.3960162032125034e+01	2.8754490232460096e+01
3.4000197164743675e+01	3.2931175170239882e+01
3.4040012291717119e+01	3.0797995420840177e+01
3.4080052084381805e+01	2.7784218830394160e+01
3.4120083327880209e+01	2.4607244451400643e+01
3.4160142500797761e+01	2.1008045722834705e+01
3.4200019643931903e+01	2.0605255505699844e+01
3.4240148047160282e+01	2.0581639886022224e+01
3.4280011493108120e+01	1.7279050952725047e+01
3.4320058699860702e+01	2.0504429006779876e+01
3.4360094089989914e+01	1.7275345460805212e+01
3.4400123421173859e+01	1.8707261142457487e+01
3.4440136319400011e+01	1.4713847961634219e+01
3.4480142255965731e+01	1.6098336434696588e+01
3.4520196856991717e+01	1.4609227914762494e+01
3.4560104625648997e+01	1.4838045589416383e+01
3.4600158191417378e+01	1.8153551989455575e+01
3.4640120124657642e+01	1.9504148183114737e+01
3.4680044320227303e+01	2.0336264442471879e+01
3.4720188605835844e+01	2.2172591622571058e+01
3.4760116204818928e+01	2.2137406094967407e+01
3.4800047738168018e+01	2.1256510975768425e+01
3.4840193504623677e+01	2.2034625932729934e+01
3.4880127312114475e+01	1.9057190504420372e+01
3.4920110181263418e+01	1.7673303056665528e+01
3.4960175179759155e+01	1.5698758018806600e+01
3.5000223023907928e+01	1.4984691619979133e+01
3.5040212159406408e+01	1.3933242583371484e+01
3.5080198509148708e+01	1.2739704842053747e+01
3.5120222605240315e+01	1.3601883708286046e+01
3.5160216700829245e+01	1.4112979076707134e+01
3.5200218798330795e+01	1.3949493283016766e+01
3.5240005673152353e+01	1.4081054485464668e+01
3.5280069821404958e+01	1.4783181761290280e+01
3.5320181067889273e+01	1.5878281272697153e+01
3.5360053776658049e+01	1.7639441285197663e+01
3.5400139474283293e+01	2.0135138393803562e+01
3.5440013513886619e+01	2.0768645061404747e+01
3.5480098400646725e+01	2.0022671249742789e+01
3.5520146609421396e+01	2.1476195754859781e+01
3.5560171287964550e+01	2.2153610674270539e+01
3.5600182184898166e+01	2.2879711299367948e+01
3.5640201161941590e+01	2.4173381076240457e+01
3.5680002782958987e+01	2.4834245148567014e+01
3.5720000371792914e+01	2.6681927271810196e+01
3.5760196903768460e+01	2.7648930764600490e+01
3.5800154913628205e+01	2.7025960247245791e+01
3.5840144430814497e+01	2.4785916710939894e+01
3.5880168616023333e+01	2.4923158856892623e+01
3.5920017942062756e+01	2.6212869099186133e+01
3.5960104434089345e+01	2.4055433771609732e+01
3.6000147210281533e+01	2.1268491082503100e+01
3.6040123361587007e+01	2.2375902442784806e+01
3.6080045754990145e+01	2.3033462177735043e+01
3.6120142173656149e+01	2.2479697773641760e+01
3.6160196559995654e+01	2.5041401946436469e+01
3.6200208879041519e+01	2.1579084301289441e+01
3.6240186337493135e+01	2.3723609588950008e+01
3.6280144136609046e+01	2.6531451194653933e+01
3.6320110734317545e+01	2.8485818954067717e+01
3.6360053186615623e+01	2.8485292019825248e+01
3.6400174468472144e+01	2.7174368082389591e+01
3.6440064905806551e+01	2.6221580874020638e+01
3.6480138600152799e+01	3.2504146362534797e+01
3.6520153855606061e+01	3.6833486399590797e+01
3.6560149627778266e+01	3.6701188637265425e+01
3.6600142251224739e+01	3.2764139507563357e+01
3.6640126665676888e+01	2.6564555563697635e+01
3.6680109363124771e+01	2.6189786870624093e+01
3.6720047682576251e+01	2.7060842832619358e+01
3.6760148929697579e+01	2.7211008588392293e+01
3.6800219524503177e+01	2.5881893463281624e+01
3.6840071840730801e+01	2.3823480582378934e+01
3.6880166622577967e+01	2.0092633684140111e+01
3.6920075846891386e+01	1.7572760117393063e+01
3.6960038492943532e+01	2.1000669865213752e+01
3.7000205292293792e+01	2.1861640135824008e+01
3.7040070350895185e+01	2.1202532725738934e+01
3.7080106245454722e+01	2.1615524827991287e+01
3.7120124791647555e+01	2.1747843890506829e+01
3.7160152862315890e+01	2.1684890815651183e+01
3.7200185981001482e+01	2.2903467247263162e+01
3.7240209132287859e+01	2.3778104566491315e+01
3.7280209212123467e+01	2.2244112742936572e+01
3.7320163667244607e+01	2.2539822989661001e+01
3.7360066495956481e+01	2.2569198612305321e+01
3.7400148208018550e+01	2.0550450360927584e+01
3.7440215268440994e+01	2.2945446848644529e+01
3.7480094635570794e+01	2.5424888423800784e+01
3.7520023817423159e+01	2.0685877708205062e+01
3.7560014484999677e+01	2.5930133378050176e+01
3.7600076597055796e+01	2.3515993558171054e+01
3.7640150923775806e+01	2.6734911177048385e+01
3.7680190872279397e+01	2.8292020561809355e+01
3.7720216525927036e+01	2.6021665066168694e+01
3.7760019697064060e+01	2.1646117544781262e+01
3.7800062233084027e+01	2.7348720515648921e+01
3.7840101479776202e+01	2.8494489821940302e+01
3.7880149031566319e+01	2.5262015508509666e+01
3.7920180649341390e+01	2.6151842580565418e+01
3.7960199203166248e+01	1.9931049282162594e+01
3.8000212802892719e+01	2.6416349404540270e+01
3.8040201033646440e+01	2.2494636204766181e+01
3.8080177561535329e+01	2.5204711461693936e+01
3.8120137140766850e+01	2.3488721031351893e+01
3.8160103027926191e+01	1.7487515680183733e+01
3.8200091196745419e+01	2.2569475124355733e+01
3.8240010833295138e+01	2.4682671316337338e+01
3.8280078890163182e+01	2.3557834279075568e+01
3.8320101442435536e+01	2.1988188202413411e+01
3.8360097563222929e+01	2.3070107302559201e+01
3.8400094218786776e+01	2.1568343515717569e+01
3.8440092479814446e+01	2.2116306079518576e+01
3.8480091121473208e+01	2.0965842443122849e+01
3.8520068644611015e+01	2.0697786821617790e+01
3.8560049271104482e+01	2.3246738854205777e+01
3.8600053505009640e+01	2.8336487576176467e+01
3.8640061968159429e+01	2.8916194385548987e+01
3.8680056554866646e+01	2.5047980208073216e+01
3.8720057406670975e+01	2.6550435652800196e+01
3.8760085135761138e+01	3.1938405677183532e+01
3.8800095044840020e+01	3.2317125281311590e+01
3.8840024048499373e+01	3.0681682229687436e+01
3.8880112952720523e+01	3.6134659374901844e+01
3.8920166339768251e+01	4.2144804026225628e+01
3.8960216241987794e+01	4.1373353923237552e+01
3.9000030882291931e+01	4.1938108524420009e+01
3.9040012347256415e+01	4.5057200031508415e+01
3.9080198742593893e+01	4.4456818380251946e+01
3.9120188142543306e+01	4.6499462947185037e+01
3.9160006361035791e+01	5.4231915265223989e+01
3.9200121979713835e+01	4.9857329148343005e+01
3.9240199315839213e+01	4.9453845051085914e+01
3.9280178478469260e+01	5.2736620532777124e+01
3.9320163694657239e+01	6.0705027878253262e+01
3.9360003923791901e+01	6.0656717786870580e+01
3.9400112294987913e+01	5.3594195029136365e+01
3.9440218410406160e+01	5.2396215408044945e+01
3.9480112445081055e+01	4.9560734871944348e+01
3.9520013141978403e+01	4.7344723848404335e+01
3.9560115442109222e+01	4.9243353050573454e+01
3.9600018407254666e+01	6.2118180780723385e+01
3.9640176222303396e+01	7.5756207336036340e+01
3.9680136059018992e+01	7.7535948487136878e+01
3.9720080969787084e+01	8.7392149278629944e+01
3.9760194698477555e+01	8.7489821613590195e+01
3.9800024307610087e+01	1.0827499183274300e+02
3.9840030187114770e+01	1.0060559527086873e+02
3.9880039244557764e+01	9.6452558414287310e+01
3.9920068260002289e+01	8.5605212098914052e+01
3.9960078766811371e+01	1.0799396923410001e+02
4.0000138559062179e+01	1.0670764934865345e+02
4.0040050303828323e+01	1.1230371270364984e+02
4.0080114798780635e+01	1.0773034826159643e+02
4.0120128040822095e+01	9.5822585309886236e+01
4.0160124624123803e+01	8.9558816248395388e+01
4.0200026785945269e+01	1.0979120992161143e+02
4.0240003410644697e+01	1.1142257061971318e+02
4.0280174477424914e+01	1.0103667175925557e+02
4.0320141576010094e+01	9.0548846715104489e+01
4.0360207763970315e+01	1.0125607420506155e+02
4.0400169409209752e+01	1.0672145566515037e+02
4.0440057145556729e+01	1.1137763497051034e+02
4.0480152705185347e+01	1.1668509077643175e+02
4.0520043329576247e+01	1.0888375126721675e+02
4.0560173418963942e+01	1.1950779530381048e+02
4.0600154246910677e+01	9.8090989122375461e+01
4.0640020632323655e+01	1.0026764094421402e+02
4.0680169971946157e+01	9.2283643440684585e+01
4.0720177796445448e+01	1.0904771082542824e+02
4.0760085805251563e+01	1.1581293579755054e+02
4.0800116553462644e+01	9.4161703774373137e+01
4.0840154381574422e+01	8.2906893978516422e+01
4.0880195395370791e+01	8.7901746956701544e+01
4.0920098527803454e+01	9.3828708848980213e+01
4.0960042764891021e+01	1.0236187706059368e+02
4.1000141324180454e+01	9.7251302486655163e+01
4.1040170363382735e+01	1.0179693412281121e+02
4.1080158220952100e+01	9.5357051333311958e+01
4.1120135229501123e+01	8.2435199019034641e+01
4.1160109900384093e+01	7.7966474399594702e+01
4.1200150306951528e+01	1.0636275456527851e+02
4.1240100039451839e+01	9.3622025028362913e+01
4.1280160786928604e+01	9.8907070237728746e+01
4.1320215996761192e+01	9.7342537902868656e+01
4.1360019726987240e+01	1.0345380110351057e+02
4.1400002016450209e+01	1.0559930343996649e+02
4.1440024979865377e+01	9.5090314094225292e+01
4.1480101818592864e+01	7.9346976586354387e+01
4.1520009958057614e+01	6.5348132256870230e+01
4.1560080498085149e+01	5.9867078479197367e+01
4.1600196060354378e+01	5.9832871509527621e+01
4.1640162752669042e+01	6.9305816654183971e+01
4.1680134501103829e+01	7.6455294052060808e+01
4.1720119753214796e+01	6.7109261570020678e+01
4.1760108865425138e+01	7.2908372480166690e+01
4.1800084169763331e+01	6.1231291992378722e+01
4.1840061171750456e+01	6.9502172522811890e+01
4.1880057632500062e+01	6.7090012952916283e+01
4.1920052705474518e+01	6.5862538279106218e+01
4.1960041329875523e+01	6.2775582781590295e+01
4.2000028441515255e+01	7.8111347750191868e+01
4.2040216261934106e+01	6.2810499442205980e+01
4.2080117812685778e+01	7.2251866294873125e+01
4.2120179301547466e+01	6.9579302539320466e+01
4.2160001936506781e+01	6.8474579889270657e+01
4.2200036898660258e+01	5.7434913628666109e+01
4.2240210900518761e+01	6.8136704319923084e+01
4.2280163085379066e+01	6.7192651216360332e+01
4.2320173627029234e+01	4.9989229120116676e+01
4.2360204498136270e+01	6.5541249881961633e+01
4.2400078149405999e+01	5.4318692536391382e+01
4.2440012491138596e+01	5.3824325420279280e+01
4.2480189696416495e+01	6.1845196324686746e+01
4.2520201231405544e+01	5.6261387121434709e+01
4.2560055134475988e+01	5.2928619309296515e+01
4.2600077897117465e+01	4.9726906531193663e+01
4.2640162444523533e+01	5.4600298128159352e+01
4.2680117623935232e+01	5.4710463890714202e+01
4.2720036383165471e+01	4.9390694742397955e+01
4.2760048784717320e+01	4.8019639527315789e+01
4.2800129909708104e+01	4.9927668070936612e+01
4.2840122009438197e+01	4.4884960489546742e+01
4.2880096695555125e+01	5.8179708560810610e+01
4.2920100063580293e+01	4.9644067796042293e+01
4.2960156085094248e+01	4.6859920859977031e+01
4.3000041000621707e+01	4.9819561180443436e+01
4.3040168442183948e+01	4.4491569424015488e+01
4.3080077267112785e+01	4.2180524453612975e+01
4.3120198016915921e+01	4.4838328230846372e+01
4.3160116749671573e+01	3.8810721475772610e+01
4.3200041143216296e+01	3.8586292835311788e+01
4.3240157341946670e+01	3.7720000464590029e+01
4.3280030007524253e+01	3.6462658088180973e+01
4.3320081306241356e+01	2.8587745887452140e+01
4.3360090166475977e+01	3.4138448236597888e+01
4.3400044330282341e+01	2.2497348666072920e+01
4.3440166526013357e+01	2.6827062349153103e+01
4.3480030691380804e+01	3.0959202138313817e+01
4.3520074104842926e+01	3.0483016145119038e+01
4.3560083721214042e+01	2.5873842399384909e+01
4.3600074068233425e+01	2.4165310117174396e+01
4.3640065940531535e+01	2.6739695099274755e+01
4.3680058468418096e+01	2.9157419132257488e+01
4.3720071658763814e+01	3.0133134300617211e+01
4.3760132315516472e+01	3.4769760334330627e+01
4.3800019419434534e+01	3.1978200065289652e+01
4.3840168955929791e+01	2.9154879457942794e+01
4.3880176150417029e+01	2.8038665387900039e+01
4.3920031908806905e+01	2.9827992327790728e+01
4.3960145070273761e+01	2.8481639156035659e+01
4.4000101351220827e+01	3.3043252426652920e+01
4.4040142938433476e+01	2.9150689590743383e+01
4.4080061078650274e+01	2.8523207492288876e+01
4.4120032030142127e+01	3.9010033292681165e+01
4.4160082613480441e+01	4.0062139350367552e+01
4.4200037651635483e+01	4.7587817643280758e+01
4.4240057120822605e+01	4.5454251156818202e+01
4.4280075342195495e+01	4.5538199196568726e+01
4.4320080141275419e+01	4.9005596913624721e+01
4.4360063964299854e+01	4.4729165665952266e+01
4.4400029569308813e+01	4.4383341837275850e+01
4.4440201440616448e+01	4.3346657635709178e+01
4.4480133520393096e+01	4.7816305162995796e+01
4.4520013678582792e+01	5.0373225162132570e+01
4.4560089727762886e+01	5.3418498358692325e+01
4.4600178754538774e+01	4.7470704610444443e+01
4.4640114733502706e+01	4.9572516784809395e+01
4.4680102917350020e+01	5.1730767655586988e+01
4.4720205949482107e+01	5.1748403349365091e+01
4.4760190228372046e+01	6.0198422097445231e+01
4.4800078155827521e+01	7.3071120466004331e+01
4.4840109587031080e+01	7.0979198483936827e+01
4.4880098843796219e+01	6.1600515630737412e+01
4.4920072545252509e+01	6.4328396255827414e+01
4.4960059808481667e+01	7.1900593694730986e+01
4.5000083162417020e+01	7.0144859257513318e+01
4.5040138457149958e+01	6.9589219413883598e+01
4.5080193885421956e+01	7.1641043234500430e+01
4.5120009141153510e+01	6.7405884665541848e+01
4.5160172269376510e+01	6.8551897340093916e+01
4.5200031984923434e+01	7.5310512868068258e+01
4.5240216075314798e+01	7.9269003281894982e+01
4.5280122852187155e+01	7.7933945915170170e+01
4.5320005694524653e+01	7.0390270091821677e+01
4.5360121062459264e+01	7.1131435677227685e+01
4.5400077259340414e+01	8.0503781428599368e+01
4.5440169230673874e+01	8.3608178226167880e+01
4.5480145986461679e+01	8.1816513104930110e+01
4.5520158511708317e+01	7.7627663650118606e+01
4.5560016324949039e+01	7.4800468534589044e+01
4.5600175744126638e+01	7.4655563947929025e+01
4.5640177284193818e+01	7.9133871467648348e+01
4.5680005733336756e+01	8.7310150729465448e+01
4.5720107897858142e+01	9.4361258967607668e+01
4.5760051313296195e+01	9.6808739877166147e+01
4.5800058572515724e+01	8.7554662144885299e+01
4.5840081606066541e+01	9.3598380837198889e+01
4.5880083566841442e+01	1.0666115718618782e+02
4.5920045225990016e+01	9.8085683853227607e+01
4.5960188942195238e+01	8.5725770568112111e+01
4.6000078995393302e+01	8.8044004164178929e+01
4.6040161349981048e+01	9.6031110308558411e+01
4.6080197811998481e+01	8.2609197058017656e+01
4.6120013457059812e+01	1.0267433862028605e+02
4.6160094981126200e+01	9.8259866819586605e+01
4.6200008459556287e+01	8.9825968383048476e+01
4.6240189922423703e+01	9.4788215889853007e+01
4.6280204121616087e+01	7.7912056765371162e+01
4.6320025807420315e+01	7.7727520696501202e+01
4.6360094163629682e+01	8.0689572857389891e+01
4.6400159216533041e+01	7.3930534740043001e+01
4.6440197148528171e+01	8.7697678712686880e+01
4.6480205007504857e+01	6.7539516305459827e+01
4.6520169422444482e+01	8.2474903316424530e+01
4.6560088148945198e+01	7.7604847658160878e+01
4.6600187829816853e+01	5.9206155557485268e+01
4.6640060274556028e+01	7.0205916055055411e+01
4.6680165371810851e+01	6.9443919418565173e+01
4.6720042663687650e+01	5.5490580319505099e+01
4.6760095051058173e+01	5.5745554351355011e+01
4.6800104717153481e+01	5.6572089279432774e+01
4.6840109704715303e+01	5.3062952435029580e+01
4.6880167223602449e+01	4.4963477722116700e+01
4.6920020642545971e+01	5.4863926678673913e+01
4.6960046940292003e+01	5.1772636005775489e+01
4.7000024135442175e+01	5.1072035232098905e+01
4.7040198206138442e+01	5.6612710378600219e+01
4.7080156958341796e+01	5.0137263850333753e+01
4.7120128098093744e+01	4.0728018067510916e+01
4.7160089895989159e+01	4.5450465695599505e+01
4.7200041959269626e+01	4.2401012111471736e+01
4.7240194849837906e+01	3.4762002594425702e+01
4.7280114938351218e+01	3.6276383029245487e+01
4.7320051679352154e+01	3.6184753543891276e+01
4.7360218983002163e+01	3.3375164032423307e+01
4.7400163940400539e+01	3.7076295009203768e+01
4.7440111314256086e+01	3.5416065000460478e+01
4.7480060257962840e+01	3.3959987489219905e+01
4.7520005279200532e+01	3.5932063751736344e+01
4.7560172722035745e+01	3.2336466816499772e+01
4.7600129395575451e+01	3.5620203230268942e+01
4.7640112453377483e+01	3.7091825031471338e+01
4.7680137619659867e+01	3.8949291435398933e+01
4.7720214361797559e+01	4.0726119007528183e+01
4.7760098613539405e+01	4.1206137460559873e+01
4.7800178581551833e+01	4.1782839352078440e+01
4.7840044825391274e+01	4.1399811289762667e+01
4.7880167691764591e+01	4.0855215314517139e+01
4.7920149518417389e+01	3.9161738039703970e+01
4.7960049609363089e+01	4.3856954636997180e+01
4.8000208268846208e+01	4.5963422861492553e+01
4.8040097571799471e+01	4.4227390642239136e+01
4.8080142449552078e+01	4.6701554077597081e+01
4.8120135235157370e+01	6.0605122778872726e+01
4.8160098005326432e+01	6.3311410985310658e+01
4.8200057863515269e+01	6.2437085459677888e+01
4.8240037751450430e+01	6.4498349242504148e+01
4.8280026107990366e+01	7.4811395978242913e+01
4.8320216373275798e+01	9.4524056386634626e+01
4.8360173368422330e+01	1.0938364881270360e+02
4.8400114990295023e+01	1.1826444054312030e+02
4.8440066929387896e+01	1.1823466388600247e+02
4.8480036474306971e+01	1.0709453459796897e+02
4.8520017084011947e+01	8.6379138050751209e+01
4.8560218760763981e+01	8.6827253978967562e+01
4.8600203298325710e+01	9.7808504888983549e+01
4.8640193730131720e+01	9.7156132138230163e+01
4.8680181733503360e+01	8.2021202147144280e+01
4.8720175100874151e+01	9.3933848219949311e+01
4.8760164971487079e+01	9.0361058274401685e+01
4.8800164368589655e+01	8.5310475627406447e+01
4.8840173917393869e+01	1.0914618613124614e+02
4.8880169103780794e+01	1.0742721944202334e+02
4.8920095134950571e+01	9.6263385182398650e+01
4.8960187471742742e+01	1.0701017146384066e+02
4.9000027887442812e+01	7.8389199061794713e+01
4.9040067157976772e+01	1.0352933560264586e+02
4.9080100931141338e+01	9.8172021569152818e+01
4.9120142277293070e+01	1.0354275215264420e+02
4.9160163828942700e+01	1.1615874920436917e+02
4.9200183546886713e+01	1.0859153553212946e+02
4.9240193337125199e+01	1.3508374633172360e+02
4.9280172917867297e+01	1.3794294695559017e+02
4.9320087321738086e+01	1.2950818055567387e+02
4.9360200394698708e+01	1.4507937257589793e+02
4.9400175629846885e+01	1.3039312249606681e+02
4.9440103134168957e+01	1.4543361270008992e+02
4.9480044402648772e+01	1.6777479721810658e+02
4.9520055683288113e+01	1.5875296010420456e+02
4.9560199038726473e+01	1.1989976289702574e+02
4.9600148755125289e+01	1.4293898429583371e+02
4.9640076821197880e+01	1.3237378205280532e+02
4.9680003488466582e+01	1.5117151959266644e+02
4.9720216842752649e+01	1.4316790580959147e+02
4.9760005932596052e+01	1.2796091445227168e+02
4.9800163573857951e+01	1.3152086614160646e+02
4.9840095175597355e+01	1.3875319481120420e+02
4.9880002017390566e+01	1.6206700932319293e+02
4.9920175693724637e+01	1.4677328940554509e+02
4.9960169049809821e+01	1.4706561787082671e+02
5.0000006796761781e+01	1.2590595140215031e+02
5.0040154169742557e+01	1.5455352937947399e+02
5.0080094956843404e+01	1.4545903517694603e+02
5.0120127533789457e+01	1.7843794172655626e+02
5.0160004262366641e+01	1.5148819813566482e+02
5.0200068029252684e+01	1.6104362889629195e+02
5.0240110231876159e+01	1.3770592469742860e+02
5.0280182293365847e+01	1.3080133425671198e+02
5.0320004602242200e+01	1.6174623654580489e+02
5.0360203978856717e+01	1.4760048320108319e+02
5.0400053123406089e+01	1.5611593990398828e+02
5.0440143351676198e+01	1.1236392446303783e+02
5.0480010663239241e+01	1.5941185445869507e+02
5.0520010543752477e+01	1.3647137110151718e+02
5.0560019141071606e+01	1.5320492808846714e+02
5.0600076399179258e+01	1.3099111683809278e+02
5.0640074171667251e+01	1.1281084438738938e+02
5.0680036269143187e+01	1.1566956599776161e+02
5.0720207519434190e+01	1.1143664718451649e+02
5.0760200017389558e+01	1.3333962740931142e+02
5.0800184816635571e+01	1.3538428756967824e+02
5.0840165726421624e+01	1.5551042859307856e+02
5.0880064902156555e+01	1.2205851358667573e+02
5.0920008934624988e+01	1.3840074802824898e+02
5.0960175874515798e+01	1.2436392311197956e+02
5.1000188711268684e+01	1.3422571301560052e+02
5.1040180700284232e+01	1.3272604506495892e+02
5.1080139294873128e+01	1.5011874705831616e+02
5.1120088643138843e+01	1.5206217185784365e+02
5.1160052725669388e+01	1.1224200813213812e+02
5.1200028337305120e+01	1.3544272454172531e+02
5.1240146008951207e+01	1.3403100724091365e+02
5.1280028452011386e+01	1.3371853381837121e+02
5.1320147961662300e+01	1.0461978383350531e+02
5.1360087989342333e+01	1.1687988691707579e+02
5.1400200622311360e+01	1.4272030595284957e+02
5.1440189933039065e+01	1.0538059787064310e+02
5.1480188240959166e+01	9.6828507122795628e+01
5.1520170197158492e+01	1.0648842008672484e+02
5.1560084282693822e+01	9.7628302991264306e+01
5.1600142640143147e+01	1.1076830179532043e+02
5.1640129989368468e+01	1.1349022785540970e+02
5.1680215365963811e+01	1.1004662667601859e+02
5.1720023210392341e+01	1.0831762656027846e+02
5.1760027079903622e+01	1.0435694604066934e+02
5.1800044120364667e+01	9.8852332989286850e+01
5.1840105396858561e+01	9.1366972588624364e+01
5.1880211108274843e+01	9.7352980378420767e+01
5.1920105774187427e+01	9.8308454710399729e+01
5.1960003900755204e+01	8.7133024881067684e+01
5.2000106950697251e+01	1.0119350804297302e+02
5.2040176994022453e+01	8.5933564365065081e+01
5.2080201620395599e+01	1.0774172964779443e+02
5.2120165813990980e+01	1.0306225261185945e+02
5.2160067581530448e+01	1.0607621618400796e+02
5.2200141387975812e+01	1.1212465950745255e+02
5.2240200054103177e+01	1.1361830616868261e+02
5.2280050502708981e+01	1.0899191080119311e+02
5.2320138637183184e+01	1.1161800867347267e+02
5.2360197091606530e+01	1.0637923692295124e+02
5.2400199710178484e+01	1.1187469574386010e+02
5.2440064112966731e+01	1.0439258777811651e+02
5.2480053409508756e+01	1.0356995795154477e+02
5.2520032602033233e+01	1.0734926126032344e+02
5.2560056616406307e+01	9.6083961185706258e+01
5.2600171891311234e+01	9.9953894859580913e+01
5.2640202118337911e+01	9.7978127544983508e+01
5.2680160221986966e+01	8.4596809096492919e+01
5.2720207243079827e+01	9.2188988088050266e+01
5.2760067268541668e+01	9.6852140353695361e+01
5.2800182557107235e+01	9.8608816520950427e+01
5.2840203768529825e+01	9.6245163884701313e+01
5.2880122450796733e+01	9.4295919431902973e+01
5.2920213720117218e+01	9.8850174139385260e+01
5.2960095100086249e+01	9.6725194929144024e+01
5.3000032766501576e+01	8.3086522902687349e+01
5.3040059309265153e+01	7.7203412455359867e+01
5.3080169859054564e+01	9.2208462703905951e+01
5.3120121293943484e+01	8.1578875798517473e+01
5.3160043307407882e+01	7.1947847821875101e+01
5.3200139429056364e+01	7.8113930759518752e+01
5.3240135032869183e+01	8.8166146895001944e+01
5.3280033470334480e+01	9.3722212572071811e+01
5.3320064976161845e+01	7.9705207369453120e+01
5.3360012764551819e+01	8.8619854717972942e+01
5.3400107354590403e+01	8.5909760468591998e+01
5.3440160265024055e+01	7.4303446482233767e+01
5.3480198856262916e+01	7.4548004813557668e+01
5.3520210918035552e+01	5.3747974160079409e+01
5.3560000619392696e+01	6.8009567001571156e+01
5.3600054597163513e+01	7.0669569453113326e+01
5.3640133121184618e+01	6.7124522603799846e+01
5.3680017004834454e+01	5.6744061836485223e+01
5.3720179699298882e+01	4.9740185395011444e+01
5.3760198989026875e+01	4.5744692764705007e+01
5.3800092004707054e+01	4.5969246630946721e+01
5.3840048592305294e+01	4.6393562871678988e+01
5.3880049906842778e+01	4.7000894325017235e+01
5.3920078123893539e+01	4.5575280184486196e+01
5.3960130429764028e+01	4.3171192784866449e+01
5.4000151302598546e+01	4.6604248616887951e+01
5.4040209610996435e+01	5.8057858441695934e+01
5.4080157818212854e+01	4.9733295660270777e+01
5.4120028867750221e+01	6.3200653927894272e+01
5.4160050805522260e+01	4.6706321499482691e+01
5.4200127681937694e+01	5.0438669660627760e+01
5.4240077938595576e+01	5.5330339199052879e+01
5.4280196917367746e+01	5.3562284870517189e+01
5.4320176369339670e+01	5.9835066982827335e+01
5.4360149089020751e+01	6.6321034980073122e+01
5.4400200351083178e+01	7.0321975379282591e+01
5.4440135220960123e+01	7.2873297421853124e+01
5.4480056895598253e+01	6.9204576446508838e+01
5.4520151625319031e+01	7.7204341447537061e+01
5.4560159411623616e+01	8.2133251658616842e+01
5.4600016024274936e+01	8.4674150520055719e+01
5.4640154550396701e+01	8.2454499763388881e+01
5.4680076909407930e+01	9.6480369363085430e+01
5.4720013303487193e+01	8.7274729369453908e+01
5.4760126785511176e+01	9.1230002552523317e+01
5.4800182819430852e+01	9.1771002868696513e+01
5.4840184451449019e+01	8.6182167306882263e+01
5.4880136462250995e+01	1.0407839245826383e+02
5.4920056953096747e+01	1.0614525399050420e+02
5.4960198006267063e+01	1.0043087510501903e+02
5.5000158659243183e+01	9.6968376075587415e+01
5.5040182807872100e+01	1.0020652896913211e+02
5.5080070632854131e+01	9.5498715988186547e+01
5.5120029806863855e+01	9.0659165101839307e+01
5.5160075441124725e+01	9.2679230687087767e+01
5.5200150806107622e+01	8.9604227829918599e+01
5.5240167368850898e+01	1.1014616918517275e+02
5.5280138959559601e+01	9.4935225856229977e+01
5.5320069902378222e+01	1.0288961758399807e+02
5.5360196177714549e+01	9.6771663947693909e+01
5.5400012605799617e+01	9.2168295829964222e+01
5.5440168574851775e+01	7.2842448067699664e+01
5.5480018142537347e+01	6.8414314058633337e+01
5.5520027130683211e+01	7.1751757322313395e+01
5.5560019999512114e+01	6.7756955600469411e+01
5.5600028269665970e+01	6.5716940309655769e+01
5.5640069532035007e+01	6.6657469533117677e+01
5.5680173159976263e+01	6.2428874206979494e+01
5.5720110038182661e+01	6.3609326422676283e+01
5.5760197584059078e+01	6.3271313673417410e+01
5.5800039153520160e+01	5.8455862640710471e+01
5.5840099377389272e+01	6.1954222758142258e+01
5.5880213710759641e+01	5.9236418876192140e+01
5.5920207608352570e+01	6.0651793001256252e+01
5.5960023286256309e+01	6.0021854129351794e+01
5.6000101405524852e+01	6.3384836889230492e+01
5.6040024793309520e+01	7.6087753415618067e+01
5.6080015117239029e+01	5.6745594753712396e+01
5.6120156443681232e+01	7.9017983668051841e+01
5.6160021819717350e+01	6.8973601557660800e+01
5.6200091297694890e+01	7.5869761535587855e+01
5.6240157318973438e+01	7.6947476858538010e+01
5.6280215260328042e+01	7.2801013656301322e+01
5.6320046237503490e+01	8.2444299794240351e+01
5.6360100657114451e+01	7.7707361927296290e+01
5.6400193766034349e+01	9.0751259543937209e+01
5.6440142053788946e+01	9.0741053911529093e+01
5.6480101347383098e+01	7.0566226233221627e+01
5.6520065647397111e+01	8.3418888316735405e+01
5.6560068259923092e+01	6.3762555512908804e+01
5.6600109862383952e+01	6.9057408729531303e+01
5.6640161279265079e+01	5.3076993014110037e+01
5.6680007553522316e+01	6.1721560470079666e+01
5.6720081325648728e+01	4.7506577159627035e+01
5.6760154852910937e+01	5.1486007083399130e+01
5.6800014190329534e+01	5.1509334419697694e+01
5.6840114263340752e+01	3.7838446625816353e+01
5.6880021307933205e+01	3.8213311091663201e+01
5.6920154405614085e+01	3.3879751412447995e+01
5.6960064219675118e+01	3.8297880711555003e+01
5.7000200160400688e+01	4.0339863893356537e+01
5.7040109241049059e+01	3.1777328358687068e+01
5.7080163699844043e+01	3.4359268321326681e+01
5.7120069618827401e+01	4.5974945921134335e+01
5.7160064321701782e+01	3.6186897968567116e+01
5.7200183844448908e+01	3.9096473842676716e+01
5.7240003222236858e+01	4.6696588000706008e+01
5.7280197636274998e+01	3.7366569863010270e+01
5.7320116806899307e+01	3.8176815559262252e+01
5.7360035565503715e+01	4.7400767925471555e+01
5.7400211277857153e+01	3.7668340813839251e+01
5.7440009381596184e+01	4.0882591811894947e+01
5.7480076036230678e+01	4.4365152199676125e+01
5.7520217752486964e+01	3.8866798118152076e+01
5.7560009852429900e+01	4.6367773811698811e+01
5.7600022117013779e+01	5.3488172906226097e+01
5.7640027954674451e+01	4.5045213461527069e+01
5.7680201301661306e+01	4.8697281205440909e+01
5.7720084729589345e+01	5.4604447187864317e+01
5.7760172990050599e+01	5.2256803382168592e+01
5.7800081291201963e+01	4.6197123403522859e+01
5.7840028934596162e+01	4.0929907616268565e+01
5.7880189071964736e+01	3.9617757102164759e+01
5.7920136858916543e+01	3.9595818757087422e+01
5.7960120300266802e+01	3.4454594884180821e+01
5.8000171326049959e+01	3.8415723609213245e+01
5.8040065121127299e+01	3.6216691980420066e+01
5.8080121858426807e+01	3.5245648188598373e+01
5.8120106526280239e+01	3.7047143462323774e+01
5.8160047078157859e+01	3.6809626227928561e+01
5.8200176632900735e+01	3.9029036235652292e+01
5.8240083986342235e+01	3.4082422063083719e+01
5.8280204187878972e+01	3.6181984151503336e+01
5.8320098380906011e+01	3.4754828348746955e+01
5.8360195567567480e+01	3.4421401494533676e+01
5.8400089458117392e+01	3.3891478572045536e+01
5.8440033473747974e+01	3.8889786830731005e+01
5.8480030050920121e+01	3.5913866599629849e+01
5.8520088727259981e+01	3.6987023504198682e+01
5.8560000660060886e+01	3.4877981180091581e+01
5.8600204280026503e+01	4.2419443674786443e+01
5.8640036062944496e+01	3.6222689198346103e+01
5.8680121069195245e+01	4.4647528271325861e+01
5.8720170243072680e+01	3.6014304591788189e+01
5.8760177135962849e+01	3.5454442940920813e+01
5.8800138896243659e+01	3.4015151695544155e+01
5.8840061760864884e+01	2.9358228698816216e+01
5.8880194081161292e+01	3.0957107878595998e+01
5.8920097033366801e+01	3.1615943194198003e+01
5.8960216109203586e+01	3.4521072597127478e+01
5.9000121036249205e+01	3.0889257740212166e+01
5.9040044582074351e+01	3.4167004176695663e+01
5.9080205016898780e+01	3.4385410073052313e+01
5.9120174993812988e+01	3.6063174488351926e+01
5.9160185770322741e+01	3.5908435611744594e+01
5.9200006868908126e+01	3.4338391600797976e+01
5.9240066705706390e+01	3.0016220719558007e+01
5.9280141107247168e+01	3.3277177109874188e+01
5.9320013122374462e+01	3.3163838026373575e+01
5.9360121791938234e+01	3.0765823898089483e+01
5.9400040649837166e+01	3.2420915409032496e+01
5.9440004099363343e+01	3.3058345514286295e+01
5.9480015022867995e+01	3.3947032545559196e+01
5.9520025896171340e+01	3.6360969968570963e+01
5.9560200220776856e+01	3.7846386056168072e+01
5.9600079418538407e+01	3.7322157344925465e+01
5.9640100075594376e+01	3.5352499603812710e+01
5.9680055090864080e+01	3.8966640110325208e+01
5.9720191953911673e+01	3.9241441086439394e+01
5.9760071280356776e+01	3.9889000740304908e+01
5.9800120691755232e+01	4.5082939386643112e+01
5.9840132208057291e+01	5.0113128960782653e+01
5.9880108167118095e+01	5.2890405232274759e+01
5.9920065626859795e+01	4.4065334828828753e+01
5.9960039674967554e+01	5.1070757716769776e+01
6.0000044590452788e+01	5.4654527655027252e+01
6.0040109771297026e+01	5.0472065956664984e+01
6.0080024989651186e+01	4.8826944652224654e+01
6.0120015992076539e+01	5.2064824833597505e+01
6.0160063850310401e+01	5.1366529921765434e+01
6.0200158925313239e+01	4.5932231492863203e+01
6.0240076217727122e+01	4.7833299308060873e+01
6.0280037768768558e+01	5.1397738669966223e+01
6.0320019994288216e+01	5.0599570015839618e+01
6.0360019001174948e+01	4.7443864600954790e+01
6.0400021680956115e+01	4.7392976079474131e+01
6.0440033863683297e+01	5.2702072823461542e+01
6.0480025190910126e+01	5.2325603108294224e+01
6.0520202886040579e+01	5.1374247787082673e+01
6.0560120854530666e+01	5.4423601947478303e+01
6.0600009527050702e+01	5.6666888984845343e+01
6.0640087225059922e+01	6.0603215510367278e+01
6.0680105240734171e+01	5.7038620090002766e+01
6.0720064422907484e+01	5.9718341926633599e+01
6.0760028159996757e+01	5.4839054081176130e+01
6.0800008041320908e+01	6.2929482365572120e+01
6.0840010600665678e+01	6.7344252714180925e+01
6.0880055964917190e+01	7.3620988753295634e+01
6.0920149925323393e+01	8.0512576260723677e+01
6.0960089841692252e+01	6.7037739121022511e+01
6.1000078857427511e+01	8.4329389644997789e+01
6.1040040087420103e+01	7.2130373407126882e+01
6.1080074388180925e+01	8.2581382520470299e+01
6.1120010927564181e+01	8.3170194956224407e+01
6.1160186919351347e+01	9.4490972668287455e+01
6.1200161822482279e+01	1.0056882815370211e+02
6.1240153112244720e+01	9.3495347156624049e+01
6.1280163424509468e+01	1.1007031349410312e+02
6.1320204274410074e+01	9.5133979997959386e+01
6.1360221481010285e+01	9.1777513532378748e+01
6.1400188726172075e+01	1.3117986532369048e+02
6.1440075154991838e+01	9.8652800383332035e+01
6.1480098957668126e+01	1.0869913977434831e+02
6.1520047280773248e+01	1.3495084009413034e+02
6.1560176133537375e+01	1.0675021333494298e+02
6.1600077583211899e+01	1.2734024696440208e+02
6.1640166607432946e+01	1.0477434106137170e+02
6.1680020390284326e+01	1.2205894743538104e+02
6.1720099242024155e+01	1.2243130479389185e+02
6.1760165798803385e+01	9.2184123824776464e+01
6.1800010097162804e+01	1.0540693735220951e+02
6.1840090099328670e+01	9.2110242423556429e+01
6.1880196874490650e+01	9.3082602547629890e+01
6.1920116542245317e+01	8.4009594295180349e+01
6.1960029774874670e+01	8.0215649158507716e+01
6.2000143380711876e+01	7.9058677387472940e+01
6.2040022765278479e+01	8.7681918886099851e+01
6.2080124695758499e+01	6.8087001742996719e+01
6.2120018517432932e+01	7.6327331329422236e+01
6.2160117831652244e+01	7.7613755270837274e+01
6.2200127124302107e+01	6.3714281828766389e+01
6.2240030946965106e+01	7.1195045570123000e+01
6.2280065792298707e+01	5.5159832155459839e+01
6.2320075087031022e+01	5.5680129997197682e+01
6.2360091984593794e+01	6.4381281045451900e+01
6.2400066934884109e+01	5.5592437586802511e+01
6.2440037934473771e+01	5.1230932412009544e+01
6.2480048269492478e+01	4.7274800505532063e+01
6.2520155721911479e+01	4.6609010609011882e+01
6.2560107309906570e+01	4.5945171441184769e+01
6.2600096849636081e+01	5.1542167914547704e+01
6.2640150308485254e+01	5.0292367146577440e+01
6.2680044872815031e+01	4.3939467810924143e+01
6.2720207319800423e+01	5.0188402337464261e+01
6.2760199596760344e+01	4.9365331993626199e+01
6.2800194289406129e+01	4.0726880389963107e+01
6.2840196025195567e+01	5.1413989809867900e+01
6.2880218019261420e+01	4.0811216738652078e+01
6.2920198661379231e+01	5.1999639951858363e+01
6.2960113876325522e+01	4.1002081873645579e+01
6.3000207258582115e+01	4.2655883447008307e+01
6.3040045749537313e+01	4.1458080105918988e+01
6.3080082726047593e+01	4.4344988439589798e+01
6.3120065617809452e+01	3.3201203059701875e+01
6.3160189625060568e+01	3.8203139376086689e+01
6.3200037118009625e+01	3.7448559273346454e+01
6.3240077841483462e+01	3.8021946251467433e+01
6.3280093411083108e+01	3.8373183845215031e+01
6.3320068948823220e+01	3.4543354266193511e+01
6.3360001594031509e+01	3.8206058850800034e+01
6.3400141820922492e+01	3.9437526022150742e+01
6.3440070352164632e+01	3.9581188843524238e+01
6.3480024986093099e+01	4.0439921806127835e+01
6.3520051439383771e+01	3.8283172169357584e+01
6.3560165585544290e+01	3.4724111174008051e+01
6.3600102381866385e+01	3.6922239330803492e+01
6.3640095454361294e+01	3.0289172986928470e+01
6.3680170079370804e+01	3.4029509672165389e+01
6.3720091748963277e+01	3.5358724126152033e+01
6.3760190983284375e+01	3.3383287299362962e+01
6.3800006803653815e+01	3.3395966354155092e+01
6.3840199957414718e+01	2.7915491795216983e+01
6.3880118521391068e+01	3.6473988841443635e+01
6.3920007645625148e+01	3.1646392860994176e+01
6.3960107690991023e+01	3.7396916895179181e+01
6.4000198651977868e+01	2.9401121648018371e+01
6.4040063324727697e+01	2.8110226888475108e+01
6.4080140955793794e+01	3.1282349219702084e+01
6.4120207419716479e+01	2.8915672019539663e+01
6.4160046683705573e+01	3.2255450062111713e+01
6.4200106710967589e+01	3.0636292357304018e+01
6.4240176318089965e+01	2.7821218959609663e+01
6.4280030446371441e+01	2.5892127925315116e+01
6.4320125417040117e+01	2.4461590203791260e+01
6.4360019521193593e+01	2.8965347050448127e+01
6.4400142024072466e+01	3.1234749938671591e+01
6.4440013740694454e+01	3.5894701428421513e+01
6.4480068691688743e+01	3.6047410056226269e+01
6.4520094528267876e+01	3.1106392601174377e+01
6.4560080758628203e+01	3.2648903332531177e+01
6.4600037697875948e+01	3.3391565819574694e+01
6.4640209122956918e+01	3.4295478829428035e+01
6.4680178575706890e+01	3.2474445167881093e+01
6.4720133941097203e+01	3.5061177091635777e+01
6.4760080735101894e+01	3.7930227537911406e+01
6.4800024660516414e+01	3.7090701223519368e+01
6.4840188731967871e+01	4.2441614625156397e+01
6.4880182320036283e+01	4.6652493416922880e+01
6.4920029137106681e+01	4.8147535226618189e+01
6.4960164348749075e+01	4.6463327340235359e+01
6.5000093570418628e+01	4.9657896749098285e+01
6.5040043257787602e+01	5.0489264460581730e+01
6.5080010174349056e+01	4.7849390195003700e+01
6.5120003395479273e+01	5.0909858634459908e+01
6.5160045638428116e+01	5.0634432603751726e+01
6.5200109492522827e+01	4.5448724016718465e+01
6.5240194262215425e+01	4.5796885939806863e+01
6.5280079680108500e+01	4.8508769447237881e+01
6.5320141870933497e+01	5.0540481019610858e+01
6.5360180314071755e+01	4.8469898559046435e+01
6.5400218320505275e+01	4.6541557970609411e+01
6.5440005420096057e+01	5.2909724426631144e+01
6.5480040899606038e+01	5.5545844730054327e+01
6.5520038497898824e+01	5.3991830499681292e+01
6.5560208554085435e+01	6.1255039701440879e+01
6.5600144333965062e+01	6.6682345277139945e+01
6.5640070180104331e+01	6.3882145821749148e+01
6.5680211060903872e+01	7.5671513676490349e+01
6.5720133651686908e+01	7.2946100391564130e+01
6.5760060976768003e+01	5.9127050985193939e+01
6.5800010301041652e+01	6.9712900116856801e+01
6.5840196795222454e+01	7.3424201974321051e+01
6.5880158897322872e+01	5.9115859502944254e+01
6.5920103962973471e+01	6.1901023689582260e+01
6.5960036422346718e+01	7.0381053055507365e+01
6.6000199427317625e+01	6.2461203166662315e+01
6.6040165255792544e+01	6.7788054385221727e+01
6.6080160796748743e+01	7.2446141249807724e+01
6.6120142405554091e+01	7.1714635632587331e+01
6.6160114239289811e+01	7.9891554365817839e+01
6.6200089740625714e+01	7.0837240461401493e+01
6.6240088012040999e+01	6.6916728370346021e+01
6.6280145493970309e+01	5.9608098002972476e+01
6.6320036320304183e+01	6.9823755195029364e+01
6.6360175907610795e+01	7.0432876898412957e+01
6.6400106568083771e+01	6.5576236385909965e+01
6.6440039726920332e+01	5.8167673139869002e+01
6.6480195033616539e+01	4.9231181718702757e+01
6.6520111346478032e+01	5.4647775821931909e+01
6.6560216738732663e+01	5.8543561143435518e+01
6.6600064694388124e+01	5.5026928871106719e+01
6.6640112123980373e+01	5.4592331496489201e+01
6.6680149116276553e+01	5.5823625454513987e+01
6.6720173286150384e+01	5.3432729132914019e+01
6.6760203066819741e+01	4.3359154307938368e+01
6.6800045879750854e+01	4.1990293847062297e+01
6.6840153723606576e+01	4.3233460547706514e+01
6.6880073640947387e+01	3.9532148455527455e+01
6.6920054601563322e+01	3.4934427521985690e+01
6.6960061442816269e+01	3.2925687236055950e+01
6.7000086395156757e+01	3.6764746158636626e+01
6.7040128942518777e+01	3.6420104256828054e+01
6.7080171750421684e+01	3.9220279814174376e+01
6.7120188622340024e+01	3.9974101567175047e+01
6.7160180619767729e+01	4.1964113320571627e+01
6.7200147602873372e+01	4.8088603164154748e+01
6.7240091637749657e+01	5.4156270720854160e+01
6.7280025478640837e+01	4.8457921053678632e+01
6.7320196440654996e+01	5.1820398017360517e+01
6.7360141828701913e+01	4.3691600229344175e+01
6.7400076495784475e+01	4.3677360635910802e+01
6.7440000477169434e+01	4.4397303704884450e+01
6.7480136986909542e+01	4.2440189600814847e+01
6.7520184875927441e+01	4.2892179419206656e+01
6.7560136072269472e+01	4.4527711385579160e+01
6.7600028573599204e+01	4.1095178023207126e+01
6.7640122309059080e+01	4.3745308111072504e+01
6.7680015774196875e+01	4.3621166740750240e+01
6.7720131148008917e+01	4.6778212237095978e+01
6.7760214810234785e+01	4.4202287547902834e+01
6.7800061975161611e+01	3.8819209889668194e+01
6.7840148595295020e+01	4.0897228657546151e+01
6.7880026973462606e+01	4.5138828241410501e+01
6.7920120511343612e+01	4.7658974076977252e+01
6.7960183794091435e+01	5.1004331199367208e+01
6.8000029871611389e+01	4.4317891296882529e+01
6.8040129645370627e+01	4.4557566734918652e+01
6.8080057521933583e+01	5.6949445977552145e+01
6.8120033492044243e+01	5.4305718337290116e+01
6.8160070230711085e+01	5.9222221909534433e+01
6.8200162301473497e+01	5.9625681236660348e+01
6.8240090248969835e+01	5.4155792777793110e+01
6.8280096807899952e+01	5.7383278490708314e+01
6.8320174699682738e+01	6.6695990605338451e+01
6.8360043187042436e+01	7.6114186835890635e+01
6.8400097009846476e+01	7.3012096778152809e+01
6.8440120500946819e+01	5.5057497903704800e+01
6.8480124017013537e+01	6.6600171861276351e+01
6.8520114826897341e+01	7.7212570106259022e+01
6.8560074136392799e+01	6.3367746733989335e+01
6.8600017382491785e+01	7.8877799024406215e+01
6.8640167841770747e+01	7.1727929494323760e+01
6.8680068351728295e+01	8.5916459298680010e+01
6.8720183419324599e+01	6.4757231068033718e+01
6.8760063350351373e+01	8.5254026919963394e+01
6.8800134726353733e+01	8.0138615244592444e+01
6.8840137770722151e+01	6.9324493199748673e+01
6.8880056955729188e+01	7.0963361937095954e+01
6.8920125448900251e+01	7.2578608615761894e+01
6.8960136424631699e+01	6.2951288328682516e+01
6.9000114085119009e+01	5.2987780141396065e+01
6.9040038007735703e+01	6.0233052094942543e+01
6.9080116178137246e+01	6.8850947731751162e+01
6.9120160829207123e+01	6.2606612628350952e+01
6.9160200417924145e+01	6.3538149975498797e+01
6.9200047212623460e+01	7.0071053810782828e+01
6.9240122960913268e+01	7.6237734902944538e+01
6.9280192200030100e+01	6.4973263605629199e+01
6.9320060824876379e+01	8.1580230344524921e+01
6.9360185233235882e+01	8.4228117909689175e+01
6.9400143845048021e+01	7.7478922474711112e+01
6.9440158482991293e+01	8.7732778839225048e+01
6.9480019589345645e+01	7.7936597578834650e+01
6.9520166533883071e+01	7.8723864311516280e+01
6.9560119109064473e+01	7.5782288934145072e+01
6.9600098560383145e+01	6.2608355662343889e+01
6.9640095791329287e+01	6.6279820808347182e+01
6.9680100217921023e+01	5.9182555108579471e+01
6.9720097610838337e+01	5.9021793009857880e+01
6.9760090932018102e+01	6.3373827665375316e+01
6.9800064301344221e+01	6.2513238479486979e+01
6.9840011580578931e+01	5.8344263596204605e+01
6.9880160858252523e+01	6.0588629355521327e+01
6.9920091899961633e+01	6.2250439570083046e+01
6.9960047590830087e+01	6.1066166636987816e+01
7.0000032759314223e+01	5.9072066088793143e+01
7.0040071964895915e+01	5.8145173039558593e+01
7.0080178672309259e+01	5.9018109590250305e+01
7.0120071855483673e+01	6.1395331157011519e+01
7.0160147134665948e+01	6.2460642545168703e+01
7.0200183385006795e+01	5.9096244640557863e+01
7.0240193618122561e+01	5.2648369950423039e+01
7.0280173555146291e+01	5.2557524619289524e+01
7.0320109746249230e+01	5.2272622318280789e+01
7.0360023379514104e+01	4.0990843054518621e+01
7.0400146168696992e+01	4.7475690363272712e+01
7.0440030199528067e+01	3.7205364668041398e+01
7.0480124006857523e+01	4.1067963151336734e+01
7.0520192156869257e+01	4.0583129257214786e+01
7.0560202997103673e+01	3.5868642553004157e+01
7.0600163017547757e+01	3.3518590035136370e+01
7.0640085611861295e+01	3.0527195025751166e+01
7.0680211989706663e+01	3.0411087462017420e+01
7.0720115732429676e+01	3.5649659487949215e+01
7.0760041251239329e+01	3.4553198419015224e+01
7.0800219158122857e+01	2.9155874662642589e+01
7.0840172324206648e+01	3.6485608712432487e+01
7.0880101869478466e+01	3.1633453278365305e+01
7.0920033539271941e+01	2.7446029543539442e+01
7.0960205253814237e+01	2.9222922909018720e+01
7.1000200512147302e+01	3.0316592646502098e+01
7.1040053396807295e+01	3.1736912273399795e+01
7.1080070767312066e+01	3.4583906061357716e+01
7.1120031931894658e+01	3.8065762285537538e+01
7.1160207952512394e+01	4.1730381909363004e+01
7.1200198254067260e+01	4.3512386434463828e+01
7.1240034098733958e+01	4.3939657962471749e+01
7.1280127840123740e+01	4.2196846629261600e+01
7.1320064850383034e+01	3.6771665319384290e+01
7.1360001274571360e+01	3.7713927504968275e+01
7.1400131268086113e+01	3.6949139366954412e+01
7.1440042468183876e+01	4.0395914186132273e+01
7.1480178799036196e+01	3.4928665026147762e+01
7.1520084967460434e+01	4.2185022166183295e+01
7.1560207207076303e+01	3.5154730450700704e+01
7.1600122272793271e+01	4.4061365809303553e+01
7.1640068382884650e+01	3.9849742134006867e+01
7.1680036090866309e+01	4.9078799372527051e+01
7.1720021902309796e+01	4.4114371755367934e+01
7.1760023866566470e+01	5.4717706485601710e+01
7.1800039054924639e+01	5.6819635716432934e+01
7.1840068001506694e+01	5.2780674569491779e+01
7.1880096844225804e+01	4.7256826825312473e+01
7.1920087293356474e+01	4.2254255242655013e+01
7.1960035754589640e+01	4.0697355108211760e+01
7.2000173054091448e+01	4.1493799561296449e+01
7.2040050616661958e+01	4.4575745978702194e+01
7.2080090738113427e+01	4.5312360724962417e+01
7.2120097030229687e+01	5.0562698420812531e+01
7.2160065915462752e+01	4.7975512322410651e+01
7.2200002591628987e+01	5.3414507241558255e+01
7.2240137921717519e+01	5.7241818435841019e+01
7.2280041019202969e+01	6.0004966822579441e+01
7.2320161381707507e+01	5.7976489476653278e+01
7.2360078915507273e+01	6.3011588174399492e+01
7.2400033817148596e+01	6.1078126399161782e+01
7.2440036514652320e+01	5.4981445065159129e+01
7.2480118448256050e+01	6.1421705232339967e+01
7.2520068921596803e+01	5.7971318280760855e+01
7.2560007162220046e+01	5.0027971223530947e+01
7.2600120616216628e+01	5.2898513547938350e+01
7.2640010364014231e+01	5.5535253485832371e+01
7.2680168134296849e+01	5.4522383297858092e+01
7.2720209967278535e+01	5.3184013594325599e+01
7.2760099247813741e+01	5.9948789492634205e+01
7.2800176946606854e+01	5.2146047938128682e+01
7.2840212989913368e+01	5.6849060994042141e+01
7.2880210470951724e+01	7.1969289746766364e+01
7.2920170332282623e+01	6.4147756232868772e+01
7.2960102110908096e+01	5.7722880702234704e+01
7.3000012137817336e+01	6.1850967154501419e+01
7.3040103462439333e+01	5.5558577767880948e+01
7.3080125946889908e+01	5.1010878727956658e+01
7.3120110255712490e+01	5.4994594757152441e+01
7.3160099724454867e+01	4.9868950962928260e+01
7.3200103779500481e+01	5.6175241648364754e+01
7.3240142142372918e+01	4.9227606480002365e+01
7.3280000734289104e+01	5.5217347175242686e+01
7.3320124923664238e+01	5.1418787358123311e+01
7.3360080941922789e+01	5.8516429509542142e+01
7.3400047211840928e+01	5.3863106702107565e+01
7.3440219530618165e+01	5.1261435456234658e+01
7.3480124431722643e+01	4.7350489356302738e+01
7.3520166191551027e+01	6.4902351834369512e+01
7.3560090849435525e+01	5.0962669944901101e+01
7.3600127065780384e+01	5.4947887461935906e+01
7.3640078074187898e+01	5.0954627893514143e+01
7.3680192999548652e+01	5.9094835351142443e+01
7.3720063846250184e+01	6.3638404507851533e+01
7.3760161184950690e+01	4.8717448023119083e+01
7.3800044477976556e+01	6.1596922670830608e+01
7.3840136433856856e+01	6.0338539564399518e+01
7.3880013015840873e+01	4.2105223073999177e+01
7.3920100422824589e+01	5.5015754996836812e+01
7.3960025942118520e+01	5.2249637244835725e+01
7.4000066862993492e+01	5.2546843227183530e+01
7.4040016107141909e+01	4.9320329668127833e+01
7.4080116721415550e+01	5.4543808548372617e+01
7.4120083269822999e+01	5.1426729141716393e+01
7.4160039935198881e+01	5.8396462953377949e+01
7.4200208349336251e+01	5.2233400196606340e+01
7.4240190158685550e+01	4.8548355572129807e+01
7.4280205760410823e+01	5.1963145723232799e+01
7.4320189495150203e+01	6.0621668455763682e+01
7.4360135955100546e+01	5.4702051242793836e+01
7.4400069492720434e+01	7.2721527601770546e+01
7.4440175410244819e+01	5.8377483922180090e+01
7.4480008043787436e+01	6.5049677723414447e+01
7.4520054085271596e+01	5.7071139410127238e+01
7.4560116131519806e+01	8.0201638674907272e+01
7.4600206433540478e+01	6.2997825457199298e+01
7.4640120604121492e+01	7.0072089002851314e+01
7.4680055296845964e+01	5.9572032443383584e+01
7.4720029919761060e+01	7.3421563472826364e+01
7.4760019359024639e+01	5.8403977527908872e+01
7.4800162311890659e+01	7.2243052400454005e+01
7.4840024871450936e+01	5.7533335141405480e+01
7.4880100298432524e+01	6.3215679153235861e+01
7.4920209227500635e+01	5.6225098652408022e+01
7.4960118945409079e+01	6.4665493728103641e+01
7.5000171312663639e+01	4.8963648067228057e+01
7.5040133339855615e+01	4.8746726338528660e+01
7.5080201991980545e+01	5.1353445257454084e+01
7.5120157453981619e+01	4.7149953697213142e+01
7.5160216646266207e+01	5.8292347590275213e+01
7.5200193328147137e+01	5.3416394316285611e+01
7.5240138059197776e+01	5.6347691754284796e+01
7.5280115231766487e+01	5.7802604582380390e+01
7.5320187200535742e+01	5.1939564074857181e+01
7.5360073641196792e+01	5.7817986923043172e+01
7.5400147081615330e+01	5.8513639195672617e+01
7.5440207949654010e+01	4.9568062818639959e+01
7.5480103306260986e+01	5.9274373719267913e+01
7.5520012725651654e+01	5.7260021627617974e+01
7.5560127303573324e+01	4.1014163458304566e+01
7.5600040574686247e+01	5.3735493856355269e+01
7.5640012932466291e+01	4.6023523541351587e+01
7.5680080909363681e+01	4.3762090568711407e+01
7.5720179287747783e+01	4.5617298409626969e+01
7.5760058371338218e+01	4.6119044715907521e+01
7.5800179252806188e+01	4.6469599484273253e+01
7.5840119544629516e+01	4.4255966333104560e+01
7.5880108084351008e+01	4.5912724813254059e+01
7.5920146415492454e+01	4.7861786619773135e+01
7.5960216448744816e+01	5.5615874576081907e+01
7.6000047147475087e+01	5.8138119440857373e+01
7.6040088333039634e+01	5.8528371856096967e+01
7.6080147159868019e+01	5.8704148264743566e+01
7.6120006822886879e+01	5.8525554671134032e+01
7.6160038147364943e+01	5.2292674373575082e+01
7.6200192800324416e+01	4.8412069850991124e+01
7.6240055495673587e+01	5.2857764608993989e+01
7.6280101584291742e+01	5.5253498329031906e+01
7.6320141262215174e+01	5.6114936225789975e+01
7.6360207326896244e+01	5.1526940959617875e+01
7.6400095677792876e+01	4.5890995845263340e+01
7.6440029553095584e+01	5.1643892092039700e+01
7.6480202231289809e+01	6.2149743310026345e+01
7.6520157083406687e+01	5.7758008182342103e+01
7.6560113019311373e+01	6.3102861599312057e+01
7.6600021364650573e+01	5.2481132719983194e+01
7.6640087599749180e+01	5.5727162595380236e+01
7.6680119428800793e+01	5.9051870464497270e+01
7.6720114398957435e+01	5.2174350648178198e+01
7.6760092185421982e+01	5.1954526283326146e+01
7.6800083015599299e+01	5.4202197221076467e+01
7.6840099961552994e+01	6.4523707751947754e+01
7.6880171158726853e+01	7.3120818755623077e+01
7.6920111578233360e+01	7.5618504590982454e+01
7.6960135987965160e+01	7.6596021266327966e+01
7.7000184806936076e+01	8.5900826328863289e+01
7.7040020431415954e+01	8.9272073277589527e+01
7.7080082371745803e+01	8.9461732044072576e+01
7.7120173464606864e+01	1.0640090947303574e+02
7.7160112569956652e+01	9.3964768562705586e+01
7.7200124762328429e+01	1.0215116096146652e+02
7.7240134007636598e+01	1.1257832073139313e+02
7.7280130788652954e+01	8.0010606906563709e+01
7.7320124513523922e+01	1.0370993428171863e+02
7.7360136326188766e+01	7.7179875351702094e+01
7.7400161928660452e+01	8.7638132977989585e+01
7.7440206237384416e+01	6.9384692165402072e+01
7.7480069444637948e+01	8.5661813072846527e+01
7.7520193068585840e+01	7.1991284789695868e+01
7.7560125225997112e+01	6.0725293738008425e+01
7.7600082069731769e+01	6.1090145382992908e+01
7.7640067690617755e+01	5.7689813707288188e+01
7.7680051156604833e+01	5.7139252050613386e+01
7.7720033258939921e+01	6.8740980300716387e+01
7.7760034308635980e+01	6.6270381293106496e+01
7.7800036222920212e+01	8.3160781223739662e+01
7.7840200844373058e+01	8.4294076794216650e+01
7.7880070439635091e+01	7.8186512430345701e+01
7.7920053809662718e+01	8.1042573340389950e+01
7.7960171695618413e+01	8.9782861802071466e+01
7.8000012787855397e+01	8.9616898977249861e+01
7.8040049967939339e+01	7.6222105970006155e+01
7.8080104900797991e+01	6.4160490486248079e+01
7.8120212606429789e+01	8.8371828603313006e+01
7.8160176796381506e+01	9.3696377159384568e+01
7.8200003283935317e+01	8.7135861389093691e+01
7.8240133003178343e+01	7.0406468548869228e+01
7.8280069659222235e+01	7.1425808484489778e+01
7.8320187269746796e+01	7.5433034525036305e+01
7.8360195140818206e+01	7.5879040645237581e+01
7.8400110860267702e+01	6.7884156330688626e+01
7.8440202579390373e+01	5.2994393376898714e+01
7.8480045649315244e+01	5.0258091011620223e+01
7.8520153914771626e+01	5.1291715385677477e+01
7.8560110059007229e+01	4.9111710664211486e+01
7.8600080293468622e+01	4.5137647825172955e+01
7.8640118670530327e+01	4.7088086580043267e+01
7.8680193907737419e+01	4.4204718800287303e+01
7.8720070108723888e+01	4.5481670586725308e+01
7.8760122115665084e+01	4.4518573577218284e+01
7.8800099818843776e+01	4.8476285893539419e+01
7.8840047852556694e+01	4.8131959660902318e+01
7.8880013994163392e+01	4.2398057394982388e+01
7.8920042209374770e+01	4.4924059438271492e+01
7.8960162413552510e+01	4.3802453962729821e+01
7.9000134043132277e+01	4.8184343782250970e+01
7.9040032668090021e+01	4.1688209109483530e+01
7.9080033264053739e+01	4.0601479866389042e+01
7.9120159293961891e+01	4.0359195204007086e+01
7.9160026471630019e+01	3.5092221669714128e+01
7.9200055259833860e+01	3.6475944740641410e+01
7.9240161074728434e+01	3.8094779195280992e+01
7.9280180864049413e+01	4.4322746750665416e+01
7.9320003824652289e+01	4.4164269300351194e+01
7.9360053625593196e+01	4.6846817901985744e+01
7.9400101452292517e+01	4.6245424319568343e+01
7.9440216353208186e+01	4.8766336236634231e+01
7.9480003571692649e+01	5.0130413398608596e+01
7.9520095736315355e+01	5.4940689518401726e+01
7.9560003979630736e+01	6.5995924011700978e+01
7.9600168188031773e+01	7.4853035471286915e+01
7.9640152116007698e+01	7.7401561645474601e+01
7.9680145762341368e+01	7.8770157785944775e+01
7.9720040625623383e+01	7.5279323965234823e+01
7.9760057652198583e+01	8.2703553916204115e+01
7.9800193857879890e+01	7.2911457782779962e+01
7.9840018910042176e+01	8.5717045102475154e+01
7.9880214711008875e+01	8.9478135848623381e+01
7.9920157476884398e+01	8.6769580163546351e+01
7.9960098255604620e+01	9.2015375612501188e+01
8.0000000000000000e+01	8.5588405246573132e+01
