0.0000000000000000e+00	5.3004340571330277e-01
4.0437795521777231e-02	5.1826421473514950e-01
8.0362462117336123e-02	4.9796644358400699e-01
1.2027470695564793e-01	5.2859212222288443e-01
1.6018271305475026e-01	5.2186892706668031e-01
2.0009148240834121e-01	4.8960285549114552e-01
2.4000278095139704e-01	5.2199418270282238e-01
2.8040956344877005e-01	5.1975520149463994e-01
3.2032332675971681e-01	4.8589041988282822e-01
3.6022738783684854e-01	5.1009616861893881e-01
4.0012053385572577e-01	5.1332592933367505e-01
4.4000037177191842e-01	4.8332590177167201e-01
4.8035867857244535e-01	4.9520659968276431e-01
5.2021372431225510e-01	5.0246810042419943e-01
5.6005989334151118e-01	4.8330440579632472e-01
6.0039137712596458e-01	4.8143248431876212e-01
6.4022899779312603e-01	4.9125150858028954e-01
6.8006761989248976e-01	4.7712541173901046e-01
7.2040088877851849e-01	4.6979398654196836e-01
7.6024539596300378e-01	4.8161319867620683e-01
8.0009349663454588e-01	4.6169867419469013e-01
8.4043766469880410e-01	4.5991079047046041e-01
8.8029451800165659e-01	4.7356798529301836e-01
9.2015598907083918e-01	4.5726045381516789e-01
9.6002191177397245e-01	4.6459261957666875e-01
1.0003841043546142e+00	4.6463996850826839e-01
1.0402570896241494e+00	4.5668814665407748e-01
1.0801282420401614e+00	4.6674256738439202e-01
1.1204897524787580e+00	4.5245301864156162e-01
1.1603575482533206e+00	4.5549712698903727e-01
1.2002246866386803e+00	4.6334603065575514e-01
1.2400925093775497e+00	4.5720326008686940e-01
1.2804548743382878e+00	4.4974743104572523e-01
1.3203261839956635e+00	4.5506719155300979e-01
1.3601963124316923e+00	4.6775246049919750e-01
1.4000658930128989e+00	4.4060961604165272e-01
1.4404278510412509e+00	4.4280378804529319e-01
1.4802983812330630e+00	4.7221068374986458e-01
1.5201701759225810e+00	4.3725529573490185e-01
1.5600428515496780e+00	4.3112683702000876e-01
1.6004082169721028e+00	4.7069794288986827e-01
1.6402824797422526e+00	4.5279960644946737e-01
1.6801585272595072e+00	4.3201381846222076e-01
1.7200360991991130e+00	4.6168944807151119e-01
1.7604066214423748e+00	4.6463720463155317e-01
1.8002845394385023e+00	4.2833847172207395e-01
1.8401621483623005e+00	4.4911771414463220e-01
1.8800394220808323e+00	4.7213665206504229e-01
1.9204092071029344e+00	4.2658154090162226e-01
1.9602871591710151e+00	4.3270084806856995e-01
2.0001661553063346e+00	4.7221390713391459e-01
2.0400449744080209e+00	4.4771156619615998e-01
2.0804144291384232e+00	4.3082257286985554e-01
2.1202887284375467e+00	4.6626720985228998e-01
2.1601602571174832e+00	4.6116177352750998e-01
2.2000299471196318e+00	4.2239476176187102e-01
2.2403901799724881e+00	4.5491731310686900e-01
2.2802569901436791e+00	4.6914539630488267e-01
2.3201223885483655e+00	4.2014804943463607e-01
2.3604765364923641e+00	4.3948980641878671e-01
2.4003358256096448e+00	4.7122458381230131e-01
2.4401933021782631e+00	4.3790528766092252e-01
2.4800505290134005e+00	4.2516231702473883e-01
2.5204012362446364e+00	4.6685617859079137e-01
2.5602616328415131e+00	4.5268104066151404e-01
2.6001234613101341e+00	4.1474729219787143e-01
2.6404779709153483e+00	4.5409529765311768e-01
2.6803400017226111e+00	4.6245102992363790e-01
2.7202014380894455e+00	4.1594605343304231e-01
2.7600617891126413e+00	4.2972117617103295e-01
2.8004130006332235e+00	4.6380756542196599e-01
2.8402708709857651e+00	4.3665107490359967e-01
2.8801269741613416e+00	4.2677972087296090e-01
2.9204713357973824e+00	4.5355029625305915e-01
2.9603207866460419e+00	4.4972843251661204e-01
3.0001679852366436e+00	4.2191277375573455e-01
3.0400135241060044e+00	4.3393768551276618e-01
3.0803488802551415e+00	4.5270345111908744e-01
3.1201904872829416e+00	4.2548830903587681e-01
3.1600305558373489e+00	4.3828630177711070e-01
3.2003613591615734e+00	4.4395952446842196e-01
3.2401992579516681e+00	4.3983563326558434e-01
3.2800363147958729e+00	4.3973735340984627e-01
3.3203651244384988e+00	4.3005190855932618e-01
3.3602022498563517e+00	4.4260096561276119e-01
3.4000393656008221e+00	4.3824590772750699e-01
3.4403681905903580e+00	4.2734325718395222e-01
3.4802035517963952e+00	4.3031272898264245e-01
3.5200371673903113e+00	4.3720666012690795e-01
3.5603602682178979e+00	4.2888925325859084e-01
3.6001885920449230e+00	4.1709576342652599e-01
3.6400138098598340e+00	4.3185970748042180e-01
3.6803276298979104e+00	4.2918853677219460e-01
3.7201472811067489e+00	4.2277595669864709e-01
3.7604557511516652e+00	4.2703100336642408e-01
3.8002700358545489e+00	4.3250003337516896e-01
3.8400830541183630e+00	4.2439516558743179e-01
3.8803857670053841e+00	4.4723559284942260e-01
3.9201949747974894e+00	4.3578440851320588e-01
3.9600022020259180e+00	4.3158218138390048e-01
4.0002988842054616e+00	4.2907004817951427e-01
4.0401018727822535e+00	4.5391953944034874e-01
4.0803934236406310e+00	4.3638333358958203e-01
4.1201903277383281e+00	4.2993573697021126e-01
4.1604748195130208e+00	4.2659696170293576e-01
4.2002639312761261e+00	4.5713479731034501e-01
4.2400480363357653e+00	4.5784658844714016e-01
4.2803184335017956e+00	4.2949175368490605e-01
4.3200940725226351e+00	4.3084381983166697e-01
4.3603572417931931e+00	4.5849296529004785e-01
4.4001248246825746e+00	4.6977306310338246e-01
4.4403776544189402e+00	4.4898088884175236e-01
4.4801348259278271e+00	4.2103836502629044e-01
4.5203802830629396e+00	4.5373830286476641e-01
4.5601331883147367e+00	4.7392342947428806e-01
4.6003737235203372e+00	4.6175634078168032e-01
4.6401178924687851e+00	4.3512530535997307e-01
4.6803464928448317e+00	4.4258968108400193e-01
4.7200791182962245e+00	4.6919873152667607e-01
4.7602964520803077e+00	4.6361580869302205e-01
4.8000162793135734e+00	4.6731099796561892e-01
4.8402199490185485e+00	4.6864204122966546e-01
4.8804185646021239e+00	4.5522639981719443e-01
4.9201216340380816e+00	4.5615501615162257e-01
4.9603086354111916e+00	4.5018313855510189e-01
5.0004893279361724e+00	4.5255869620979550e-01
5.0401731490700321e+00	4.7098359225834258e-01
5.0803395396044673e+00	4.8281405294643093e-01
5.1200106410158375e+00	4.8206610892279911e-01
5.1601661619565773e+00	4.7332725275053900e-01
5.2003180428252698e+00	4.6373334954562417e-01
5.2404651646381071e+00	4.6484431908740831e-01
5.2801189401048747e+00	4.5717658917893911e-01
5.3202597152861353e+00	4.7713413217578138e-01
5.3603973978888497e+00	4.9223093524306344e-01
5.4000425540179195e+00	4.9983638662209651e-01
5.4401709105406759e+00	5.0132890177681544e-01
5.4802896793389886e+00	4.9863484689483983e-01
5.5203976667951986e+00	5.1001078516746623e-01
5.5600062668218904e+00	5.1431279593374490e-01
5.6000941833125593e+00	5.1041213878088854e-01
5.6401754658890226e+00	4.9783729895906809e-01
5.6802502516912332e+00	5.0199698642775459e-01
5.7203193393688077e+00	5.1286389341928373e-01
5.7603833603656831e+00	5.1805935340988896e-01
5.8004430740942459e+00	5.1924051954386163e-01
5.8400094402226426e+00	5.1757008494192169e-01
5.8800593072993497e+00	5.1218984005667356e-01
5.9201060498178570e+00	5.1853594944209602e-01
5.9601476204839079e+00	5.3337987053746783e-01
6.0001850685990563e+00	5.4741459020392735e-01
6.0402178061387453e+00	5.6066922333138203e-01
6.0802424127944574e+00	5.7280057497664094e-01
6.1202586897282787e+00	5.8371705465637258e-01
6.1602691212951974e+00	5.9351949465495035e-01
6.2002747919741994e+00	6.0210577873024196e-01
6.2402745727669506e+00	6.0943572020532799e-01
6.2802730519752883e+00	6.1517414958287153e-01
6.3202719765976756e+00	6.1852337132144086e-01
6.3602684403868217e+00	6.1970718989589901e-01
6.4002588360463788e+00	6.1860629645776644e-01
6.4402428764132003e+00	6.1558560470364809e-01
6.4802225562374556e+00	6.1569416399172805e-01
6.5201967069353151e+00	6.1858797950174327e-01
6.5601610545697469e+00	6.3107140667139983e-01
6.6001198186762302e+00	6.4245079104291858e-01
6.6400715718855752e+00	6.5046373464903295e-01
6.6800165726391967e+00	6.5434129516151329e-01
6.7204430824069714e+00	6.5338819431105122e-01
6.7603795683065409e+00	6.4863530842237305e-01
6.8003171405019751e+00	6.5094141446520382e-01
6.8402636894723621e+00	6.6639565911483789e-01
6.8802226226029868e+00	6.8207495414648667e-01
6.9201749384558360e+00	6.9717041368347810e-01
6.9601179729203775e+00	7.1117888278685548e-01
7.0000554352503803e+00	7.2329694157848423e-01
7.0404771408094318e+00	7.3371600797928815e-01
7.0804086353555835e+00	7.4040020456272604e-01
7.1203386476167783e+00	7.4269844542445462e-01
7.1602732685193091e+00	7.4187185403757017e-01
7.2001892682936175e+00	7.5533101918305412e-01
7.2400848085871727e+00	7.8473159396956804e-01
7.2804474961037116e+00	8.0932571435099376e-01
7.3203039065400475e+00	8.2574919761530274e-01
7.3601393815703142e+00	8.3122520613765960e-01
7.4004396522452351e+00	8.2697796495038878e-01
7.4402331613709638e+00	8.3506975637299652e-01
7.4800076003886220e+00	8.3581527211249507e-01
7.5202525269578144e+00	8.2857560704803856e-01
7.5604767409047318e+00	8.4728706488078442e-01
7.6001970742675793e+00	8.9173936590074998e-01
7.6403836079631935e+00	9.2735326358836723e-01
7.6800695337207117e+00	9.5572651620877613e-01
7.7202348462885402e+00	9.7669609238026533e-01
7.7603864495166199e+00	9.9012991232956260e-01
7.8000359132666430e+00	9.9182919442896744e-01
7.8401545905453505e+00	9.8483952266175878e-01
7.8802648834804394e+00	1.0055818147545021e+00
7.9203715586229713e+00	1.0220620622194800e+00
7.9604780734664100e+00	1.0255802779903640e+00
8.0001003321202138e+00	1.0368090656439319e+00
8.0401991226077012e+00	1.0321162351284003e+00
8.0802837783048140e+00	1.0464575565837606e+00
8.1203579757762601e+00	1.1099145300980051e+00
8.1604250078065892e+00	1.1691339904585365e+00
8.2004822480980266e+00	1.2122056095303670e+00
8.2400396487552161e+00	1.2076845223501305e+00
8.2800619687723938e+00	1.2047935966010805e+00
8.3200667708540248e+00	1.2511964692864628e+00
8.3600549168603155e+00	1.2611272268398477e+00
8.4000350643834718e+00	1.2975734361734808e+00
8.4400155669614758e+00	1.3226860852690798e+00
8.4804801861118122e+00	1.3383765722422845e+00
8.5204659698736780e+00	1.4059205190763797e+00
8.5604549685180498e+00	1.4789578443688685e+00
8.6004301861246351e+00	1.5054689513975015e+00
8.6403892911237570e+00	1.4401520971618755e+00
8.6803332507189044e+00	1.5238658661848998e+00
8.7202613371604194e+00	1.6056607371277041e+00
8.7601811015674116e+00	1.5902650518144505e+00
8.8000868718685208e+00	1.6473316339635085e+00
8.8404546642690569e+00	1.6160787589460122e+00
8.8803328944617554e+00	1.5981031463462079e+00
8.9202060185573586e+00	1.6425199594632336e+00
8.9600793399954846e+00	1.7174831157584134e+00
9.0004289025457407e+00	1.8229405424248073e+00
9.0402834342946097e+00	1.8905404404696786e+00
9.0801350507435323e+00	1.8191548280389824e+00
9.1204747635656034e+00	1.9031148049613102e+00
9.1603444534544209e+00	2.0060506549723400e+00
9.2002141434679086e+00	2.0599743723636279e+00
9.2400685624309418e+00	2.0139835830348294e+00
9.2803832758264218e+00	2.0121683890448665e+00
9.3201987437851912e+00	2.1043114439366462e+00
9.3600019646005705e+00	2.1528616683915285e+00
9.4002829695007009e+00	2.1442136164089241e+00
9.4400917240665692e+00	2.1163288714699777e+00
9.4803690905874731e+00	2.2176697286550815e+00
9.5201503973861570e+00	2.2699014965168005e+00
9.5604015010889949e+00	2.2651965746921845e+00
9.6001654655036361e+00	2.2063858079181982e+00
9.6403784838937199e+00	2.2033844635194630e+00
9.6800898952183037e+00	2.2698726362180737e+00
9.7202827688826581e+00	2.2510961650845807e+00
9.7604529530029005e+00	2.1805507563557884e+00
9.8001383655195102e+00	2.2539315277849150e+00
9.8403097310563830e+00	2.3508943046338113e+00
9.8800079407878201e+00	2.4909978705536577e+00
9.9201855794333245e+00	2.5707203367318936e+00
9.9603525833041484e+00	2.6082004045751743e+00
1.0000035727711966e+01	2.6126300381832315e+00
1.0040204531338707e+01	2.5483180610543634e+00
1.0080385329857050e+01	2.5734803227861018e+00
1.0120082429078936e+01	2.5115135850912207e+00
1.0160230251228286e+01	2.6632067158232644e+00
1.0200376497377551e+01	2.8839629298180927e+00
1.0240051150402985e+01	2.8178242516470808e+00
1.0280215461720227e+01	2.9485114297666568e+00
1.0320380164221600e+01	3.1839133142545020e+00
1.0360071425717976e+01	3.1341099826875412e+00
1.0400241114209933e+01	3.2993304470113323e+00
1.0440422950136767e+01	3.1803382311391095e+00
1.0480109595066009e+01	3.0027310246115833e+00
1.0520235614884161e+01	3.0695307565166265e+00
1.0560340103354422e+01	3.2293877691581816e+00
1.0600435767431010e+01	3.2559187362180930e+00
1.0640050275412545e+01	3.2952953245219092e+00
1.0680133331661525e+01	3.3817721830979104e+00
1.0720215603879700e+01	3.4337837926165848e+00
1.0760284400138252e+01	3.4311557716436001e+00
1.0800337290090775e+01	3.3777523002807799e+00
1.0840356021603736e+01	3.3311317736976935e+00
1.0880332217044289e+01	3.3380149431274790e+00
1.0920282998699655e+01	3.7647514821661865e+00
1.0960167112906383e+01	3.8255555689606542e+00
1.1000027393309436e+01	3.7376558846278272e+00
1.1040354890665002e+01	3.9587142867504248e+00
1.1080202185640994e+01	3.8059614997807709e+00
1.1120067069002779e+01	4.0074775420396467e+00
1.1160404758478215e+01	4.1324382096235821e+00
1.1200319267447965e+01	4.3106016521126538e+00
1.1240277956625325e+01	4.4612727812164010e+00
1.1280231788230996e+01	4.1986101062285295e+00
1.1320137154884920e+01	4.3520841292881549e+00
1.1360010319444161e+01	4.2525188857601801e+00
1.1400346915774623e+01	4.5277986566772581e+00
1.1440211034717588e+01	4.2408959230775150e+00
1.1480061651892269e+01	4.5171607154429188e+00
1.1520423392607274e+01	4.0692806743074970e+00
1.1560323152149818e+01	4.2951403817133214e+00
1.1600222013802664e+01	4.2448656069089798e+00
1.1640078083564926e+01	4.2217879733325834e+00
1.1680381017379975e+01	4.6217173748115083e+00
1.1720145142634012e+01	4.3385702335311533e+00
1.1760373501999352e+01	4.7130849417761027e+00
1.1800095017350802e+01	5.1743435438474767e+00
1.1840277253272484e+01	4.8589017648221109e+00
1.1880410204041187e+01	5.4447533341733498e+00
1.1920082530821507e+01	6.2216212710353922e+00
1.1960204649866204e+01	5.3732910303741450e+00
1.2000280796842539e+01	5.7840493620979405e+00
1.2040324986462736e+01	6.7790404323033062e+00
1.2080361917712974e+01	6.5157088143287867e+00
1.2120413891957076e+01	5.7279696787609353e+00
1.2160469783242309e+01	6.4966235104351284e+00
1.2200055358236547e+01	6.4621409518308326e+00
1.2240134309180945e+01	5.6205225707061652e+00
1.2280247022411952e+01	5.4365757044141523e+00
1.2320392145191580e+01	6.3105989265926787e+00
1.2360123547380782e+01	4.7578909794562199e+00
1.2400348820738243e+01	6.3284326637821167e+00
1.2440047316266599e+01	4.6087207014311717e+00
1.2480117443726570e+01	6.1919213345589652e+00
1.2520188439491962e+01	5.2313278279339066e+00
1.2560308296373069e+01	5.4214099694543627e+00
1.2600385723824216e+01	5.8846763651758067e+00
1.2640416596492109e+01	5.1697429535259483e+00
1.2680364535359740e+01	5.8372023674842950e+00
1.2720329614882854e+01	6.0270757800028596e+00
1.2760261691533307e+01	6.7266899847958417e+00
1.2800226942554580e+01	6.8103959500440823e+00
1.2840219764507834e+01	7.1429348003198427e+00
1.2880229281742064e+01	6.9088696961216245e+00
1.2920282633917184e+01	7.5679282142793127e+00
1.2960333563497141e+01	7.7901813617515616e+00
1.3000388535572911e+01	6.1750873044368744e+00
1.3040376282153913e+01	6.6743598528524366e+00
1.3080289233701579e+01	6.4895318295867712e+00
1.3120112547494537e+01	6.9051962349152483e+00
1.3160333897791400e+01	6.0224893539120421e+00
1.3200001849790148e+01	5.7311130341336760e+00
1.3240074964008731e+01	5.4800119150245807e+00
1.3280048185946555e+01	6.0857699277092818e+00
1.3320009743390125e+01	6.1539436018002718e+00
1.3360433634165085e+01	5.6226798610193960e+00
1.3400393450243140e+01	5.7692158306718886e+00
1.3440435529279108e+01	5.9249411451854481e+00
1.3480428119672052e+01	6.4070217168919363e+00
1.3520355800624236e+01	6.1058461585594044e+00
1.3560225447614375e+01	6.5117284204255883e+00
1.3600040013599060e+01	5.6427566250631429e+00
1.3640294403316410e+01	6.2235785584442258e+00
1.3680070278963425e+01	6.0005557426721383e+00
1.3720317176825382e+01	5.9539106996291533e+00
1.3760154998846634e+01	6.0389492958318352e+00
1.3800030797519119e+01	7.7380576093090427e+00
1.3840372963359100e+01	7.0634954238371597e+00
1.3880337017041812e+01	8.3241537372345231e+00
1.3920347361152896e+01	8.6390368510890294e+00
1.3960371333279108e+01	7.7949960356200556e+00
1.4000318208037207e+01	8.6250915396136545e+00
1.4040055146127429e+01	7.2576416699314272e+00
1.4080175557568046e+01	7.6797134348767049e+00
1.4120270195122574e+01	7.7104459462364803e+00
1.4160056625149398e+01	7.9011454984916334e+00
1.4200027663132628e+01	8.4112374626251878e+00
1.4240460270045793e+01	8.1695426746980502e+00
1.4280239515711891e+01	8.5116163363485118e+00
1.4320398124219960e+01	8.4370263996358528e+00
1.4360136103282093e+01	8.2164742454515238e+00
1.4400009118397524e+01	7.8439992349479954e+00
1.4440023087799368e+01	7.6610630291974831e+00
1.4480055610201234e+01	8.3989399111682772e+00
1.4520403341046409e+01	7.3762038636615959e+00
1.4560171003062020e+01	6.8590427435743040e+00
1.4600287458694021e+01	7.6969110268563243e+00
1.4640301334526784e+01	8.5893602757693142e+00
1.4680338141173797e+01	7.5149458969286558e+00
1.4720063616200640e+01	8.0786969906216548e+00
1.4760007454076447e+01	9.5354881548228114e+00
1.4800142767271513e+01	9.0540903412476936e+00
1.4840314181359675e+01	9.8080474503209096e+00
1.4880043316831362e+01	1.1008153273428613e+01
1.4920257407733766e+01	1.0542453001604466e+01
1.4960030702547478e+01	1.1547532673752883e+01
1.5000303770426674e+01	1.5800084658702694e+01
1.5040141955256335e+01	1.3769992356454949e+01
1.5080361462705715e+01	2.1052065225766114e+01
1.5120102729654846e+01	2.0279093391613223e+01
1.5160409704036097e+01	2.2997801497024128e+01
1.5200322735816892e+01	2.2715915776556393e+01
1.5240151891217883e+01	3.1382787926446454e+01
1.5280342735710502e+01	2.9538282606396162e+01
1.5320455442111404e+01	2.7530156599241167e+01
1.5360035676761420e+01	2.8807309424806075e+01
1.5400075706987014e+01	2.9785341471479963e+01
1.5440143021533601e+01	3.2181801774402906e+01
1.5480275867770779e+01	2.4745714435663551e+01
1.5520375718745733e+01	2.8143389491934045e+01
1.5560417468008216e+01	2.2468836204299919e+01
1.5600017063651087e+01	3.1066845464194259e+01
1.5640435276302203e+01	2.3783174647030155e+01
1.5680278791661953e+01	2.6245484847617647e+01
1.5720001624304398e+01	2.2516384739002707e+01
1.5760071109678467e+01	2.8732657776294054e+01
1.5800068711457584e+01	2.9928338631599633e+01
1.5840012795020948e+01	2.3919110371837110e+01
1.5880408072823364e+01	2.7718373265776421e+01
1.5920356691011060e+01	2.5202566972712926e+01
1.5960353283321560e+01	3.0214187093906521e+01
1.6000421841318659e+01	3.2360211640823813e+01
1.6040078180512289e+01	2.3844952593412373e+01
1.6080212896410828e+01	2.9579442791621332e+01
1.6120409754265420e+01	3.1007800598078052e+01
1.6160075903061358e+01	2.7018875240636234e+01
1.6200189223015691e+01	2.4545106792032264e+01
1.6240269596931078e+01	3.0286607285510652e+01
1.6280324553318934e+01	3.2346781665029262e+01
1.6320397173489184e+01	3.1210775833510510e+01
1.6360056374669831e+01	2.9010891291511729e+01
1.6400192984737480e+01	2.7568290404175514e+01
1.6440369112922163e+01	3.1725203399802183e+01
1.6480203812055631e+01	3.4965540711912148e+01
1.6520148073418301e+01	3.4892181812757990e+01
1.6560107558570355e+01	3.2193803182121130e+01
1.6600067270803567e+01	2.7623695532283534e+01
1.6640461633768780e+01	3.0270281023184282e+01
1.6680399572755054e+01	3.4849027095055384e+01
1.6720294291409225e+01	3.8711393477873855e+01
1.6760159096588456e+01	3.5752925330019259e+01
1.6800004296285820e+01	3.4234660641672122e+01
1.6840339486151830e+01	3.6829131571332447e+01
1.6880217033060266e+01	3.8506415502776854e+01
1.6920168883280081e+01	4.3722800127177010e+01
1.6960219964047667e+01	3.6584965563334940e+01
1.7000374615229333e+01	3.3973393840042078e+01
1.7040179767225208e+01	3.2924916881135452e+01
1.7080095391852616e+01	4.0602836879775040e+01
1.7120013823064237e+01	4.0734264231017278e+01
1.7160389815002659e+01	3.4893255675386150e+01
1.7200191319740359e+01	3.5611310237212955e+01
1.7240320976177014e+01	3.9171649555207487e+01
1.7280377834361399e+01	3.8356514829115042e+01
1.7320017111699634e+01	3.3786514326461486e+01
1.7360118071966070e+01	2.6817513920861103e+01
1.7400195544450362e+01	3.1674045052192238e+01
1.7440253076663673e+01	3.6595432322035371e+01
1.7480296961671403e+01	3.5468567370263003e+01
1.7520342671599650e+01	3.0529889578718770e+01
1.7560413234761725e+01	2.8404081590432654e+01
1.7600049723308310e+01	3.1419366709065294e+01
1.7640187757504549e+01	3.2098104626119735e+01
1.7680369153215267e+01	3.0800811451579278e+01
1.7720142786497220e+01	2.8360240267203380e+01
1.7760455146583670e+01	2.4741085061191736e+01
1.7800324174237058e+01	2.4396417801146470e+01
1.7840186135178119e+01	2.5458259180558223e+01
1.7880011466084010e+01	2.4587169864340623e+01
1.7920282874189081e+01	2.2987800946370765e+01
1.7960018100705973e+01	2.2080908385601006e+01
1.8000160085210521e+01	2.0645929758207288e+01
1.8040282366744567e+01	1.7629033446987290e+01
1.8080403819713801e+01	1.5558959450877706e+01
1.8120071380417691e+01	1.3757137160874411e+01
1.8160251597092692e+01	1.4128053688323716e+01
1.8200420628154127e+01	1.4572192273955313e+01
1.8240050883338636e+01	1.4713060190042000e+01
1.8280072200159626e+01	1.3904010778853939e+01
1.8320047062070735e+01	1.2545311192755591e+01
1.8360435616071907e+01	1.3658305701542663e+01
1.8400312284658327e+01	1.3322145065227714e+01
1.8440177255703283e+01	1.1662553828471777e+01
1.8480085658314721e+01	1.2443272536855758e+01
1.8520051666040697e+01	1.2021454197345435e+01
1.8560124116289501e+01	9.2899446161864176e+00
1.8600264277616528e+01	1.0391728485280648e+01
1.8640035669227490e+01	8.2940728144551876e+00
1.8680359814263884e+01	1.1238423129080635e+01
1.8720162887051359e+01	8.9912751392142667e+00
1.8760388584539808e+01	1.0317775520181094e+01
1.8800117942170143e+01	8.2591886949783540e+00
1.8840302116501423e+01	1.0303548729460381e+01
1.8880464469064091e+01	1.0813626931056341e+01
1.8920144663049157e+01	1.0040235806861840e+01
1.8960277140882869e+01	1.1385132680901288e+01
1.9000422148407974e+01	9.4110417922232532e+00
1.9040146575491608e+01	1.1530927848505229e+01
1.9080361840049640e+01	9.0910182207001551e+00
1.9120097021341966e+01	1.1594189463296948e+01
1.9160282470679970e+01	1.0016847230641162e+01
1.9200452340662284e+01	8.8599427923278267e+00
1.9240155722730144e+01	9.9737347793589546e+00
1.9280353533279321e+01	8.9926430928729761e+00
1.9320144987643090e+01	8.6173587518781165e+00
1.9360422883032637e+01	9.3631010583862633e+00
1.9400253772800422e+01	8.4813452999692860e+00
1.9440122010203037e+01	7.8987221903163096e+00
1.9480010495063858e+01	9.4180812342866087e+00
1.9520256820581924e+01	7.3558896626703216e+00
1.9560013793034322e+01	8.4997196148894698e+00
1.9600191339904796e+01	9.1399606862924081e+00
1.9640451100153165e+01	8.4315604446515291e+00
1.9680298731720427e+01	7.8873491249230021e+00
1.9720130276924134e+01	9.8932544795879682e+00
1.9760404478844205e+01	1.0284926666712559e+01
1.9800172912392139e+01	9.5535351190637723e+00
1.9840414598919843e+01	9.3180008307669890e+00
1.9880219371204067e+01	9.1744248769504448e+00
1.9920021970073130e+01	9.7286241055751947e+00
1.9960241011374642e+01	1.0697615518700211e+01
2.0000442073172604e+01	1.1323377568383528e+01
2.0040179839767866e+01	1.1012471019416317e+01
2.0080407530512073e+01	1.0096640978663796e+01
2.0120176209742183e+01	1.1574432724492878e+01
2.0160409941876953e+01	1.2636029422841503e+01
2.0200194727305487e+01	1.3014088510779144e+01
2.0240010962220786e+01	1.2164352864754086e+01
2.0280355212766985e+01	1.0372347370514646e+01
2.0320230960398511e+01	9.8132086947523405e+00
2.0360084560159848e+01	1.0654804640950235e+01
2.0400403907840001e+01	1.1857931381296632e+01
2.0440257385780296e+01	1.0656568141607535e+01
2.0480158844793102e+01	1.1864805813614190e+01
2.0520110150399837e+01	1.0808652668113918e+01
2.0560463587224735e+01	1.0832316918994435e+01
2.0600261631869941e+01	1.0110826976167312e+01
2.0640464758961855e+01	1.0316729816353801e+01
2.0680128444242850e+01	9.2924955030587650e+00
2.0720194009634927e+01	1.0402882690745800e+01
2.0760191162672875e+01	8.9779088941744565e+00
2.0800153460105157e+01	8.3715038501386392e+00
2.0840105369497255e+01	8.8735789432746977e+00
2.0880061865065382e+01	7.4887937076312499e+00
2.0920007231698420e+01	7.7142635056504973e+00
2.0960410359238910e+01	8.2286065514606292e+00
2.1000380703001994e+01	8.6571976503240506e+00
2.1040403946946075e+01	7.2189173340374984e+00
2.1080045617944908e+01	7.2067750195463720e+00
2.1120159333552579e+01	5.8800976793113806e+00
2.1160265934501979e+01	7.9592003436773782e+00
2.1200370232465886e+01	8.3593164789476599e+00
2.1240002152771389e+01	6.3341844333123722e+00
2.1280104893395798e+01	7.0522608939394846e+00
2.1320222159237204e+01	5.7058953188688939e+00
2.1360287905399847e+01	5.7157017175402096e+00
2.1400314706610505e+01	7.2258698224899476e+00
2.1440333299781340e+01	6.6387119982416749e+00
2.1480380753804020e+01	6.9463034300329269e+00
2.1520423074641172e+01	6.9674355144587157e+00
2.1560457584516612e+01	5.4740897824017010e+00
2.1600074953770914e+01	5.5949799998556093e+00
2.1640209096440746e+01	5.4513707369913451e+00
2.1680325391205844e+01	5.5537871167255979e+00
2.1720427990992210e+01	5.3679394548812143e+00
2.1760066967380961e+01	6.3523614645602979e+00
2.1800202350900555e+01	5.5826302674575894e+00
2.1840356941095340e+01	6.3903775599711468e+00
2.1880096893192391e+01	5.4592326257113335e+00
2.1920329366532524e+01	6.2889255551311711e+00
2.1960074885183186e+01	5.5258727223847428e+00
2.2000280756520382e+01	5.6004391515257348e+00
2.2040018372023102e+01	5.5672191579179966e+00
2.2080215367167064e+01	5.9840096468618151e+00
2.2120402039491893e+01	6.3356103910642396e+00
2.2160148841150086e+01	6.3662904820916122e+00
2.2200388201997626e+01	6.2317498967193323e+00
2.2240176640967427e+01	5.9905680318594694e+00
2.2280399425263443e+01	5.7808070747593820e+00
2.2320138070144711e+01	6.7627172699849432e+00
2.2360317924746759e+01	6.3030536393937586e+00
2.2400002669819052e+01	7.1467367145934206e+00
2.2440169585343050e+01	6.2910942548012070e+00
2.2480359097582276e+01	8.1621310869770838e+00
2.2520080679470613e+01	8.7529586925098766e+00
2.2560267594622442e+01	8.7123065907641717e+00
2.2600372700225687e+01	8.7938604166504160e+00
2.2640402496986418e+01	9.4348947366617768e+00
2.2680345250530657e+01	1.0075755436110578e+01
2.2720172890706088e+01	1.0510207049787121e+01
2.2760374689877811e+01	1.0347199729452086e+01
2.2800094569265070e+01	1.1544346335027910e+01
2.2840255235771398e+01	1.2153170620054402e+01
2.2880387698257415e+01	1.2020797999587934e+01
2.2920007813384174e+01	1.1416687349717655e+01
2.2960056612998571e+01	1.2332021263052793e+01
2.3000106838334659e+01	1.2708821552341828e+01
2.3040123668871544e+01	1.2364236396438258e+01
2.3080160367858241e+01	1.4128922444738961e+01
2.3120306953978233e+01	1.4838144134472792e+01
2.3160036394685612e+01	1.3522472350340667e+01
2.3200220627477684e+01	1.3269334549583176e+01
2.3240411700034130e+01	1.5100690587620051e+01
2.3280141804105078e+01	1.2867294414980112e+01
2.3320296201669219e+01	1.1726742244149527e+01
2.3360457841592197e+01	9.6238308457398940e+00
2.3400183587343658e+01	1.1489037326054589e+01
2.3440376454095819e+01	1.2453896381738678e+01
2.3480098216740895e+01	1.1798956632059328e+01
2.3520293403649028e+01	1.3019185685670832e+01
2.3560059315912291e+01	1.4520539167656191e+01
2.3600326289288869e+01	1.3971419423568358e+01
2.3640080161050747e+01	1.3762343226625195e+01
2.3680227571299877e+01	1.5032004560621127e+01
2.3720337076090576e+01	1.4368336163881921e+01
2.3760426005419202e+01	1.2792697643725038e+01
2.3800040305056207e+01	1.4198297970601828e+01
2.3840139659804024e+01	1.4736814700247178e+01
2.3880274082683194e+01	1.3813072750325256e+01
2.3920444823852453e+01	1.3580548399771388e+01
2.3960218748774082e+01	1.5091300566801568e+01
2.4000060000447267e+01	1.4886190955278900e+01
2.4040371374924899e+01	1.3746682881053960e+01
2.4080198892118194e+01	1.4798812931766363e+01
2.4120457275180769e+01	1.5074147503685978e+01
2.4160207853605122e+01	1.4773029571284457e+01
2.4200370925441863e+01	1.3877484402041814e+01
2.4240041765512924e+01	1.5555476843327979e+01
2.4280146956200802e+01	1.5480635394398337e+01
2.4320235898076518e+01	1.3682330439267076e+01
2.4360319087306010e+01	1.5506185739731507e+01
2.4400363211749234e+01	1.4217558116000772e+01
2.4440382717276929e+01	1.7938021109070682e+01
2.4480385021786368e+01	1.7978814352314391e+01
2.4520378961664445e+01	1.9032074855639120e+01
2.4560374389502396e+01	2.0385382833165249e+01
2.4600379013182298e+01	2.0923468103085131e+01
2.4640402641140934e+01	2.1178565607177639e+01
2.4680453399881191e+01	1.9600038515300163e+01
2.4720064333549136e+01	2.1394491768242730e+01
2.4760176518591834e+01	2.0735019822343776e+01
2.4800317965808958e+01	2.1590243170863044e+01
2.4840460880870154e+01	2.1915563096703977e+01
2.4880122048628348e+01	2.2967623443314849e+01
2.4920226380223795e+01	2.1535416932082015e+01
2.4960309922226610e+01	2.2290282593920772e+01
2.5000347707800241e+01	2.5215736161760336e+01
2.5040412717578814e+01	2.5748305854541361e+01
2.5080036167230634e+01	2.4395947737111644e+01
2.5120145273763001e+01	2.1461375493895488e+01
2.5160336244461021e+01	2.2962799957416664e+01
2.5200097869098958e+01	2.3114629302830863e+01
2.5240380835815049e+01	2.4325290437575678e+01
2.5280236649435540e+01	2.6090031434921340e+01
2.5320151383032623e+01	2.5090822191430860e+01
2.5360106118077582e+01	2.7806380838447986e+01
2.5400090890350764e+01	2.7445078655654200e+01
2.5440079599973110e+01	3.1921128952164366e+01
2.5480055359302199e+01	2.9680726102961685e+01
2.5520032387197084e+01	2.8788283153654159e+01
2.5560013525327911e+01	2.6031625937471127e+01
2.5600024123154217e+01	2.7107632333144728e+01
2.5640005488247521e+01	2.7454201057394570e+01
2.5680430632176922e+01	2.7811237069346205e+01
2.5720374387166668e+01	2.8147557200112058e+01
2.5760240427598731e+01	2.6040101373344569e+01
2.5800037329321327e+01	2.5776898102061672e+01
2.5840246030469508e+01	2.4283183842167535e+01
2.5880422603524877e+01	2.2814786805521965e+01
2.5920104587914157e+01	2.3487431129789016e+01
2.5960197677122032e+01	1.9557827607658758e+01
2.6000245036052835e+01	2.3205793202144257e+01
2.6040247641861988e+01	2.1674818008174896e+01
2.6080195568618247e+01	2.3379381432838343e+01
2.6120111237036902e+01	2.1395567186396086e+01
2.6160016484433797e+01	2.2132841011141867e+01
2.6200348350567360e+01	2.2952306495049296e+01
2.6240212430303792e+01	2.2807200018670542e+01
2.6280089397950892e+01	1.9055271765173426e+01
2.6320444308025380e+01	2.0200117175193512e+01
2.6360369654017088e+01	2.0930210506359636e+01
2.6400325807504501e+01	2.0005357273154537e+01
2.6440287023079378e+01	1.8471375827337926e+01
2.6480238347659697e+01	1.7441768383524202e+01
2.6520176659131689e+01	1.8046387917540450e+01
2.6560108254118234e+01	1.8534070826641557e+01
2.6600034245601559e+01	1.7388309925025478e+01
2.6640404498366454e+01	1.8899733904806109e+01
2.6680291843127719e+01	1.8465604199943410e+01
2.6720159156727952e+01	1.6596648655904570e+01
2.6760021233023529e+01	1.8547849538881231e+01
2.6800335006025609e+01	1.9577798057742939e+01
2.6840165440820904e+01	1.9423925389190781e+01
2.6880453649708212e+01	1.8920790102875625e+01
2.6920225104697067e+01	2.0536101431984381e+01
2.6960395608798958e+01	2.2421582403872200e+01
2.7000085811813076e+01	2.0337454698875625e+01
2.7040234806322271e+01	2.3180059204331727e+01
2.7080416520980346e+01	2.0483631395552266e+01
2.7120224534601160e+01	2.1959747890154802e+01
2.7160060905579627e+01	2.0755726024182110e+01
2.7200361957142913e+01	1.9589680366993491e+01
2.7240228462885213e+01	2.6245234423100886e+01
2.7280122572779256e+01	2.6671133335756601e+01
2.7320018769296475e+01	2.2630869055618504e+01
2.7360394421307642e+01	2.3767645026040395e+01
2.7400254934078919e+01	2.6595667099263018e+01
2.7440037020757416e+01	2.5970471149577538e+01
2.7480208076354049e+01	2.0578526465808061e+01
2.7520314393500094e+01	1.9733259997208762e+01
2.7560359919394223e+01	1.6312392182282988e+01
2.7600349342154846e+01	1.8538628388062364e+01
2.7640255823161073e+01	1.7227105413180421e+01
2.7680069065651359e+01	1.5634328854878143e+01
2.7720245778808955e+01	1.8267951203667351e+01
2.7760365810263544e+01	1.5585908414206896e+01
2.7800006753081828e+01	1.5207064870681130e+01
2.7840069186889078e+01	1.5137850678415768e+01
2.7880091965717607e+01	1.5103634454092347e+01
2.7920089275890014e+01	1.3090700741067758e+01
2.7960086496175933e+01	1.3192394159051430e+01
2.8000115499849311e+01	1.2494019689952600e+01
2.8040202438985801e+01	1.1126578225761241e+01
2.8080372727469737e+01	1.0650322768775139e+01
2.8120208510489444e+01	1.0017889901638767e+01
2.8160142764281229e+01	9.8289959112680272e+00
2.8200156341959687e+01	1.0027212989197309e+01
2.8240244875546136e+01	1.0017272770895797e+01
2.8280337250616512e+01	9.3280410472645965e+00
2.8320432738340457e+01	9.7459640306664870e+00
2.8360075134734391e+01	1.1405752253589160e+01
2.8400179599324471e+01	1.0973962568746700e+01
2.8440281441339692e+01	9.6549445060055366e+00
2.8480380439220454e+01	9.7522178138765661e+00
2.8520026427734685e+01	1.1173141720969074e+01
2.8560133640198011e+01	9.6884181515565047e+00
2.8600275747945858e+01	1.0171862073694411e+01
2.8640456117657891e+01	1.1267466297566218e+01
2.8680171749505334e+01	1.0003720804806180e+01
2.8720355051236908e+01	9.4857321570345974e+00
2.8760108524700726e+01	1.1182517845469452e+01
2.8800353457217639e+01	1.0282460203833077e+01
2.8840206173620391e+01	1.0139256377989282e+01
2.8880149528286612e+01	1.0098449516424497e+01
2.8920200884738559e+01	9.8244037054685354e+00
2.8960377161311012e+01	9.9008486461010126e+00
2.9000100562975998e+01	1.0973135713213759e+01
2.9040297552805232e+01	9.5346371256362588e+00
2.9080032089942279e+01	1.1145781419706717e+01
2.9120218167051156e+01	1.1102900546595063e+01
2.9160381163903505e+01	9.7212141878598874e+00
2.9200059020905567e+01	1.1235417116112547e+01
2.9240174207831458e+01	8.3094090183953515e+00
2.9280259142249147e+01	1.0403892227385242e+01
2.9320333376696986e+01	1.0490554590210927e+01
2.9360402981923141e+01	9.9261197815814484e+00
2.9400445270310115e+01	8.3907761697511010e+00
2.9440011858935772e+01	1.0810675845273543e+01
2.9480020007434653e+01	8.5801773977943032e+00
2.9520009791240653e+01	1.2398795668020316e+01
2.9560442819634567e+01	1.0023004270169979e+01
2.9600384837383771e+01	9.3836575609250676e+00
2.9640280140732717e+01	1.2216389939984102e+01
2.9680137226859603e+01	9.6772828846103209e+00
2.9720424811852904e+01	9.1018117766237285e+00
2.9760226266827168e+01	1.1660749289955390e+01
2.9800012551599806e+01	1.0483286784847579e+01
2.9840259438191808e+01	1.0014849820216947e+01
2.9880049304628436e+01	1.1797596617517542e+01
2.9920291303471544e+01	1.1462942185560873e+01
2.9960064081420715e+01	1.2783164936271854e+01
3.0000279433364220e+01	1.2007830974615791e+01
3.0040025921749432e+01	1.2435471611348831e+01
3.0080197390177034e+01	1.2711474934797167e+01
3.0120333256886127e+01	1.1118291165601676e+01
3.0160444926727305e+01	1.1311504636968278e+01
3.0200073346299945e+01	1.1795061060441734e+01
3.0240127948668924e+01	1.2400992402096412e+01
3.0280150125661301e+01	1.3029929585784874e+01
3.0320135528502099e+01	1.3591923495539616e+01
3.0360094047555858e+01	1.3846139025870858e+01
3.0400015674642873e+01	1.3277977289530197e+01
3.0440360675103168e+01	1.1966197310156131e+01
3.0480225877724731e+01	1.3228168733789207e+01
3.0520080615678157e+01	1.4237830729545269e+01
3.0560366197125436e+01	1.3870652403448549e+01
3.0600190505982603e+01	1.2623756505049764e+01
3.0640018835287719e+01	1.2311262049672877e+01
3.0680286712753063e+01	1.2186323226658374e+01
3.0720087027441309e+01	1.3378621150028829e+01
3.0760342843995776e+01	1.3162116907644814e+01
3.0800130061715375e+01	1.2546440899692996e+01
3.0840381457740477e+01	1.3535972538852178e+01
3.0880153846266897e+01	1.3738494308913630e+01
3.0920324009682489e+01	1.2653655100247656e+01
3.0960008837283024e+01	1.2054310856419356e+01
3.1000128969194503e+01	1.1784840535993723e+01
3.1040244192258708e+01	1.2602313434290263e+01
3.1080346615684043e+01	1.3591346963998047e+01
3.1120433202738177e+01	1.1771673752453182e+01
3.1160046255673592e+01	1.3292357067125000e+01
3.1200022690309680e+01	1.2685133317284237e+01
3.1240381845802812e+01	1.1949685829789335e+01
3.1280253657040387e+01	1.2244978240098051e+01
3.1320115178323235e+01	9.6885286963120070e+00
3.1360433125811433e+01	9.0876213024960393e+00
3.1400330755715284e+01	1.0840424750691501e+01
3.1440233454890784e+01	1.0407876447637079e+01
3.1480117667107969e+01	1.0538875333730166e+01
3.1520001364182399e+01	9.3898942966561840e+00
3.1560349863712013e+01	1.0357761921450885e+01
3.1600251721392450e+01	8.6322482344267879e+00
3.1640166706947188e+01	1.0247138702939985e+01
3.1680105307112200e+01	9.8900589797214025e+00
3.1720048452916732e+01	1.0913524401935666e+01
3.1760429384270303e+01	9.6458446396917967e+00
3.1800362653773103e+01	9.2963278434408014e+00
3.1840320773294923e+01	9.1773996633757786e+00
3.1880314184031647e+01	8.1361308086189670e+00
3.1920328174658763e+01	8.0020891649100268e+00
3.1960342503512376e+01	8.5730932777772448e+00
3.2000367039235726e+01	9.0881786299087732e+00
3.2040364214663740e+01	9.0804039090397186e+00
3.2080371185889319e+01	9.2711309430973259e+00
3.2120321486090248e+01	9.7120201630334151e+00
3.2160232599720786e+01	9.7111847897638093e+00
3.2200085724809725e+01	8.7997898097209113e+00
3.2240335128835142e+01	9.0991865357098956e+00
3.2280102312232458e+01	9.7979008077684995e+00
3.2320302318476642e+01	9.4468952517045608e+00
3.2360066036672592e+01	8.9397781547750821e+00
3.2400299068491236e+01	9.7196134653706228e+00
3.2440122591038786e+01	1.0189672848592172e+01
3.2480001319916404e+01	9.5768433195451674e+00
3.2520314810297876e+01	9.0064588121183391e+00
3.2560141959684344e+01	9.7491453400554917e+00
3.2600359755641620e+01	1.0356397435739249e+01
3.2640067131562880e+01	9.6233319273345792e+00
3.2680163821254887e+01	9.1857832612604930e+00
3.2720236489332706e+01	9.5756594343371813e+00
3.2760307233516507e+01	1.0443229224659094e+01
3.2800389075104000e+01	1.0861941460702871e+01
3.2840051960577220e+01	1.1871935896434305e+01
3.2880224281893845e+01	1.2763368992896027e+01
3.2920002955362811e+01	1.2669540823909351e+01
3.2960272486692361e+01	1.1300821724588111e+01
3.3000159118952929e+01	1.0960641234216922e+01
3.3040070373684770e+01	1.2563237954642773e+01
3.3080394289987872e+01	1.3182640940352654e+01
3.3120284784119626e+01	1.2819900840924157e+01
3.3160210703000878e+01	1.2172383909830097e+01
3.3200139458505987e+01	1.1491000304023304e+01
3.3240045185774903e+01	1.1763297490024959e+01
3.3280358675682514e+01	1.2752244298939790e+01
3.3320200396719386e+01	1.3534010360856932e+01
3.3360053347332730e+01	1.4251694293053731e+01
3.3400353521992912e+01	1.5069513495154821e+01
3.3440184382358474e+01	1.5649807928038896e+01
3.3480002608997708e+01	1.6132466065949405e+01
3.3520284412107301e+01	1.6634174787590727e+01
3.3560096344257715e+01	1.6932598655544794e+01
3.3600306724192450e+01	1.6952212890671742e+01
3.3640035512743466e+01	1.6333456876817152e+01
3.3680172304925705e+01	1.4614235518366380e+01
3.3720285094155088e+01	1.4282628689160791e+01
3.3760369758283616e+01	1.5981286563560662e+01
3.3800443974752966e+01	1.8428544894262508e+01
3.3840068553757860e+01	1.5757787225511997e+01
3.3880118288066512e+01	2.0806412899816397e+01
3.3920150072930987e+01	2.0817794054323787e+01
3.3960175524092108e+01	1.8178563177287582e+01
3.4000213281339711e+01	2.1960786210204876e+01
3.4040259210019805e+01	2.1767450110497549e+01
3.4080321952414870e+01	1.8658506220622417e+01
3.4120419681520467e+01	1.9654770556301777e+01
3.4160057728534618e+01	2.0253901730922674e+01
3.4200122974402213e+01	1.8684958868857020e+01
3.4240198552778345e+01	1.5707517141690145e+01
3.4280296818406981e+01	1.7662379766652787e+01
3.4320423473699897e+01	1.5698656886049021e+01
3.4360145627853605e+01	1.7966961197107238e+01
3.4400385849979202e+01	1.7270325452727047e+01
3.4440266087950675e+01	1.6130977623491862e+01
3.4480247876806516e+01	1.7063598073879685e+01
3.4520338615205780e+01	1.7486460389836950e+01
3.4560056970495289e+01	1.6292367416691764e+01
3.4600264831741590e+01	1.5103008458575999e+01
3.4640037308897234e+01	1.5059313605594694e+01
3.4680211402303620e+01	1.5065089209185778e+01
3.4720334954927750e+01	1.4241007891349113e+01
3.4760428410355381e+01	1.3348674984812130e+01
3.4800058610211231e+01	1.4639765461082773e+01
3.4840120500679561e+01	1.5277009440872744e+01
3.4880151903281316e+01	1.5034154427066921e+01
3.4920180493482242e+01	1.4073258630354815e+01
3.4960205259814494e+01	1.5790583087775545e+01
3.5000188033868895e+01	1.7198083808102908e+01
3.5040105358790747e+01	1.7611583314061697e+01
3.5080420809447716e+01	1.7132559892754756e+01
3.5120253544949833e+01	1.5702676648657983e+01
3.5160027373960638e+01	1.5920573962024191e+01
3.5200195935972246e+01	1.6941847952995783e+01
3.5240316079327521e+01	1.6150822062539298e+01
3.5280389311681567e+01	1.6872093662763564e+01
3.5320438412015299e+01	1.7682717611812386e+01
3.5360034576972332e+01	1.6438562270706399e+01
3.5400068177448354e+01	1.9202051130834164e+01
3.5440125872716294e+01	1.7774240787797169e+01
3.5480204809878316e+01	1.7045781448492701e+01
3.5520283211497450e+01	1.7736901756394779e+01
3.5560363278198906e+01	1.5770727913673689e+01
3.5600430331867450e+01	1.8360804068111872e+01
3.5640443361734000e+01	1.8106525636673428e+01
3.5680406319671590e+01	1.7650163780778716e+01
3.5720324783222523e+01	2.0154374714122312e+01
3.5760189886516748e+01	1.6662081944443717e+01
3.5800434987420140e+01	2.1793787031132737e+01
3.5840206106269186e+01	1.9079416942687860e+01
3.5880394744646125e+01	2.2042642219970610e+01
3.5920087261261834e+01	2.2887804654524231e+01
3.5960173300597219e+01	1.9052945363300001e+01
3.6000272363291380e+01	2.4262651051442887e+01
3.6040338550117546e+01	2.1060216054791667e+01
3.6080367261907881e+01	2.2147422341459365e+01
3.6120349384945861e+01	2.3286860490408188e+01
3.6160321802252724e+01	1.8064831571610284e+01
3.6200297138637332e+01	2.2274085381512634e+01
3.6240282025190375e+01	2.1319872331820186e+01
3.6280288864108002e+01	2.0940724074891257e+01
3.6320311737383449e+01	2.5175063816061694e+01
3.6360378717659231e+01	2.0341676148561870e+01
3.6400050707826104e+01	2.7977602237305327e+01
3.6440178458994666e+01	2.5760359535067682e+01
3.6480243487633480e+01	2.5616194009078846e+01
3.6520279352327407e+01	2.4704613224359839e+01
3.6560310053764503e+01	1.9509553075728853e+01
3.6600304726810421e+01	2.6873295524055937e+01
3.6640215263149322e+01	2.2663073345603223e+01
3.6680106122180241e+01	3.1327133450163842e+01
3.6720415050538278e+01	2.5229540829165582e+01
3.6760296021160883e+01	2.9811926299938531e+01
3.6800221293384809e+01	2.4904523300255530e+01
3.6840228660000562e+01	2.6788130992007286e+01
3.6880330998473795e+01	2.3332028927493379e+01
3.6920042479284120e+01	2.6450605791027627e+01
3.6960213987932157e+01	2.2952377570290430e+01
3.7000404653991602e+01	2.7871440652690382e+01
3.7040102734057136e+01	2.2217625739825504e+01
3.7080200441632087e+01	2.8740159903846166e+01
3.7120319267180200e+01	2.1638600124802863e+01
3.7160012331435212e+01	3.2042767753598476e+01
3.7200175437068800e+01	2.7307993085615397e+01
3.7240402166986932e+01	3.3509861811725528e+01
3.7280267453876782e+01	3.2908144135926229e+01
3.7320200051117553e+01	3.2306073786636453e+01
3.7360114188266216e+01	3.6321927758260209e+01
3.7400438349117010e+01	2.7015448583327856e+01
3.7440339716448001e+01	3.7199583182072473e+01
3.7480266223542372e+01	2.9674796604308547e+01
3.7520189500944667e+01	3.4354096218508317e+01
3.7560101751044918e+01	3.0126178133357726e+01
3.7600440682082059e+01	2.6915648461507391e+01
3.7640353268669195e+01	3.0807600021712460e+01
3.7680342344266556e+01	2.9532517203642609e+01
3.7720376742774782e+01	3.6020395468175963e+01
3.7760352934066930e+01	3.0039447751566964e+01
3.7800254323591531e+01	3.7518036207318481e+01
3.7840107117169282e+01	3.0235566384815826e+01
3.7880371766888580e+01	3.6431038114573745e+01
3.7920226956274725e+01	2.9974709208520718e+01
3.7960114034946102e+01	3.3205516073960162e+01
3.8000064811744416e+01	2.9692562930390423e+01
3.8040106245609174e+01	2.8151251139999239e+01
3.8080152146670684e+01	4.0212104459218068e+01
3.8120208748560806e+01	3.5778449424726531e+01
3.8160192149784308e+01	3.2383771957894027e+01
3.8200141252851871e+01	3.2845815232511917e+01
3.8240064151499510e+01	3.5497552019073055e+01
3.8280008947876063e+01	3.6251056096514262e+01
3.8320008164268330e+01	4.0724729914668636e+01
3.8360051273725382e+01	3.3311417459375605e+01
3.8400171293919989e+01	3.5654020602230908e+01
3.8440330498500806e+01	3.7107666499836199e+01
3.8480006588871952e+01	3.0373657090230168e+01
3.8520061739380218e+01	3.9315993148616478e+01
3.8560035418515454e+01	4.0342813604436280e+01
3.8600419517898573e+01	3.5020294645440899e+01
3.8640307487028018e+01	3.6773555446523282e+01
3.8680146330607833e+01	2.6289301800581310e+01
3.8720409545979976e+01	3.6478606995233605e+01
3.8760225148192916e+01	4.0238111800104498e+01
3.8800053484954546e+01	3.4874287747091373e+01
3.8840347663609705e+01	3.4607252739744901e+01
3.8880212578247573e+01	2.5635268288338217e+01
3.8920103271638894e+01	3.4998230710574227e+01
3.8960019664063168e+01	2.8444033882002966e+01
3.9000368870405680e+01	3.6114785030518554e+01
3.9040272389369960e+01	3.6507425190538406e+01
3.9080215743692428e+01	4.9578724035738887e+01
3.9120174042745184e+01	4.4010212881535523e+01
3.9160067522139066e+01	4.3832587267951652e+01
3.9200380349893706e+01	4.2071130846666961e+01
3.9240210214772858e+01	3.9412702306736577e+01
3.9280035549705538e+01	5.0619453915820529e+01
3.9320318460690366e+01	3.5352816274133282e+01
3.9360156294237832e+01	3.6069694843056787e+01
3.9400036914645071e+01	5.0115374624604073e+01
3.9440392359234203e+01	4.4320676118218429e+01
3.9480358527645237e+01	3.5456276030036420e+01
3.9520377172459725e+01	3.5445622000295124e+01
3.9560438190381838e+01	3.7674811355033960e+01
3.9600116226911545e+01	3.4538150045290941e+01
3.9640278506414084e+01	3.5779235200455695e+01
3.9680061027563490e+01	4.0199268233759526e+01
3.9720312932054362e+01	3.8266156356155754e+01
3.9760161970075202e+01	3.1718370115377454e+01
3.9800003072006803e+01	3.1088745083701923e+01
3.9840267809325603e+01	3.5078049931766458e+01
3.9880032696790501e+01	3.4374608752255916e+01
3.9920188319282595e+01	3.0280271013239783e+01
3.9960358236434693e+01	2.5182661823566907e+01
4.0000096080838304e+01	3.0418463136046178e+01
4.0040299489873114e+01	3.3714092978071577e+01
4.0080005317605860e+01	3.4063392730418364e+01
4.0120136396327304e+01	3.1572426284395615e+01
4.0160235473738474e+01	2.6700087775462897e+01
4.0200349198841913e+01	2.6895135080197250e+01
4.0240022923859101e+01	2.8900170690524387e+01
4.0280141441409341e+01	2.8718689040268885e+01
4.0320225128206111e+01	2.5799388862954761e+01
4.0360281544468911e+01	2.2175130683446618e+01
4.0400323863142582e+01	2.3297902890245354e+01
4.0440346889505612e+01	2.2541297493544722e+01
4.0480352142681241e+01	2.6828975324380078e+01
4.0520361602550871e+01	2.3737200193704268e+01
4.0560385425714351e+01	2.5402733169400321e+01
4.0600398199282424e+01	2.5974192101852232e+01
4.0640399994793363e+01	3.0234302071340352e+01
4.0680394843290230e+01	2.9529479043725473e+01
4.0720388062474591e+01	2.5008220227780249e+01
4.0760385655753744e+01	2.8920181599691496e+01
4.0800394728494872e+01	3.1240447392438593e+01
4.0840432941539753e+01	2.9858078234873730e+01
4.0880070993333860e+01	2.6401558289728435e+01
4.0920166431214064e+01	2.5835369955969487e+01
4.0960247143311513e+01	2.8472714128900833e+01
4.1000314413437764e+01	2.8490089367226371e+01
4.1040412223502926e+01	2.7864263260794377e+01
4.1080105820377028e+01	2.6499232356432845e+01
4.1120270516779819e+01	2.4381970381931897e+01
4.1160407115699030e+01	2.5489818311541200e+01
4.1200061628798345e+01	2.6001900706438860e+01
4.1240111641815972e+01	2.5834757811714702e+01
4.1280123862834209e+01	2.4501602132243452e+01
4.1320118290737561e+01	2.3144180325235403e+01
4.1360109787725982e+01	2.4038665442920319e+01
4.1400116802257983e+01	2.6618151923558123e+01
4.1440124218117234e+01	2.8066038901095382e+01
4.1480070946030111e+01	2.8242566725967073e+01
4.1520403703099994e+01	2.7304181309565219e+01
4.1560264473528704e+01	2.5977092254737158e+01
4.1600121289818290e+01	2.4573124202945657e+01
4.1640438496801238e+01	2.2745481139513725e+01
4.1680353924254987e+01	2.3423976260054978e+01
4.1720337390427346e+01	2.4018369087528441e+01
4.1760372845021138e+01	2.4139684159575623e+01
4.1800037987426222e+01	2.3816367370921427e+01
4.1840193358604701e+01	2.3662318329091192e+01
4.1880366367037716e+01	2.3379710051331656e+01
4.1920113176494063e+01	2.2578572104774690e+01
4.1960294902485117e+01	2.2034887147518582e+01
4.2000429119848476e+01	2.1284337795098700e+01
4.2040086891370031e+01	2.0242193161019834e+01
4.2080176241267381e+01	2.1289821132644857e+01
4.2120227532633450e+01	2.1828115686683827e+01
4.2160221950605006e+01	2.2068655683826464e+01
4.2200132862175792e+01	2.2033334552058164e+01
4.2240423002978957e+01	2.1846420194673843e+01
4.2280213150484954e+01	2.0994339231117824e+01
4.2320425120922742e+01	2.1849050769420121e+01
4.2360218133902805e+01	2.4918441571155174e+01
4.2400100127316541e+01	2.7069298277207857e+01
4.2440063327035482e+01	2.6999581559748396e+01
4.2480035781856785e+01	2.5342032888582498e+01
4.2520417254034335e+01	2.2453388731637261e+01
4.2560344119528665e+01	2.2711937327113400e+01
4.2600239736559011e+01	2.2535792074102986e+01
4.2640116603866694e+01	3.0156383034363071e+01
4.2680000201970117e+01	2.5293753823498417e+01
4.2720322789982760e+01	2.7151275744292338e+01
4.2760212767274751e+01	2.9484537005182439e+01
4.2800115410989108e+01	2.0514354990551549e+01
4.2840037397332779e+01	2.1418203338271173e+01
4.2880438369770708e+01	2.6124577960156458e+01
4.2920423418942491e+01	2.6076602445452462e+01
4.2960003607648247e+01	2.4044502520405846e+01
4.3000081426654525e+01	2.1586105126822343e+01
4.3040207318529902e+01	1.9485656384297165e+01
4.3080344464320461e+01	1.8063813440403830e+01
4.3120026001252604e+01	1.7443638200377698e+01
4.3160129412752418e+01	1.7348956008714676e+01
4.3200179775233920e+01	1.7670923130213865e+01
4.3240169827446223e+01	1.7196478504941553e+01
4.3280101905822548e+01	1.5424446960941371e+01
4.3320435803321601e+01	1.3880423948646389e+01
4.3360320897254077e+01	1.6518249622437590e+01
4.3400205358352650e+01	1.8671224627290837e+01
4.3440133673877945e+01	1.8776578174140933e+01
4.3480097639863040e+01	1.6586676911451857e+01
4.3520053169851188e+01	1.4117871443172326e+01
4.3560439343254515e+01	1.6715347328430941e+01
4.3600382229116491e+01	1.7954511304249937e+01
4.3640322093842641e+01	1.7920925266831681e+01
4.3680261636218617e+01	1.7872309512603557e+01
4.3720206017717956e+01	1.9403280906501152e+01
4.3760160658969852e+01	2.1017437209996448e+01
4.3800154507260579e+01	2.1816739667085791e+01
4.3840142215989580e+01	1.9454270351065478e+01
4.3880088192167307e+01	2.1598791658090128e+01
4.3920032305223131e+01	2.3059995771688264e+01
4.3960400099500824e+01	1.9688964401699604e+01
4.4000320973262710e+01	2.1421856045817119e+01
4.4040237114237911e+01	2.2832692034233375e+01
4.4080140944923038e+01	1.7709745785633025e+01
4.4120053511850806e+01	2.1449866813026709e+01
4.4160401518780674e+01	2.0050424744658979e+01
4.4200292818234708e+01	1.5427346993490131e+01
4.4240180749143832e+01	1.7312069819073315e+01
4.4280067735452036e+01	1.5678393038558983e+01
4.4320395183321317e+01	1.6774185734550702e+01
4.4360295917395099e+01	1.8392484119817791e+01
4.4400212577976347e+01	1.3408010646748806e+01
4.4440123115197991e+01	1.6421280776697333e+01
4.4480008332460734e+01	1.1348761275784724e+01
4.4520303668117990e+01	1.4610611361308237e+01
4.4560120644660600e+01	1.1699684329616785e+01
4.4600364245986562e+01	1.3059386713787745e+01
4.4640108729436498e+01	1.2156253552536135e+01
4.4680246738100479e+01	1.2275971414716272e+01
4.4720380880026603e+01	1.4943460417599457e+01
4.4760064296780754e+01	1.5260333777443869e+01
4.4800184872558077e+01	1.6307270821500513e+01
4.4840339406174074e+01	1.8235322333329556e+01
4.4880093061086136e+01	1.7414556966507714e+01
4.4920312769485513e+01	1.4191584043041386e+01
4.4960141988829037e+01	1.3795971924252378e+01
4.5000376056916451e+01	1.3745056868393931e+01
4.5040134944053257e+01	1.1727443631528869e+01
4.5080303710604291e+01	1.1320529586090407e+01
4.5120400127054658e+01	1.1517442791103104e+01
4.5160006558501912e+01	1.2255326345133462e+01
4.5200006640664192e+01	1.2153497024119618e+01
4.5240407063260825e+01	1.2546302059151317e+01
4.5280339366262218e+01	1.2032348126185292e+01
4.5320259846397931e+01	1.2205480105736804e+01
4.5360189561114083e+01	1.2414609025063200e+01
4.5400110678395990e+01	1.2357484665289540e+01
4.5440026512700761e+01	1.2476472529405129e+01
4.5480338598981092e+01	1.2517965785762323e+01
4.5520193431966149e+01	1.1598274835262783e+01
4.5560041975762054e+01	1.1222364630263137e+01
4.5600347084700353e+01	1.1132014226692325e+01
4.5640245629326408e+01	1.1643143637512683e+01
4.5680190782389232e+01	1.2669883775960418e+01
4.5720195826611487e+01	1.2998401036769559e+01
4.5760259662655770e+01	1.4609293944856468e+01
4.5800362971609211e+01	1.5441783090971029e+01
4.5840426594979554e+01	1.5787150681815971e+01
4.5880026838082578e+01	1.8616918047172685e+01
4.5920044502945174e+01	1.6145697934366304e+01
4.5960056957183838e+01	2.1013000114212108e+01
4.6000065418518020e+01	2.1876772909636060e+01
4.6040085369292612e+01	1.8711415477846511e+01
4.6080116747004432e+01	2.3543256410317596e+01
4.6120123990424595e+01	2.4889382954588864e+01
4.6160158234408577e+01	2.3363125171112188e+01
4.6200185265928965e+01	2.1854170054289558e+01
4.6240240888872101e+01	2.5724196581082168e+01
4.6280282310445031e+01	2.8213308005470680e+01
4.6320318050711336e+01	2.9656417534684312e+01
4.6360363852223422e+01	3.0218795117861880e+01
4.6400427474144315e+01	2.9911801491090202e+01
4.6440063494159560e+01	2.8126634550907404e+01
4.6480137401909055e+01	2.8709688339306332e+01
4.6520165757613192e+01	3.0762047936210692e+01
4.6560101298272556e+01	3.2035419103421724e+01
4.6600391004648607e+01	3.2300939140763269e+01
4.6640174358393189e+01	3.2537846113827690e+01
4.6680361682895075e+01	3.2331773618983810e+01
4.6720102282234308e+01	3.2124340633508105e+01
4.6760257557853187e+01	3.2005219734941676e+01
4.6800405208657793e+01	3.1968541230749896e+01
4.6840141736781803e+01	3.1776558718075563e+01
4.6880337024622058e+01	3.1341616980513280e+01
4.6920115914961315e+01	3.0502577912540190e+01
4.6960360246740926e+01	2.8957610532651820e+01
4.7000200285262480e+01	2.7080859694551052e+01
4.7040080504238922e+01	2.6033377582606619e+01
4.7080355383567714e+01	2.6350596845268171e+01
4.7120153583181349e+01	2.6250516742705287e+01
4.7160363847230762e+01	2.6221225091486644e+01
4.7200174638887361e+01	2.5328155310239140e+01
4.7240011389206614e+01	2.3967518217610742e+01
4.7280343331122722e+01	2.3795131026487390e+01
4.7320337089315011e+01	2.6094828359069137e+01
4.7360410561758087e+01	2.6800553755191107e+01
4.7400115256037189e+01	2.6062699663267949e+01
4.7440311556673706e+01	2.8959829192468710e+01
4.7480115479813065e+01	2.6674827972807687e+01
4.7520372472200776e+01	2.6311034469160020e+01
4.7560185566464099e+01	2.8345708188469924e+01
4.7600438954169675e+01	2.5645247412586190e+01
4.7640201424656667e+01	2.6189249606191130e+01
4.7680318809129709e+01	2.9888625819715728e+01
4.7720354383780652e+01	2.9899433183428211e+01
4.7760343528168676e+01	2.9539691221068036e+01
4.7800314171230220e+01	3.5062389898072013e+01
4.7840315706671113e+01	3.6110597185777614e+01
4.7880352028171558e+01	3.2242555491502792e+01
4.7920380770436374e+01	2.6830160513401207e+01
4.7960399368784067e+01	2.9026794251062213e+01
4.8000356533956932e+01	3.0307092924751203e+01
4.8040235368835006e+01	3.4441557449377875e+01
4.8080023264314647e+01	3.7391995950020785e+01
4.8120173584793875e+01	3.7759749854726344e+01
4.8160250267321146e+01	3.5513665502592339e+01
4.8200264048983520e+01	3.1020390641030396e+01
4.8240226195040307e+01	2.7700880876496974e+01
4.8280180253237184e+01	2.7202626263300079e+01
4.8320147503899605e+01	3.1039341686473826e+01
4.8360122259375260e+01	3.5741443616468281e+01
4.8400133564009259e+01	3.9569990611373321e+01
4.8440196836218604e+01	4.2502037974044271e+01
4.8480118754012103e+01	4.4175421950945463e+01
4.8520292814264117e+01	4.4044860921844851e+01
4.8560344711976022e+01	4.1534262110480896e+01
4.8600314680041876e+01	3.6563326393124804e+01
4.8640210670635859e+01	3.5618733089731215e+01
4.8680096812967633e+01	3.6276914157348493e+01
4.8720052154434377e+01	4.1356162659517992e+01
4.8760082446673984e+01	4.2946354261595914e+01
4.8800234154042059e+01	4.1540139617447011e+01
4.8840052389066294e+01	3.8050023554535741e+01
4.8880293953278795e+01	3.3737194583328510e+01
4.8920112501752655e+01	3.0296400704533553e+01
4.8960383327163541e+01	3.3452225698947089e+01
4.9000258862825490e+01	3.2206502973546279e+01
4.9040164943889032e+01	3.0238006592179818e+01
4.9080107653035874e+01	3.5284145306021109e+01
4.9120110252700421e+01	3.9571776021968219e+01
4.9160172994333635e+01	4.1335284996194197e+01
4.9200302197371961e+01	4.0163403590057428e+01
4.9240014997653383e+01	3.6881153942516534e+01
4.9280146710103303e+01	3.3322776487941333e+01
4.9320257154410022e+01	3.2992862281745765e+01
4.9360365332513425e+01	3.0683329413840461e+01
4.9400038257296082e+01	3.2444705163684695e+01
4.9440156877890601e+01	3.2417176808108728e+01
4.9480279564645777e+01	3.4829726268065819e+01
4.9520407823224716e+01	3.7319281246933492e+01
4.9560100957086114e+01	3.9443323048152244e+01
4.9600213894931642e+01	4.1605584991955112e+01
4.9640240712301363e+01	4.3381200089011635e+01
4.9680196409799208e+01	4.4067156080946432e+01
4.9720112562348746e+01	4.2012392778595029e+01
4.9760007140730607e+01	3.5301091631878393e+01
4.9800335240122479e+01	3.4002980141039494e+01
4.9840288943107666e+01	3.5585057432143785e+01
4.9880334959682699e+01	4.1930902168232535e+01
4.9920010421943800e+01	4.8322419909236800e+01
4.9960184960565194e+01	4.8764553233903499e+01
5.0000421203370315e+01	4.5441884519691371e+01
5.0040255902249328e+01	3.8850168836934976e+01
5.0080102197520631e+01	3.3095143947236714e+01
5.0120381699966792e+01	3.7909643175863849e+01
5.0160196214722603e+01	4.0433849665884281e+01
5.0200415927242815e+01	3.6579200690724768e+01
5.0240166883401571e+01	2.8494741659069252e+01
5.0280308130350583e+01	3.0725379209514394e+01
5.0320396166289349e+01	2.6373674888867555e+01
5.0360015740195280e+01	2.6173846636626678e+01
5.0400094244364496e+01	2.6829740735187031e+01
5.0440165427072856e+01	2.8264199302829418e+01
5.0480283071956073e+01	2.9605999614176302e+01
5.0520431292097577e+01	3.1488146292883819e+01
5.0560192514603258e+01	3.3574903638744452e+01
5.0600002943038504e+01	3.5138406163608543e+01
5.0640293291173933e+01	3.6462243473498368e+01
5.0680184923541468e+01	3.6914441400485408e+01
5.0720112573260351e+01	3.6829799851863470e+01
5.0760080847689437e+01	3.6270648079740468e+01
5.0800091786322632e+01	3.4673375650349904e+01
5.0840092480005644e+01	3.1852799666804835e+01
5.0880060141505474e+01	3.3739658939571562e+01
5.0920436068202768e+01	3.6952089311817403e+01
5.0960332475284488e+01	3.7405325830752595e+01
5.1000217468958176e+01	3.6322823364624419e+01
5.1040011945526892e+01	3.4648554088242030e+01
5.1080211249709954e+01	3.3651158361339483e+01
5.1120381974766907e+01	3.2267886816164726e+01
5.1160078255786715e+01	3.0250399878505334e+01
5.1200203990467827e+01	2.8144302363232313e+01
5.1240327423730413e+01	2.5857559489840625e+01
5.1280024053067962e+01	2.3990049314609283e+01
5.1320154033143986e+01	2.3745840120255977e+01
5.1360288009422696e+01	2.4082277536506677e+01
5.1400043046385711e+01	2.4309621618838886e+01
5.1440312828633466e+01	2.5512002589043703e+01
5.1480182882199657e+01	2.5776019414261977e+01
5.1520107675403942e+01	2.5133886848369958e+01
5.1560114871895195e+01	2.8494246906714039e+01
5.1600131203402555e+01	2.8817864299209248e+01
5.1640102020946841e+01	3.0238215948051387e+01
5.1680037063666759e+01	3.1893346650054571e+01
5.1720394519985682e+01	3.2870469364776667e+01
5.1760325345356257e+01	3.3434671998378462e+01
5.1800254332993632e+01	3.3733596551791159e+01
5.1840189691795288e+01	3.3775884806388454e+01
5.1880133971798521e+01	3.2753152079007727e+01
5.1920106724042093e+01	3.3372867428310109e+01
5.1960109328270669e+01	3.4632423405107929e+01
5.2000170167249685e+01	3.5361615501215105e+01
5.2040286349680414e+01	3.4957635604225302e+01
5.2080374091014235e+01	3.3314013644870442e+01
5.2120407417964522e+01	3.1510923096778647e+01
5.2160378498997147e+01	3.4328429581074907e+01
5.2200316952551034e+01	3.2201915716569452e+01
5.2240258526938305e+01	3.4415337237950091e+01
5.2280211789498381e+01	3.4409614389870249e+01
5.2320173251024457e+01	3.1188270202717149e+01
5.2360179200445558e+01	3.0821681556096578e+01
5.2400228609573524e+01	3.4567044786454311e+01
5.2440314075873331e+01	3.4585204369563208e+01
5.2480418019693232e+01	3.0357724058473924e+01
5.2520065836482722e+01	3.1386744042066130e+01
5.2560100722727832e+01	3.4938902034504025e+01
5.2600107998028200e+01	4.0213958649488518e+01
5.2640089603163524e+01	4.5021337562086273e+01
5.2680059135154607e+01	4.8336678963264454e+01
5.2720013866503074e+01	4.9610059918837543e+01
5.2760390036784294e+01	4.8295876704504998e+01
5.2800311426836956e+01	4.5358730817168535e+01
5.2840245218058179e+01	4.1460551038335950e+01
5.2880179213480893e+01	3.9320021765585338e+01
5.2920104949932920e+01	4.2615868179049720e+01
5.2960017050829968e+01	4.4540559321369741e+01
5.3000360077539213e+01	4.4903379254870877e+01
5.3040272843929550e+01	4.2884552664302333e+01
5.3080211098802344e+01	3.9229331158544447e+01
5.3120164068616397e+01	3.4616905116238563e+01
5.3160175473977041e+01	3.2195656992019089e+01
5.3200252234888509e+01	3.3094287848771366e+01
5.3240377467552285e+01	3.2054506975166063e+01
5.3280105945457855e+01	2.9427114274437557e+01
5.3320322865203977e+01	3.0574976150645444e+01
5.3360137085750928e+01	3.0496190831422837e+01
5.3400425420200207e+01	2.8578388347390849e+01
5.3440296150796797e+01	2.8204910366460979e+01
5.3480190066091538e+01	3.0125672660472556e+01
5.3520096312537433e+01	3.1340066041216591e+01
5.3560415631874775e+01	3.0634474933289081e+01
5.3600265938784410e+01	2.8055007967004151e+01
5.3640088411133789e+01	3.2144213233835835e+01
5.3680313933153606e+01	3.5370079913994054e+01
5.3720051937391133e+01	3.6256750276024938e+01
5.3760219461302214e+01	3.4899300002119183e+01
5.3800367099386349e+01	3.4093849802317344e+01
5.3840064346871841e+01	3.4199126045186276e+01
5.3880165142324500e+01	3.4575245478888071e+01
5.3920240351772513e+01	3.5137560583374260e+01
5.3960307846990489e+01	3.5817094187065024e+01
5.4000383233832657e+01	3.6283011599285473e+01
5.4040021958102706e+01	3.5102167568973499e+01
5.4080120498699578e+01	3.5280175831125675e+01
5.4120255485112139e+01	3.9225984216555638e+01
5.4160421260702357e+01	4.2747909749138728e+01
5.4200177525592288e+01	4.6559485410690222e+01
5.4240411113144937e+01	4.8622791784856624e+01
5.4280241671156453e+01	5.0735597756138709e+01
5.4320104352070459e+01	5.2339287105026187e+01
5.4360425409803270e+01	5.3746800375675903e+01
5.4400275858749929e+01	5.4590815014796902e+01
5.4440111113725472e+01	5.4942952991801441e+01
5.4480383699010453e+01	5.5750751710276383e+01
5.4520220341084745e+01	5.5089182815264863e+01
5.4560078352442098e+01	5.3770754508436170e+01
5.4600343504923408e+01	5.2972055084778198e+01
5.4640173056579712e+01	5.0567944492975045e+01
5.4680042700784085e+01	4.7925911334185280e+01
5.4720379118222638e+01	4.6097459643079397e+01
5.4760282384731482e+01	4.1813697554031165e+01
5.4800176127808669e+01	4.4602455574043233e+01
5.4840101664941329e+01	4.8797314730827765e+01
5.4880024602034659e+01	5.3298389287823504e+01
5.4920376222491825e+01	5.5619479864995462e+01
5.4960287815518804e+01	5.4616358962355982e+01
5.5000226592683056e+01	4.9249357551534295e+01
5.5040175816618294e+01	4.3823171805111755e+01
5.5080155485799764e+01	5.1655822652836108e+01
5.5120167187263746e+01	5.6411781565310925e+01
5.5160127526232792e+01	5.5378704694164050e+01
5.5200020897059765e+01	4.8073999858940418e+01
5.5240295242311149e+01	4.7697834245857258e+01
5.5280071867652502e+01	5.8176816894333754e+01
5.5320248242059400e+01	5.9921126738852280e+01
5.5360395024668485e+01	5.2112430111267919e+01
5.5400087137680082e+01	5.2880337553800103e+01
5.5440223248926962e+01	6.0312721195443743e+01
5.5480362841916147e+01	5.5896030667169192e+01
5.5520085125894560e+01	4.5098831293524029e+01
5.5560290880680846e+01	5.5604137592569707e+01
5.5600105210309401e+01	5.3429868275020567e+01
5.5640345092998125e+01	4.0522332524631750e+01
5.5680126266626786e+01	4.6347007386394800e+01
5.5720350817741490e+01	4.4653893179744728e+01
5.5760135700396489e+01	4.1002966279066300e+01
5.5800386092450758e+01	4.2796184297581163e+01
5.5840230173286336e+01	5.3476594904277697e+01
5.5880125970976820e+01	5.1452009145024149e+01
5.5920031274087719e+01	3.9969108707433570e+01
5.5960371323108639e+01	5.0868571392003446e+01
5.6000268760480594e+01	5.2550624044039409e+01
5.6040148968661782e+01	4.4035161955177827e+01
5.6080019248524806e+01	4.5411905368917360e+01
5.6120328530178504e+01	5.0917087328302877e+01
5.6160189962485084e+01	4.6650134221281490e+01
5.6200101025930927e+01	3.6674674748831869e+01
5.6240018217444160e+01	4.3305134292086848e+01
5.6280387395750168e+01	4.1870900207004510e+01
5.6320333407567858e+01	3.7553003225414507e+01
5.6360281846426695e+01	3.3487152370072891e+01
5.6400233330412831e+01	3.6731646380589567e+01
5.6440200790588968e+01	4.0072321490567930e+01
5.6480179744377601e+01	3.7964675917148668e+01
5.6520148615322363e+01	3.3324830626533490e+01
5.6560092581703046e+01	3.8672495176880972e+01
5.6600016627861628e+01	4.2241690142620676e+01
5.6640363367183866e+01	4.3160134213847982e+01
5.6680259176510859e+01	3.9992767033858797e+01
5.6720140572689616e+01	3.7734781830550773e+01
5.6760051198443172e+01	4.2131716644758903e+01
5.6800367211098283e+01	4.3481523074515344e+01
5.6840202147731333e+01	3.9819043470652304e+01
5.6880012477813850e+01	3.4213127006872007e+01
5.6920255243503583e+01	3.9168965463625007e+01
5.6960042587621992e+01	3.9652804117963086e+01
5.7000261579481403e+01	3.3440567160944020e+01
5.7040033275304069e+01	3.5223572626289027e+01
5.7080244210789644e+01	3.7634337777768842e+01
5.7120032168206450e+01	3.3621003804229424e+01
5.7160303496399720e+01	3.2141182741316271e+01
5.7200183112578607e+01	3.5903163130669874e+01
5.7240114516568596e+01	3.1471430342510480e+01
5.7280063877897760e+01	2.4152052653611751e+01
5.7320437512502878e+01	2.8451422892343039e+01
5.7360380510795544e+01	2.8946962783099334e+01
5.7400345198569298e+01	2.5820372391553423e+01
5.7440309953993754e+01	2.2733326021903011e+01
5.7480248833219072e+01	2.2621052923798825e+01
5.7520167241878951e+01	2.2011216462170101e+01
5.7560053765582630e+01	1.9006024799727111e+01
5.7600335063609194e+01	2.0366168532839236e+01
5.7640129914926717e+01	1.7971933662044872e+01
5.7680338332308771e+01	1.7372594364771171e+01
5.7720095121688679e+01	1.6442429020156897e+01
5.7760294381329047e+01	1.5549274398572877e+01
5.7800024851517300e+01	1.5145153684495359e+01
5.7840185375267176e+01	1.3627408621893771e+01
5.7880323182227670e+01	1.3444794278550754e+01
5.7920005396295004e+01	1.4646192174148405e+01
5.7960126993436170e+01	1.4266831058145488e+01
5.8000246644008428e+01	1.3995758099461339e+01
5.8040382387110043e+01	1.3392913550294651e+01
5.8080125452193847e+01	1.3292158431880708e+01
5.8120339864186597e+01	1.3505429934823534e+01
5.8160166447782714e+01	1.3398896129266712e+01
5.8200018500502878e+01	1.3278364317242399e+01
5.8240242830495674e+01	1.2571392298076660e+01
5.8280410572457761e+01	1.1586987381205800e+01
5.8320136795869708e+01	1.1754385567413081e+01
5.8360365038788366e+01	1.0828545104924926e+01
5.8400167940237765e+01	1.2096015630962317e+01
5.8440378912471765e+01	1.1625469750984255e+01
5.8480132043945353e+01	1.1574202165472634e+01
5.8520323688159834e+01	1.2560929616953992e+01
5.8560065593795144e+01	1.2902645589143924e+01
5.8600245104166035e+01	1.3610922208221394e+01
5.8640001080069545e+01	1.3641343857623561e+01
5.8680230272440859e+01	1.3412606866860131e+01
5.8720027410039783e+01	1.2929285459000432e+01
5.8760263998584136e+01	1.2898618885851455e+01
5.8800066022745092e+01	1.3273655573615597e+01
5.8840322275033593e+01	1.4253256905073677e+01
5.8880141895461328e+01	1.4875315310329860e+01
5.8920411925408438e+01	1.5124779654397194e+01
5.8960269912887114e+01	1.4970892874024052e+01
5.9000144803871301e+01	1.4214701111589941e+01
5.9040022221337651e+01	1.4913590436366821e+01
5.9080338158794675e+01	1.3471855397176036e+01
5.9120215226309561e+01	1.4179492106632518e+01
5.9160101879133265e+01	1.5148263395318560e+01
5.9200432141955361e+01	1.4004811753519110e+01
5.9240335956032261e+01	1.4714816686700324e+01
5.9280254867168452e+01	1.6394756207939420e+01
5.9320139129959607e+01	1.8587533815248424e+01
5.9360418461762372e+01	1.9604933941898576e+01
5.9400203265045626e+01	1.9364319779906026e+01
5.9440395135785252e+01	1.8754078926657154e+01
5.9480112905065710e+01	2.1853106411583713e+01
5.9520227483719516e+01	2.4107843414538525e+01
5.9560299035011838e+01	2.4832347695379031e+01
5.9600337159896277e+01	2.3554370795305246e+01
5.9640352821255604e+01	2.1060124482124461e+01
5.9680349784625022e+01	2.6527167431182836e+01
5.9720341457629374e+01	2.9472185465689790e+01
5.9760340053651994e+01	2.8470164414596333e+01
5.9800350730368990e+01	2.5813213983869691e+01
5.9840380084593370e+01	3.0342432546736497e+01
5.9880437319736558e+01	3.2247968655147687e+01
5.9920102584896377e+01	3.0366769549915734e+01
5.9960270323026123e+01	2.6390188952616178e+01
6.0000045247685115e+01	2.9205385281133047e+01
6.0040283559781415e+01	3.0762508579164887e+01
6.0080072164638501e+01	2.9725463038160843e+01
6.0120275192973232e+01	2.6193535029874045e+01
6.0160438929744394e+01	2.2739476681144378e+01
6.0200136358797693e+01	2.2657566815148776e+01
6.0240244637137053e+01	2.0541417085197995e+01
6.0280314230538060e+01	2.4019846532499859e+01
6.0320355084970608e+01	2.4358801269332215e+01
6.0360364328208483e+01	2.4544274042188604e+01
6.0400351631225142e+01	2.6686550696596555e+01
6.0440348132797759e+01	2.5512619210815565e+01
6.0480377779880243e+01	2.1814016537738343e+01
6.0520403627762562e+01	2.2283287226845026e+01
6.0560413329519079e+01	2.3405418537076585e+01
6.0600420357404651e+01	2.2524889159722399e+01
6.0640001475421286e+01	2.1545831313567518e+01
6.0680015532937702e+01	2.4460306117772575e+01
6.0720031030921028e+01	2.4063292758735685e+01
6.0760075711879090e+01	2.0236101566742050e+01
6.0800169004437343e+01	1.9154773129413840e+01
6.0840291919791149e+01	1.8638343949521033e+01
6.0880002350914381e+01	2.1620373890422794e+01
6.0920124715076589e+01	2.6748269694602875e+01
6.0960185589803991e+01	3.0331422714088792e+01
6.1000185234484341e+01	3.2552310452082914e+01
6.1040111558476909e+01	3.3743149034645015e+01
6.1080383854140571e+01	3.3595992879245003e+01
6.1120132856070555e+01	3.1178266540668986e+01
6.1160232409451737e+01	3.7264838421057384e+01
6.1200249398957361e+01	4.0451922095946003e+01
6.1240217125139417e+01	3.8416805014082051e+01
6.1280173354533389e+01	3.8010450972438917e+01
6.1320144384499976e+01	4.2751560109980375e+01
6.1360152259706524e+01	4.1844951352937926e+01
6.1400204878069786e+01	3.6524477102431810e+01
6.1440312269650356e+01	3.9722466170562626e+01
6.1480039908501993e+01	4.0769390844585828e+01
6.1520246711252213e+01	3.9366941582304136e+01
6.1560071346990838e+01	4.1252619466621518e+01
6.1600422811723760e+01	4.8912566623345739e+01
6.1640413240931110e+01	5.2342651289437711e+01
6.1680026598061538e+01	5.1693176366805034e+01
6.1720131317372086e+01	4.8068722086270867e+01
6.1760293934260098e+01	5.2150552534551643e+01
6.1800058267683511e+01	6.4599448437110908e+01
6.1840283832097228e+01	6.6597861593224238e+01
6.1880266217475103e+01	5.9499018208977638e+01
6.1920207742965040e+01	7.0793126925497475e+01
6.1960163391223674e+01	7.6739314662555060e+01
6.2000321374988864e+01	7.3944465685140571e+01
6.2040074879387674e+01	6.4164163851995255e+01
6.2080086963096797e+01	5.7704823509200935e+01
6.2120292086658381e+01	6.1390886112453757e+01
6.2160059286528657e+01	7.2886303831206575e+01
6.2200329657665662e+01	7.7810629142472550e+01
6.2240201448190263e+01	7.3995082199803363e+01
6.2280201106348294e+01	6.4557135831264461e+01
6.2320092330355955e+01	5.7155815075733052e+01
6.2360364013054564e+01	6.0638063289729409e+01
6.2400307407353715e+01	6.2411088071006183e+01
6.2440330663966364e+01	6.5572848245454452e+01
6.2480333297038058e+01	7.0321504434747794e+01
6.2520208148554502e+01	7.6586929207480708e+01
6.2560139237675784e+01	8.4327376693488063e+01
6.2600146607954017e+01	9.2690658852676961e+01
6.2640075278806684e+01	1.0051280845543272e+02
6.2680201849482145e+01	1.0648410247414520e+02
6.2720214848414322e+01	1.1021369500030751e+02
6.2760132356993935e+01	1.1250046963015187e+02
6.2800259421877527e+01	1.1352333982523467e+02
6.2840161475977247e+01	1.1455528367677958e+02
6.2880241587273275e+01	1.1424273321388188e+02
6.2920027205271332e+01	1.1503548637760396e+02
6.2960130222923013e+01	1.1358110661759537e+02
6.3000123956548940e+01	1.1229203857054952e+02
6.3040049437117197e+01	1.1111207934739798e+02
6.3080011866711416e+01	1.0924328553667463e+02
6.3120154281097498e+01	1.0590329104887620e+02
6.3160003527517134e+01	1.0474086052987872e+02
6.3200226268406929e+01	1.0123006599707860e+02
6.3240246163780917e+01	9.9861727537194227e+01
6.3280047691747711e+01	1.0091087380672776e+02
6.3320269540478456e+01	9.9797831410348138e+01
6.3360062746814961e+01	1.0264730337640890e+02
6.3400169979284584e+01	1.0395729396204463e+02
6.3440137371795778e+01	1.0674679622653066e+02
6.3480110076375531e+01	1.0985240316025946e+02
6.3520169652781689e+01	1.1266174724719234e+02
6.3560007808599551e+01	1.1578142691682386e+02
6.3600036978895162e+01	1.1685508531353085e+02
6.3640249080962441e+01	1.1612812355759102e+02
6.3680255591407700e+01	1.1146888161977527e+02
6.3720153540645875e+01	9.9441625433461923e+01
6.3760045118027492e+01	1.0220006972470986e+02
6.3800257412737373e+01	1.1911610804725451e+02
6.3840243494745216e+01	1.2464529576338835e+02
6.3880201490464238e+01	1.1122208205038122e+02
6.3920117111343259e+01	1.0262132099105122e+02
6.3960073337919539e+01	1.1906386690696837e+02
6.4000120091118177e+01	1.0676422030358438e+02
6.4040221819200724e+01	8.7990530606962992e+01
6.4080029737060130e+01	1.0252471650806704e+02
6.4120155600518444e+01	9.4343282464245931e+01
6.4160105917672382e+01	1.2104018358095311e+02
6.4200160364270573e+01	1.2939823837288935e+02
6.4240196319185941e+01	1.2110852570160841e+02
6.4280102650852328e+01	1.4708194407639135e+02
6.4320217483031399e+01	1.1118535825396501e+02
6.4360035634591142e+01	1.4891918182815238e+02
6.4400092272116240e+01	1.1491634504470490e+02
6.4440161183733878e+01	1.4136455103847663e+02
6.4480166176099658e+01	1.1598536774079805e+02
6.4520102023113580e+01	1.3213025783997878e+02
6.4560272638339171e+01	1.1292735497352913e+02
6.4600130922791877e+01	1.2404443169680904e+02
6.4640005138773219e+01	1.0601891078428915e+02
6.4680165694609855e+01	1.1881020085712444e+02
6.4720298488887224e+01	1.0030197742769587e+02
6.4760165994044428e+01	1.1564314931369471e+02
6.4800014232000350e+01	8.7926712710174996e+01
6.4840197390073314e+01	1.1180821225922348e+02
6.4880249704830462e+01	9.1758011089028017e+01
6.4920227285637353e+01	1.0379209679496569e+02
6.4960277929910987e+01	9.4218427789815237e+01
6.5000133581546919e+01	9.2259955982454954e+01
6.5040314624945637e+01	8.8609820411009309e+01
6.5080334946072242e+01	8.3810874136454416e+01
6.5120395483747146e+01	7.7881938890038697e+01
6.5160235777984411e+01	8.1701774267036996e+01
6.5200309614274104e+01	6.9916061858380331e+01
6.5240100556136355e+01	8.3363056611850993e+01
6.5280213296768252e+01	6.9531624534745788e+01
6.5320125182946839e+01	7.8749226813121211e+01
6.5360342959307516e+01	7.2172669279319805e+01
6.5400183678672420e+01	6.4708129411579606e+01
6.5440011565880113e+01	7.3174247931101377e+01
6.5480101947669169e+01	6.5467152875668774e+01
6.5520342854871103e+01	6.2236938057108198e+01
6.5560106978560967e+01	7.2029299982012034e+01
6.5600223514476113e+01	6.7969535426166246e+01
6.5640039291638772e+01	5.4234920954767340e+01
6.5680313150977597e+01	6.4429082280438934e+01
6.5720110013342492e+01	6.6263021843923042e+01
6.5760340052488260e+01	5.6922555313541096e+01
6.5800118347153486e+01	4.5303461519478788e+01
6.5840337561782960e+01	5.3820619825614564e+01
6.5880105143361831e+01	5.3108881069685872e+01
6.5920325416436839e+01	4.2913763253196890e+01
6.5960100494870758e+01	3.9790581082229806e+01
6.6000294607623132e+01	4.3461085049335608e+01
6.6040038927356576e+01	3.5715303230540336e+01
6.6080212200222803e+01	3.8212444639679369e+01
6.6120383628142889e+01	3.9788636319921395e+01
6.6160120068733988e+01	3.2278094863772516e+01
6.6200326243461291e+01	3.8605975009717469e+01
6.6240123415348634e+01	3.2187184388042503e+01
6.6280359190764102e+01	3.7061172862657635e+01
6.6320157401812637e+01	3.1017290193185751e+01
6.6360423341861733e+01	3.5337106539868167e+01
6.6400272031025139e+01	3.2223755409459386e+01
6.6440143277225090e+01	3.2020076723214231e+01
6.6480076427606036e+01	3.5591072138988068e+01
6.6520045816062549e+01	2.9977930643851309e+01
6.6560074593641502e+01	3.6514721276757371e+01
6.6600166004151546e+01	3.4000760630120247e+01
6.6640320830418844e+01	3.2706517165469080e+01
6.6680025718102542e+01	3.6382973152737200e+01
6.6720138235866358e+01	2.9604445451147651e+01
6.6760213551242686e+01	3.6446406739555414e+01
6.6800243133635362e+01	3.1152882894200175e+01
6.6840239017238261e+01	3.6847398300579698e+01
6.6880192686433517e+01	2.6633234742856811e+01
6.6920119174358419e+01	3.2488317325398540e+01
6.6960042924689091e+01	3.6172931531489695e+01
6.7000429835074712e+01	2.9048843073099949e+01
6.7040412029822249e+01	3.4039327906256965e+01
6.7080005958586483e+01	3.4048164660999248e+01
6.7120079207127262e+01	3.8411508251723333e+01
6.7160206334442691e+01	3.8279528435339117e+01
6.7200378164395644e+01	3.5444899006481471e+01
6.7240155922288466e+01	3.2832160729497652e+01
6.7280421751742338e+01	3.0485629526441997e+01
6.7320238897083158e+01	2.8606085670478535e+01
6.7360074258905243e+01	2.5770569988647438e+01
6.7400349619232472e+01	2.0775151950992509e+01
6.7440176643015235e+01	2.6412282509682907e+01
6.7480446481271599e+01	2.2379670204064688e+01
6.7520230130710956e+01	2.2810154408927787e+01
6.7560405620173000e+01	2.0725310303392881e+01
6.7600096493121825e+01	2.1945381850708316e+01
6.7640208977919343e+01	2.3245164428885637e+01
6.7680295268959142e+01	2.4027681009849530e+01
6.7720348771726307e+01	2.4152711203122713e+01
6.7760368930336526e+01	2.3049524521371815e+01
6.7800370757527901e+01	2.0110904691256831e+01
6.7840381764753246e+01	1.8196410552236554e+01
6.7880402694930495e+01	2.1152851625490996e+01
6.7920436340625841e+01	2.2718438447109463e+01
6.7960034025311856e+01	2.2558870704385178e+01
6.8000116591664437e+01	2.1877339286436062e+01
6.8040260394077848e+01	2.2973932679986842e+01
6.8080381925508107e+01	2.5297693532547523e+01
6.8120042638399696e+01	2.4937333210043178e+01
6.8160151128451702e+01	2.3638858483276884e+01
6.8200253307708223e+01	2.7118270167962340e+01
6.8240351522843525e+01	3.0343323853406407e+01
6.8280002116547962e+01	2.9561736635740704e+01
6.8320085609124561e+01	3.0929414337409892e+01
6.8360137707645976e+01	3.7741412338546859e+01
6.8400171501184502e+01	3.5787750024633674e+01
6.8440205264308432e+01	3.3618521560619946e+01
6.8480198854115415e+01	3.9079147595992168e+01
6.8520115353639014e+01	2.9255232556877953e+01
6.8560428753541117e+01	3.3734568445354583e+01
6.8600265142612713e+01	2.7490489940925894e+01
6.8640101052810707e+01	3.1925462748939466e+01
6.8680403404404601e+01	2.8211404378940387e+01
6.8720314965715929e+01	2.5736985905471222e+01
6.8760241329238539e+01	2.4450824282547117e+01
6.8800146656755288e+01	2.8104426174702265e+01
6.8840051085341798e+01	2.3422585216282915e+01
6.8880413684777878e+01	2.4397918368859081e+01
6.8920360696694203e+01	2.3882600862811117e+01
6.8960325083446591e+01	2.3720315182783551e+01
6.9000300930185261e+01	2.4463153562072996e+01
6.9040294948331180e+01	2.5065384311671103e+01
6.9080311830649833e+01	2.2728616931304664e+01
6.9120339432651846e+01	2.2733447398503202e+01
6.9160374135968425e+01	2.4126669878966283e+01
6.9200426178892755e+01	2.5418301207838965e+01
6.9240063857158319e+01	2.5049806096195230e+01
6.9280180868963356e+01	2.4331532710618262e+01
6.9320327714043245e+01	2.1358225580632471e+01
6.9360054034053263e+01	2.2443534288071969e+01
6.9400259258347646e+01	2.2892137518213044e+01
6.9440047306621906e+01	2.1832303191132834e+01
6.9480326833017173e+01	2.0394181307250705e+01
6.9520193442855700e+01	1.9670266028069047e+01
6.9560040817654240e+01	2.0863107917885351e+01
6.9600286655860501e+01	2.3052291501150989e+01
6.9640045193324156e+01	2.3039752479344401e+01
6.9680227922343633e+01	2.2441264377103806e+01
6.9720398539496472e+01	2.0229914104464633e+01
6.9760124542077378e+01	2.1404128166643279e+01
6.9800316003705376e+01	2.3157858017657951e+01
6.9840084378171539e+01	2.5278918096069606e+01
6.9880312694792181e+01	2.5313658252622627e+01
6.9920086012434894e+01	2.5457286955253029e+01
6.9960277224916609e+01	2.4071059323829562e+01
7.0000417739981799e+01	2.5358182220845674e+01
7.0040072643776512e+01	2.9753033643135634e+01
7.0080155369072244e+01	3.3699933657136818e+01
7.0120234078578434e+01	3.5205288070231070e+01
7.0160305578576811e+01	3.3598231063497273e+01
7.0200356211357260e+01	2.9569549883428483e+01
7.0240380070623672e+01	2.7344889820225703e+01
7.0280410656537427e+01	3.0130263342684806e+01
7.0320417463138753e+01	3.1606183426462401e+01
7.0360356525532666e+01	3.2289471834964978e+01
7.0400209120211883e+01	3.2699011591975982e+01
7.0440441449640062e+01	3.3223652763201095e+01
7.0480215354583649e+01	3.3797018995303667e+01
7.0520000562457653e+01	3.4527638960274331e+01
7.0560293344666789e+01	3.4639982051208399e+01
7.0600220416762298e+01	3.4657392769192249e+01
7.0640248687282281e+01	3.3710522143933723e+01
7.0680249889371211e+01	3.3310515080396399e+01
7.0720212162510563e+01	3.5430408216595964e+01
7.0760169424382923e+01	3.7629580210453931e+01
7.0800142677216215e+01	3.8986284602284634e+01
7.0840162992040916e+01	3.9385828498454195e+01
7.0880217333213011e+01	3.9225926188469437e+01
7.0920261053237084e+01	3.8718190988291518e+01
7.0960302502042580e+01	3.7571240988200422e+01
7.1000321836201110e+01	3.6016105035095414e+01
7.1040331665861842e+01	3.4388828111299112e+01
7.1080326945499692e+01	3.2708620687520614e+01
7.1120301992319881e+01	3.1322458079566360e+01
7.1160263753880898e+01	3.0256943309909129e+01
7.1200240279545056e+01	2.9515486465522869e+01
7.1240247028949014e+01	3.0314959838106901e+01
7.1280272908246658e+01	3.1108545865480863e+01
7.1320296892738412e+01	3.2624707460310859e+01
7.1360294591205871e+01	3.4151533436882879e+01
7.1400229406289228e+01	3.5122274245053738e+01
7.1440071794930134e+01	3.7033983607763865e+01
7.1480264143111313e+01	4.0157074913231440e+01
7.1520394619160939e+01	4.3985635674921326e+01
7.1560041531847446e+01	4.8429185881245054e+01
7.1600102452356694e+01	5.4171005412800675e+01
7.1640130974029049e+01	5.9091221307468231e+01
7.1680141776772970e+01	5.8399904809306534e+01
7.1720133613154886e+01	6.5404556371163096e+01
7.1760094577246946e+01	6.7998961923995338e+01
7.1800015477008259e+01	6.5004569220177615e+01
7.1840331621313723e+01	6.5667690630067213e+01
7.1880184306857629e+01	6.9340761644527504e+01
7.1920428852164306e+01	6.7944683651961213e+01
7.1960047630803729e+01	6.0355183008548082e+01
7.2000217999395971e+01	6.3986065841271170e+01
7.2040009006477788e+01	6.3440727386591220e+01
7.2080283603576092e+01	6.6419872613493879e+01
7.2120412037904401e+01	6.9315345411488224e+01
7.2160282921623477e+01	6.5544122939591560e+01
7.2200320834440035e+01	7.5802363369477106e+01
7.2240106719789850e+01	8.1288267940095409e+01
7.2280233073617921e+01	7.9979733732305121e+01
7.2320148481017654e+01	7.4905698658878293e+01
7.2360190050246970e+01	6.7971276549968408e+01
7.2400113669096640e+01	6.1120540420080694e+01
7.2440051227435461e+01	5.5078368305358097e+01
7.2480408055402819e+01	5.3759432162402049e+01
7.2520298779652265e+01	6.2704856916388692e+01
7.2560080918996150e+01	7.1644523728153374e+01
7.2600330050737767e+01	7.7470069651932747e+01
7.2640054694490175e+01	7.8542276158299245e+01
7.2680215993878249e+01	7.3554859723530882e+01
7.2720010317967706e+01	6.1127366796111261e+01
7.2760305542659083e+01	4.6037394305686021e+01
7.2800137353476728e+01	5.2965534903785624e+01
7.2840403296609438e+01	5.8299393731198769e+01
7.2880087245669458e+01	6.4539143052192628e+01
7.2920145147611123e+01	6.6493020792665320e+01
7.2960371076979968e+01	6.6626078984493873e+01
7.3000178898252472e+01	6.7312907201839707e+01
7.3040421181409684e+01	6.7493516994471847e+01
7.3080210657996858e+01	6.7743950594742344e+01
7.3120439922735486e+01	6.6567028796829149e+01
7.3160228339894644e+01	6.2587640314794697e+01
7.3200029843596070e+01	5.4913999446258174e+01
7.3240301448537650e+01	4.4772932078271900e+01
7.3280167388739670e+01	4.2920809231923997e+01
7.3320031500232162e+01	4.8669943244190023e+01
7.3360273677522315e+01	5.5416310598424779e+01
7.3400015506365207e+01	6.1065081766285168e+01
7.3440153349569016e+01	6.4215867013478530e+01
7.3480277241548364e+01	6.6691095420101007e+01
7.3520388871428025e+01	6.8495117802888885e+01
7.3560035235563333e+01	6.7146267003110708e+01
7.3600099498878748e+01	5.9331302896737306e+01
7.3640133140472145e+01	5.8251470369358998e+01
7.3680148066385470e+01	6.4781010132346992e+01
7.3720140009689757e+01	6.0803691162891383e+01
7.3760091433786798e+01	5.2995044081158689e+01
7.3800004756100876e+01	4.7802100888653762e+01
7.3840328297728689e+01	6.3014691476148130e+01
7.3880180267566701e+01	7.2033648856998838e+01
7.3920437980467980e+01	6.0310103884068340e+01
7.3960335040606836e+01	6.2125167693015321e+01
7.4000215127117812e+01	6.6310307797717741e+01
7.4040076837228980e+01	4.7102385764414912e+01
7.4080347949623601e+01	5.9658884531094273e+01
7.4120135900029979e+01	5.4584263118251329e+01
7.4160341621588600e+01	5.0802422603856080e+01
7.4200098910840026e+01	5.6932288210636173e+01
7.4240267852163143e+01	4.2931440171807701e+01
7.4280414060315053e+01	5.6936710968745537e+01
7.4320124945749072e+01	4.0003785108310034e+01
7.4360290980057044e+01	5.4026992737382535e+01
7.4400025449214368e+01	4.1296876906606037e+01
7.4440214744473721e+01	4.7467144825674637e+01
7.4480429225008237e+01	3.8791487419520450e+01
7.4520221636784171e+01	3.7556961480691875e+01
7.4560034575576523e+01	3.4060816735432688e+01
7.4600316965079699e+01	4.5274168429253535e+01
7.4640194946737282e+01	3.6962598469443996e+01
7.4680102120535366e+01	3.9322118272392416e+01
7.4720025607825832e+01	2.4747389053313370e+01
7.4760405776311558e+01	3.8047686282947772e+01
7.4800375880670330e+01	3.6064902960786860e+01
7.4840353288493105e+01	3.3077885004117803e+01
7.4880336672887040e+01	2.7510380810361809e+01
7.4920328866557682e+01	2.9441877539520888e+01
7.4960285573371607e+01	2.9524713329722019e+01
7.5000202564632730e+01	3.4011089865348488e+01
7.5040133355584047e+01	3.0097837977274480e+01
7.5080095716280297e+01	3.2375454936857750e+01
7.5120078816226410e+01	3.3154975086434945e+01
7.5160052251630603e+01	2.9407629796500721e+01
7.5200001544907863e+01	2.8497369722282702e+01
7.5240357240276538e+01	2.9443037960695190e+01
7.5280239223522059e+01	3.4582334730496342e+01
7.5320102447071520e+01	3.2726406284358454e+01
7.5360314098606565e+01	3.0512943219513922e+01
7.5400422631081085e+01	3.0827735325539436e+01
7.5440006186978238e+01	3.4943985321140950e+01
7.5480416767776518e+01	3.0258279025416545e+01
7.5520372675474292e+01	3.8410678805131909e+01
7.5560334445988786e+01	3.1498120996633006e+01
7.5600296282074765e+01	3.4342840048447378e+01
7.5640265505325516e+01	3.0503790232501501e+01
7.5680226387272540e+01	3.4066633621548000e+01
7.5720153842186889e+01	3.5951699494182307e+01
7.5760037733725241e+01	3.4246938205293098e+01
7.5800362234162463e+01	3.4350639758492299e+01
7.5840261956663241e+01	3.0842503452517480e+01
7.5880155971184294e+01	3.6862777187727232e+01
7.5920055839574090e+01	3.9824990363417768e+01
7.5960432677325116e+01	3.9127687064198597e+01
7.6000415679330089e+01	3.6115479081960864e+01
7.6040388903296304e+01	3.8548374220925098e+01
7.6080412278659637e+01	4.6949963485821314e+01
7.6120103211838725e+01	5.3138303584009215e+01
7.6160301412990918e+01	5.7867541592752332e+01
7.6200107682578263e+01	5.8456300288091143e+01
7.6240414624106890e+01	5.4340630790083814e+01
7.6280334819459000e+01	4.6384187698377559e+01
7.6320323134503056e+01	4.3765762943198936e+01
7.6360397242159493e+01	4.8382876313677819e+01
7.6400095503947824e+01	4.9729929503795908e+01
7.6440154341893987e+01	4.8431813735479132e+01
7.6480141596128348e+01	4.4841063549341357e+01
7.6520111837708001e+01	4.4424216123068248e+01
7.6560101874940841e+01	5.3460648615109733e+01
7.6600145314815464e+01	4.1985199945334728e+01
7.6640252133522154e+01	4.5847954562960275e+01
7.6680387643100730e+01	5.3193196734222241e+01
7.6720096906260522e+01	3.8490003367811703e+01
7.6760294247172226e+01	4.6504752884223130e+01
7.6800089146371718e+01	4.7988704759986412e+01
7.6840336588693333e+01	4.7638818386674785e+01
7.6880150239526088e+01	4.3726788051518540e+01
7.6920419936937861e+01	3.8804575250226151e+01
7.6960257620832294e+01	3.9186183645508322e+01
7.7000047482300431e+01	4.2216684762900002e+01
7.7040234926313687e+01	3.7073128531830122e+01
7.7080386527285555e+01	2.7133321568134221e+01
7.7120098204887512e+01	2.8291809783448077e+01
7.7160257589055931e+01	3.4609896164874044e+01
7.7200391310651213e+01	3.4079597386245297e+01
7.7240057776855565e+01	2.9721764674894832e+01
7.7280163019443307e+01	2.5314465815184768e+01
7.7320310648424140e+01	2.3815515707991079e+01
7.7360064966622048e+01	2.5726715835270213e+01
7.7400265118940453e+01	2.8009458277520856e+01
7.7440061798095158e+01	3.0163895282927758e+01
7.7480344205754122e+01	3.0458918148375716e+01
7.7520179022863758e+01	2.8342403503219021e+01
7.7560427097943744e+01	2.3949326819377035e+01
7.7600203310452216e+01	1.9603895362545735e+01
7.7640410736122107e+01	2.1267699227462344e+01
7.7680165006366465e+01	2.4621129164375859e+01
7.7720378588498406e+01	2.6478435302244954e+01
7.7760181277143431e+01	2.6904565538444945e+01
7.7800376536697641e+01	2.4852834527198844e+01
7.7840069381263532e+01	2.4089772246712293e+01
7.7880164785765828e+01	2.2406539340736188e+01
7.7920232746263466e+01	2.6519986092408757e+01
7.7960286318576195e+01	2.9646528078930228e+01
7.8000333808441951e+01	2.9044534273434500e+01
7.8040392184462277e+01	2.7195491006165778e+01
7.8080009003373988e+01	2.5836548319818423e+01
7.8120030767490363e+01	2.9058986973841179e+01
7.8160027831709996e+01	2.6587339801189287e+01
7.8200420014543923e+01	2.3506720560523078e+01
7.8240320127147939e+01	2.2495610167053943e+01
7.8280180732061595e+01	2.2057147266581069e+01
7.8320027098327770e+01	2.0861505167651465e+01
7.8360288612140764e+01	1.9916261053348588e+01
7.8400099425697576e+01	1.8545193738266676e+01
7.8440336792176623e+01	1.7519036373376561e+01
7.8480121102990282e+01	1.7009499559660181e+01
7.8520312794136970e+01	1.6922727403456424e+01
7.8560042426845641e+01	1.5673049587329295e+01
7.8600191845602566e+01	1.5480803348725912e+01
7.8640331295729823e+01	1.5545896886277450e+01
7.8680038821693330e+01	1.7074627125575628e+01
7.8720185771744369e+01	1.8409080169591405e+01
7.8760345413467292e+01	1.8412101227609870e+01
7.8800082121131453e+01	1.6848804346577388e+01
7.8840265396154024e+01	1.6456878407395614e+01
7.8880035969881988e+01	1.6797164255010316e+01
7.8920276133534628e+01	2.0166319046081412e+01
7.8960116794511762e+01	2.0876857407306790e+01
7.9000425268248023e+01	2.1963736616895119e+01
7.9040318092764096e+01	2.0449459625002987e+01
7.9080235874328793e+01	2.3554681353430993e+01
7.9120173764979185e+01	2.5459089125588669e+01
7.9160127490319184e+01	2.6153640019176557e+01
7.9200098273824977e+01	2.5976641987582827e+01
7.9240098239604663e+01	2.5618758073564955e+01
7.9280140287290919e+01	2.5203384799166116e+01
7.9320184739080659e+01	2.4422433506053224e+01
7.9360166444285710e+01	2.3195493926765579e+01
7.9400073603248657e+01	2.3110319230157103e+01
7.9440335385948700e+01	2.4636160527255196e+01
7.9480098285697920e+01	2.4507326805488738e+01
7.9520269304124895e+01	2.2743491159205036e+01
7.9560435288119990e+01	2.3623169156990528e+01
7.9600155092680140e+01	2.6886458660913981e+01
7.9640322567910232e+01	2.7399672900829412e+01
7.9680076028189902e+01	2.5396474599732120e+01
7.9720306897197929e+01	2.8026999203972089e+01
7.9760144722019618e+01	2.8078380269345473e+01
7.9800010663254582e+01	2.6016124189208462e+01
7.9840343379428020e+01	3.1650489816350991e+01
7.9880270670377925e+01	3.2251471869149647e+01
7.9920251015625439e+01	2.9539302534925540e+01
7.9960316394447716e+01	3.4079098058429473e+01
8.0000000000000000e+01	3.4405060179498093e+01
