0.0000000000000000e+00	5.5109449039786940e-01
1.0001665839408083e-01	5.4439260971375625e-01
2.0000781629927014e-01	5.0877789464910905e-01
3.0000150962268801e-01	4.9295601797741434e-01
4.0000050085037742e-01	5.0615556787400540e-01
5.0000575034569272e-01	5.0373818597410858e-01
6.0001482478501533e-01	5.1139261420926130e-01
7.0000563831628215e-01	4.7600557592959192e-01
8.0002367489810167e-01	4.8559044923842909e-01
9.0000926997443076e-01	5.0260584998135505e-01
1.0000017619920225e+00	4.9047166184655439e-01
1.1000228978658311e+00	4.9495997197081593e-01
1.2000034010615632e+00	4.9604227941929446e-01
1.3000194036599424e+00	5.0250624671719557e-01
1.4000144237040193e+00	5.1995622900208227e-01
1.5000055262719441e+00	5.2087170739224031e-01
1.6000175567749053e+00	4.8435472441176658e-01
1.7000003455516304e+00	4.8426748525788377e-01
1.8000218076684082e+00	4.9774610853794371e-01
1.9000160010724532e+00	4.8771668039796723e-01
2.0000163203782217e+00	5.0417667831749546e-01
2.1000057256550457e+00	5.1567840647293328e-01
2.2000152077132364e+00	5.1898361627898359e-01
2.3000202689815210e+00	5.1796667310312661e-01
2.4000242034219554e+00	5.0167264268515699e-01
2.5000082970300266e+00	4.6103276835441409e-01
2.6000060269080625e+00	4.9090025404723253e-01
2.7000019054175968e+00	5.2106719620533459e-01
2.8000014800102582e+00	5.0052742670618211e-01
2.9000028544955629e+00	4.7991925511309097e-01
3.0000072828678697e+00	4.7686592847752468e-01
3.1000122153740195e+00	4.9735288219072049e-01
3.2000158316163807e+00	4.6332865216528657e-01
3.3000016111637356e+00	4.5910381835051306e-01
3.4000145763617904e+00	4.6120066244834468e-01
3.5000011730759057e+00	4.8547487586156274e-01
3.6000104677275604e+00	4.6983913130743443e-01
3.7000212230512162e+00	4.7217122316271903e-01
3.8000112345639443e+00	4.7935532413790005e-01
3.9000043480821827e+00	4.6920114706800381e-01
4.0000196617459309e+00	4.7795519732636055e-01
4.1000079354653050e+00	4.8873683310245986e-01
4.2000241291405302e+00	4.7789845284255833e-01
4.3000183532995182e+00	4.9910969428361068e-01
4.4000144605282001e+00	5.0416548692052698e-01
4.5000157090330370e+00	4.9028828135046176e-01
4.6000128820410362e+00	4.9146365111523016e-01
4.7000033786642517e+00	4.7039255569585536e-01
4.8000106590196001e+00	4.7297589016427982e-01
4.9000138623243306e+00	4.8434610927010668e-01
5.0000003528931876e+00	4.9173919322395532e-01
5.1000013767721351e+00	4.9417853396844980e-01
5.2000009524586339e+00	4.9410035036458189e-01
5.3000163305843397e+00	4.9318890929035342e-01
5.4000087916075330e+00	4.9304985958679060e-01
5.5000155181022912e+00	4.9400881185617734e-01
5.6000011999757131e+00	4.9586542799190825e-01
5.7000097385031969e+00	5.0311320904727086e-01
5.8000178110457643e+00	5.0408556100440949e-01
5.9000027076363954e+00	5.0633129081807571e-01
6.0000135272044712e+00	5.0443889053188118e-01
6.1000001257132288e+00	4.9798894804936433e-01
6.2000129458251330e+00	4.8878236726232760e-01
6.3000022208066735e+00	4.7724433178241976e-01
6.4000072368958465e+00	4.6338620529928826e-01
6.5000103836501131e+00	4.5241956592752253e-01
6.6000182508211775e+00	4.4777948692185221e-01
6.7000061462924405e+00	4.6310144311677226e-01
6.8000200753054569e+00	4.8777905613098760e-01
6.9000113441724880e+00	4.8956351102558082e-01
7.0000011406048319e+00	4.7410857377057142e-01
7.1000150416575201e+00	4.5116712112858309e-01
7.2000243876110144e+00	4.9390898891284646e-01
7.3000088460161345e+00	4.8313623904350766e-01
7.4000180324144393e+00	4.8568860464050190e-01
7.5000040101660144e+00	4.4859286132550130e-01
7.6000121209525613e+00	4.6958027551596249e-01
7.7000186797371244e+00	4.6830352934329317e-01
7.8000001051597945e+00	4.6505618400504461e-01
7.9000108053172147e+00	4.6703638809663711e-01
8.0000234383119810e+00	4.8686987554130373e-01
8.1000091056285974e+00	4.8733206679064456e-01
8.2000143849893607e+00	4.6430162729842572e-01
8.3000093015373029e+00	4.4390511125537591e-01
8.4000052740423534e+00	4.5308450502974917e-01
8.5000056973554443e+00	4.5969316602514732e-01
8.6000115257404932e+00	4.7031966627166027e-01
8.7000225205882344e+00	4.7670331622075723e-01
8.8000083770223725e+00	4.8300252216859751e-01
8.9000176107071063e+00	4.8188037674631840e-01
9.0000055546372977e+00	4.7319302404780428e-01
9.1000212328299845e+00	4.7029700421568199e-01
9.2000148466406664e+00	4.6457339886550447e-01
9.3000111050789176e+00	4.7117032178279494e-01
9.4000245081360685e+00	4.8199231821447081e-01
9.5000128544572089e+00	4.7657870073668196e-01
9.6000064354080745e+00	4.7813739882061412e-01
9.7000007706123696e+00	4.7970614644006571e-01
9.8000205001932787e+00	4.7888350533839036e-01
9.9000142779259921e+00	4.8291249639869566e-01
1.0000005537874893e+01	4.8562933426313865e-01
1.0100018434545174e+01	4.7231853831581216e-01
1.0200005647627009e+01	4.5598260393923545e-01
1.0300017967012131e+01	4.8109946395487591e-01
1.0400009143270932e+01	5.0004769502670565e-01
1.0500019942453195e+01	5.0178615922939718e-01
1.0600004814448001e+01	4.8445588668310602e-01
1.0700017495908597e+01	4.7312121480612601e-01
1.0800005058052681e+01	4.9559903848525672e-01
1.0900020993126224e+01	5.1608275318568997e-01
1.1000010548811591e+01	5.1734468410760415e-01
1.1100022243253758e+01	4.9458806881927408e-01
1.1200008286476494e+01	4.6255795389234039e-01
1.1300019332012024e+01	4.9690539004001594e-01
1.1400003924551807e+01	4.9416064687779304e-01
1.1500009510951250e+01	4.6121571638991787e-01
1.1600009319442286e+01	4.6108882719458522e-01
1.1700004348293978e+01	4.6023849848764981e-01
1.1800003399492441e+01	4.6447408088687869e-01
1.1900005320424293e+01	4.5083201106372522e-01
1.2000012336317054e+01	4.8004146072552212e-01
1.2100000464193311e+01	4.9631360785454703e-01
1.2200013908273791e+01	4.6159719563491786e-01
1.2300002771250293e+01	4.8069888875107825e-01
1.2400015806817315e+01	4.7229596822676212e-01
1.2500006027582106e+01	4.7919076669044913e-01
1.2600020075617460e+01	4.6215086942755268e-01
1.2700011853298960e+01	4.5106388567639982e-01
1.2800004959631920e+01	4.5077419376480399e-01
1.2900000657793408e+01	4.5415551839815388e-01
1.3000021365208489e+01	4.5129381756441683e-01
1.3100019793208887e+01	4.4061532230420314e-01
1.3200020868171642e+01	4.4339033097441555e-01
1.3300022368121359e+01	4.4573596212038463e-01
1.3400023418761728e+01	4.6284973229975762e-01
1.3500001598471041e+01	4.6620794966630918e-01
1.3600004722064185e+01	4.5496422648063534e-01
1.3700006623100306e+01	4.3526653598597398e-01
1.3800005637736261e+01	4.6842601842438814e-01
1.3900006547577478e+01	4.7602989677084073e-01
1.4000006325870842e+01	4.5000487531329658e-01
1.4100004848651629e+01	4.4661666009424505e-01
1.4200001788380494e+01	4.6604633492917963e-01
1.4300016064572354e+01	4.7764128577600728e-01
1.4400002935130246e+01	4.4055647554197108e-01
1.4500012778171069e+01	4.5947162112330386e-01
1.4600000232887327e+01	4.7433555130453930e-01
1.4700021103324906e+01	4.7770282212748388e-01
1.4800020919422632e+01	4.7033936143527122e-01
1.4900019447187582e+01	4.5300599132097258e-01
1.5000016767871710e+01	4.3986788233948176e-01
1.5100012293648481e+01	4.5173752245368720e-01
1.5200006910743841e+01	4.7597064056256810e-01
1.5300003354485268e+01	4.9059313066181820e-01
1.5400003037108585e+01	4.9638712583438016e-01
1.5500005247524706e+01	4.9348322711132830e-01
1.5600008768193446e+01	4.7741976939174197e-01
1.5700012733873152e+01	4.5030782015696147e-01
1.5800013530701493e+01	4.5521959314752425e-01
1.5900013468384197e+01	4.8560279280195090e-01
1.6000013722559491e+01	4.9885990930537133e-01
1.6100015689130000e+01	5.0300596670697806e-01
1.6200019229837764e+01	4.9875960536743374e-01
1.6300023209163797e+01	4.8562294973307168e-01
1.6400001581985425e+01	4.8928511483749659e-01
1.6500004456958191e+01	4.9625180990128492e-01
1.6600003275986023e+01	4.7787411457132284e-01
1.6700001036795062e+01	4.9520851451975356e-01
1.6800003016038449e+01	5.1346332475410617e-01
1.6900007029108835e+01	5.2403606669063463e-01
1.7000011010380241e+01	5.2912825492248206e-01
1.7100015608478124e+01	5.2834948175401564e-01
1.7200020006820335e+01	5.1892034296729628e-01
1.7300021943042186e+01	5.0076948431646617e-01
1.7400021267688786e+01	4.7213522946927855e-01
1.7500019094980011e+01	4.3406625175128399e-01
1.7600021139218224e+01	4.3629342618388822e-01
1.7700023726799841e+01	4.7239774213555835e-01
1.7800004339394015e+01	4.8909557910375906e-01
1.7900007502477891e+01	4.8627174056216005e-01
1.8000009685178895e+01	4.6783169316687562e-01
1.8100011410468422e+01	4.6227402558962694e-01
1.8200011531200857e+01	4.5042914001003426e-01
1.8300013138772872e+01	4.4544937304795335e-01
1.8400015754692699e+01	4.8257987313059264e-01
1.8500021654576027e+01	5.1229080258182613e-01
1.8600002531585073e+01	5.2249281866689257e-01
1.8700005555513510e+01	5.1372202373528908e-01
1.8800004679092027e+01	4.7991934553362242e-01
1.8900003081588999e+01	4.4669553114841343e-01
1.9000000302452570e+01	4.8684958270179801e-01
1.9100019744808105e+01	4.8781892220336920e-01
1.9200015044679390e+01	4.5619303836103459e-01
1.9300011725260497e+01	4.4109045366295019e-01
1.9400011134581739e+01	4.6766592597018342e-01
1.9500009953670425e+01	4.8217861747587482e-01
1.9600005605841886e+01	4.8390931666134979e-01
1.9700022834525917e+01	4.7277218891081346e-01
1.9800017275179460e+01	4.6121883206641118e-01
1.9900018097744510e+01	4.3882063166544411e-01
2.0000021171669484e+01	4.3429261685105280e-01
2.0100024148755836e+01	4.4243627302092925e-01
2.0200001359787443e+01	4.6362134856374304e-01
2.0300003491443384e+01	4.7757998007170621e-01
2.0400003567848149e+01	4.7377758163050798e-01
2.0500003475958540e+01	4.7989377361758023e-01
2.0600004094408963e+01	4.8848455210331138e-01
2.0700007386672457e+01	4.7655759458025021e-01
2.0800012748854865e+01	4.5995751951640945e-01
2.0900020366036838e+01	4.7677201955224224e-01
2.1000002926220365e+01	4.7850044231713651e-01
2.1100010799352276e+01	4.8918621622557107e-01
2.1200015393717266e+01	4.4668033879158564e-01
2.1300020159398144e+01	4.5149756093647653e-01
2.1400000706948472e+01	4.6789598475377520e-01
2.1500005332551986e+01	4.5841292396582961e-01
2.1600008410669684e+01	4.6604532500345858e-01
2.1700011758988257e+01	4.5679306488826577e-01
2.1800017529194673e+01	4.6196937514658998e-01
2.1900023380954092e+01	4.5852363088279652e-01
2.2000004332678451e+01	4.3574894127139685e-01
2.2100009906687990e+01	4.5314156026978142e-01
2.2200015124911012e+01	4.5034425638464343e-01
2.2300019707535753e+01	4.5583776931490227e-01
2.2400023362443754e+01	4.5541315451324266e-01
2.2500000802877977e+01	4.4149537338187589e-01
2.2600022948767407e+01	4.4504301908936061e-01
2.2700011481312451e+01	4.4649780776781561e-01
2.2800004177726841e+01	4.5635955434086367e-01
2.2900007973226028e+01	4.6466064320804540e-01
2.3000010940414757e+01	4.6293039336970909e-01
2.3100007092931506e+01	4.5080208445843234e-01
2.3200003663250072e+01	4.5318269243670301e-01
2.3300024554232571e+01	4.5020287658275127e-01
2.3400020954787532e+01	4.5835125857007869e-01
2.3500014411144644e+01	4.5972607098750667e-01
2.3600011594554690e+01	4.6814494576458987e-01
2.3700009864779751e+01	4.7469779708964693e-01
2.3800010559148955e+01	4.7739180932155623e-01
2.3900012465452928e+01	4.7696560491526313e-01
2.4000014907701562e+01	4.7363395282398740e-01
2.4100016392827229e+01	4.6897163065226821e-01
2.4200018434939192e+01	4.6382092167382177e-01
2.4300021112051549e+01	4.5821777480356091e-01
2.4400023730207163e+01	4.7324003610844428e-01
2.4500001867022110e+01	4.5362365245002673e-01
2.4600004724718989e+01	4.4387556928500005e-01
2.4700001804751988e+01	4.3650765514792478e-01
2.4800022085043430e+01	4.5468908728561513e-01
2.4900017590627947e+01	4.4312235586863596e-01
2.5000015431696969e+01	4.5509725093023440e-01
2.5100014242810570e+01	4.6225244234535134e-01
2.5200005874769190e+01	4.6449749607128338e-01
2.5300016332824171e+01	4.6271495481117980e-01
2.5400004631322954e+01	4.5688462793226930e-01
2.5500023678173864e+01	4.5038283280713420e-01
2.5600020475875709e+01	4.6202274701415258e-01
2.5700019115372410e+01	4.6832827467983196e-01
2.5800021253285323e+01	4.6695475999109937e-01
2.5900022846618665e+01	4.5830564244888999e-01
2.6000021596183927e+01	4.5278625358243230e-01
2.6100019284022903e+01	4.5025020168792595e-01
2.6200018811226645e+01	4.6643649914412721e-01
2.6300020251035882e+01	4.5425419545752754e-01
2.6400022284799405e+01	4.4952225754998587e-01
2.6500000097800275e+01	4.5882985128054093e-01
2.6600003464833726e+01	4.7351440113337517e-01
2.6700007056016133e+01	4.6236408176517624e-01
2.6800008263318116e+01	4.7238954057079013e-01
2.6900012219369231e+01	4.7624435225674733e-01
2.7000012413989918e+01	4.8026576318779296e-01
2.7100011813054774e+01	4.8055181553618082e-01
2.7200014338662207e+01	4.7787238217065814e-01
2.7300019292308143e+01	4.6829724827311237e-01
2.7400024041167253e+01	4.6213143241644644e-01
2.7500004215680242e+01	4.6549249939831994e-01
2.7600009433297881e+01	4.6790934318888056e-01
2.7700014556040582e+01	4.7825745527117786e-01
2.7800017088053682e+01	4.6208493594745348e-01
2.7900013786914684e+01	4.8461049541217860e-01
2.8000011768989346e+01	4.9110588855101595e-01
2.8100010237682298e+01	4.7989132172344678e-01
2.8200005970156301e+01	4.9749721631343063e-01
2.8300002524650818e+01	4.6686901391824775e-01
2.8400023535331105e+01	4.4916806962263850e-01
2.8500016875566885e+01	4.4409283534377425e-01
2.8600009273000556e+01	4.4421391183677783e-01
2.8700006877442945e+01	4.4075523134011607e-01
2.8800008191713243e+01	4.4386176075982009e-01
2.8900008786346650e+01	4.5461462752552095e-01
2.9000003033462821e+01	4.4600200264264211e-01
2.9100000459738684e+01	4.4840320098739517e-01
2.9200004243391934e+01	4.4542335450624027e-01
2.9300011714085326e+01	4.3852740271736990e-01
2.9400018990498044e+01	4.5411442805486685e-01
2.9500002490728946e+01	4.4978964155655016e-01
2.9600011084330710e+01	4.5554987186372825e-01
2.9700019496002746e+01	4.4292141285640280e-01
2.9800002450536148e+01	4.4716723376021617e-01
2.9900010019509697e+01	4.4215631699252533e-01
3.0000017428184428e+01	4.5356288303373965e-01
3.0100023106290493e+01	4.5086561557384663e-01
3.0200022989758040e+01	4.8132063958781696e-01
3.0300022100280849e+01	4.9358806917357029e-01
3.0400019340254012e+01	4.7978500284492898e-01
3.0500014131217991e+01	4.6521013344529499e-01
3.0600009251419536e+01	4.6292250290388637e-01
3.0700006964401162e+01	4.5560433411481277e-01
3.0800007942587147e+01	4.4357996714609177e-01
3.0900005847971851e+01	4.6784200311608454e-01
3.1000001567506562e+01	4.7783631519796133e-01
3.1100023390333547e+01	4.6754550986155236e-01
3.1200022596857004e+01	4.6936899611492566e-01
3.1300003153236325e+01	4.6217834047353196e-01
3.1400005379857461e+01	4.7102977227130627e-01
3.1500006080925289e+01	4.7599608174911479e-01
3.1600006211781711e+01	4.7741890485267874e-01
3.1700005983734222e+01	4.7458954327167147e-01
3.1800004236201037e+01	4.6802020190808213e-01
3.1900002993577697e+01	4.5839043204670210e-01
3.2000003958409259e+01	4.4557402346744579e-01
3.2100008175035747e+01	4.5218036563610225e-01
3.2200012946426774e+01	4.3837618361063646e-01
3.2300019198398587e+01	4.4627528946011974e-01
3.2400023864576035e+01	4.4985590326447006e-01
3.2500004975725652e+01	4.6615663690497217e-01
3.2600012818194990e+01	4.7580298221742640e-01
3.2700020853222910e+01	4.7907314684116259e-01
3.2800000570977708e+01	4.7567640730202360e-01
3.2900004793786614e+01	4.6510837520383169e-01
3.3000010755193671e+01	4.5411377327818025e-01
3.3100015929496927e+01	4.4677979389467670e-01
3.3200019477111979e+01	4.3586922298812064e-01
3.3300024536952840e+01	4.3849794892387906e-01
3.3400005031473128e+01	4.4252633341862407e-01
3.3500011257918345e+01	4.5007458673722517e-01
3.3600017429235415e+01	4.5045543535693128e-01
3.3700024383727204e+01	4.4552947558427675e-01
3.3800005320572474e+01	4.4937708403139071e-01
3.3900012333082536e+01	4.4313252340402526e-01
3.4000020489536944e+01	4.3700795499146428e-01
3.4100001291303741e+01	4.5511685532028801e-01
3.4200006091108612e+01	4.4589397493990224e-01
3.4300008684994054e+01	4.3394828839490823e-01
3.4400010467621641e+01	4.5782175013923720e-01
3.4500013372870100e+01	4.4901370331267815e-01
3.4600018564647449e+01	4.6012036478609347e-01
3.4700001012870942e+01	4.6801916958174450e-01
3.4800006015875340e+01	4.5842324120228184e-01
3.4900009834402994e+01	4.6780596515309641e-01
3.5000016217443871e+01	4.6632948918794714e-01
3.5100023515103224e+01	4.5341644519953878e-01
3.5200004281129154e+01	4.6235295255503966e-01
3.5300002172281729e+01	4.6698072848954858e-01
3.5400020790867984e+01	4.6072906571132760e-01
3.5500016707907015e+01	4.4664833230916495e-01
3.5600014551881685e+01	4.4214869752097163e-01
3.5700011504553906e+01	4.4808212589717455e-01
3.5800009775467970e+01	4.6626390664728823e-01
3.5900010327794703e+01	4.7763356333656753e-01
3.6000015754738428e+01	4.8197581225164321e-01
3.6100021387923064e+01	4.7793942538476464e-01
3.6200001006058187e+01	4.6851868346827841e-01
3.6300004357219542e+01	4.6897487539977017e-01
3.6400007924254446e+01	4.6416943970005348e-01
3.6500011240182722e+01	4.5316643033740617e-01
3.6600015882493707e+01	4.5438870290286149e-01
3.6700019153694711e+01	4.5352640649733489e-01
3.6800022383933381e+01	4.3772595885046989e-01
3.6900001985344019e+01	4.3660903353960079e-01
3.7000007648627886e+01	4.3076660051621396e-01
3.7100013061997899e+01	4.4732682082744657e-01
3.7200018771947960e+01	4.5424451728823118e-01
3.7300001988255964e+01	4.7128611872649978e-01
3.7400010501872750e+01	4.7436402205066586e-01
3.7500018441081785e+01	4.6052730658293201e-01
3.7600001335595344e+01	4.5325368040678071e-01
3.7700007994682423e+01	4.5384280429708396e-01
3.7800015080339826e+01	4.5203474091407075e-01
3.7900020766753435e+01	4.4812983504787812e-01
3.8000024120109046e+01	4.6997774328310715e-01
3.8100001889357301e+01	4.8064153599386961e-01
3.8200004370966816e+01	4.7547652819574665e-01
3.8300004996927662e+01	4.5310875556293589e-01
3.8400003775286443e+01	4.3760274701308888e-01
3.8500022316811311e+01	4.3274880595853177e-01
3.8600017503778041e+01	4.2422938790795983e-01
3.8700018084794706e+01	4.2561063504421021e-01
3.8800017559532407e+01	4.2898046738051460e-01
3.8900016202781963e+01	4.3019104186972706e-01
3.9000013497150022e+01	4.4437810344975009e-01
3.9100013722803155e+01	4.4273964308147884e-01
3.9200016532413692e+01	4.3766015570639660e-01
3.9300016610564313e+01	4.3984111977807583e-01
3.9400015168056349e+01	4.4042576566802749e-01
3.9500013925089256e+01	4.4753751537886344e-01
3.9600018633453843e+01	4.6949671747892940e-01
3.9700022548686078e+01	4.8845037660551532e-01
3.9800002725824640e+01	4.8910304860482856e-01
3.9900002985718643e+01	4.7036815613040467e-01
4.0000019411162441e+01	4.5005889646841529e-01
4.0100009058345286e+01	4.3827245597304548e-01
4.0200024054996426e+01	4.3228755208683628e-01
4.0300013301474522e+01	4.4289574235374818e-01
4.0400007945190715e+01	4.6214419174943094e-01
4.0500007540755000e+01	4.7990188803229955e-01
4.0600009510968142e+01	4.8361676388233399e-01
4.0700011436628920e+01	4.7495908960777022e-01
4.0800015017108315e+01	4.5530555940103529e-01
4.0900017351869685e+01	4.5360713645300316e-01
4.1000017250163886e+01	4.5643557046406474e-01
4.1100016385657376e+01	4.4739213741431588e-01
4.1200015281619336e+01	4.3912017333563674e-01
4.1300012432082646e+01	4.3609159686821097e-01
4.1400007133997107e+01	4.4449474787954957e-01
4.1500004633785686e+01	4.5564443719563058e-01
4.1600007663155480e+01	4.6004586699318140e-01
4.1700013179696420e+01	4.5822414909181597e-01
4.1800019197153233e+01	4.5163296004915260e-01
4.1900024771144338e+01	4.4868601578233869e-01
4.2000005899411889e+01	4.4909465603134857e-01
4.2100010451255372e+01	4.4116816134627773e-01
4.2200011762878695e+01	4.4134726208902025e-01
4.2300015429628409e+01	4.3317060723094214e-01
4.2400021592915785e+01	4.2152632303360599e-01
4.2500002877993090e+01	4.2324599071020197e-01
4.2600007247492364e+01	4.3381735002922844e-01
4.2700009491692896e+01	4.4020027550010460e-01
4.2800012787418126e+01	4.3242286540966729e-01
4.2900017456798196e+01	4.3239840673959667e-01
4.3000021512893589e+01	4.4476134676943579e-01
4.3100000561964727e+01	4.4625649551907942e-01
4.3200004524539679e+01	4.4008270054589943e-01
4.3300008860071870e+01	4.3134232146109702e-01
4.3400011062593620e+01	4.3333328893842488e-01
4.3500011317123423e+01	4.3180612701644827e-01
4.3600010238085758e+01	4.5110393947047056e-01
4.3700003994365993e+01	4.3749365297765314e-01
4.3800019573931699e+01	4.3468733659531777e-01
4.3900017049791686e+01	4.3298618426288238e-01
4.4000018909482208e+01	4.5304517861634763e-01
4.4100022905596553e+01	4.4328054225789254e-01
4.4200004523158810e+01	4.5186096965349221e-01
4.4300009156563860e+01	4.5579399069303894e-01
4.4400010283485059e+01	4.4506107816464241e-01
4.4500007406573310e+01	4.4406951202967726e-01
4.4600003371947786e+01	4.3723162132959636e-01
4.4700001740040548e+01	4.5471631898901738e-01
4.4800004215335726e+01	4.4855083406743629e-01
4.4900007903456491e+01	4.3362322830297356e-01
4.5000013556742275e+01	4.3319658542333611e-01
4.5100019516568153e+01	4.4360570371913005e-01
4.5200001173484836e+01	4.4884673173799428e-01
4.5300007671051780e+01	4.2442483734970288e-01
4.5400015186910544e+01	4.4361405955293592e-01
4.5500022682545229e+01	4.6006833343772213e-01
4.5600005383936526e+01	4.2653685539009634e-01
4.5700010059510618e+01	4.4463683748203353e-01
4.5800009129037186e+01	4.4632602137578031e-01
4.5900007280851625e+01	4.3437915559779888e-01
4.6000005078552618e+01	4.3458707294260651e-01
4.6100004993840386e+01	4.3150231160069769e-01
4.6200008249623181e+01	4.2866391849615432e-01
4.6300012720495062e+01	4.3155412429006568e-01
4.6400019490409669e+01	4.4134347772044974e-01
4.6500002639310168e+01	4.5234897176127459e-01
4.6600007935279429e+01	4.5553210169535940e-01
4.6700009343463520e+01	4.4770119270372732e-01
4.6800009992245961e+01	4.4924080888757251e-01
4.6900015802355021e+01	4.5226926793735317e-01
4.7000022813225193e+01	4.4139897807906758e-01
4.7100002454707017e+01	4.3149963757886511e-01
4.7200005759690853e+01	4.3477894096857106e-01
4.7300010398172468e+01	4.3516695708703207e-01
4.7400013760178311e+01	4.3151620122871631e-01
4.7500016686447751e+01	4.3887104898072132e-01
4.7600017958032957e+01	4.3790891930169334e-01
4.7700019374049063e+01	4.2643850611468137e-01
4.7800021469008634e+01	4.3825399997755543e-01
4.7900001117995302e+01	4.3616434826262801e-01
4.8000003793804012e+01	4.2300804276398379e-01
4.8100004847321109e+01	4.2005995728729106e-01
4.8200004446947304e+01	4.2653945176089153e-01
4.8300000453458161e+01	4.4120480115773947e-01
4.8400021004011137e+01	4.5878245721666749e-01
4.8500021424562469e+01	4.3640154359077793e-01
4.8600001514334025e+01	4.2860525007403660e-01
4.8700007967559074e+01	4.2559336936092418e-01
4.8800012164229592e+01	4.3792471883814199e-01
4.8900017608881079e+01	4.4973297622363639e-01
4.9000021410908850e+01	4.4168037139607857e-01
4.9100022695541206e+01	4.5577754383995694e-01
4.9200022801238298e+01	4.5739137854995432e-01
4.9300024638861501e+01	4.4068108780418458e-01
4.9400000693966966e+01	4.4196438365990165e-01
4.9500024300646082e+01	4.4950764007880439e-01
4.9600000303541044e+01	4.5081600907236746e-01
4.9700002873762159e+01	4.4797130001323510e-01
4.9800008354998397e+01	4.5431355787349009e-01
4.9900014168246081e+01	4.4356833634598802e-01
5.0000019490957257e+01	4.6849524416451582e-01
5.0100000292339061e+01	4.4820427534474444e-01
5.0200005580127147e+01	4.3691001988793637e-01
5.0300009360444925e+01	4.3357472721674373e-01
5.0400015635127374e+01	4.6540724885133239e-01
5.0500023731217766e+01	4.5644842350553316e-01
5.0600006551040515e+01	4.2917529630966594e-01
5.0700014242873792e+01	4.2772574627003812e-01
5.0800022274862165e+01	4.4609692929908012e-01
5.0900003713297664e+01	4.5017247990115028e-01
5.1000005989904786e+01	4.4000357695069903e-01
5.1100009205502765e+01	4.3203209379689284e-01
5.1200012448937017e+01	4.3577682886161545e-01
5.1300017850789118e+01	4.4927337233665338e-01
5.1400024795081819e+01	4.4015409505314024e-01
5.1500007986092356e+01	4.2452386457919705e-01
5.1600016129982613e+01	4.5252685206153381e-01
5.1700000367509830e+01	4.5181478878531683e-01
5.1800009038489918e+01	4.5244774178260100e-01
5.1900017593656102e+01	4.5770072705207265e-01
5.2000001779590491e+01	4.5856277618967778e-01
5.2100008917023381e+01	4.5476602986634740e-01
5.2200015197833864e+01	4.6668104157890927e-01
5.2300021780645096e+01	4.5666229376728595e-01
5.2400004600890952e+01	4.5661481047204966e-01
5.2500009719397788e+01	4.5142652992367099e-01
5.2600012204552975e+01	4.4289903601180419e-01
5.2700015434363266e+01	4.4803290321556855e-01
5.2800021312936316e+01	4.6248819484329523e-01
5.2900001943466933e+01	4.6132151530094223e-01
5.3000009185161041e+01	4.5899847765241836e-01
5.3100016759939479e+01	4.5854098957662554e-01
5.3200023655563214e+01	4.6950491320064808e-01
5.3300005222291752e+01	4.7214464848208804e-01
5.3400011448518562e+01	4.6490186141884027e-01
5.3500016753567614e+01	4.5247555724194743e-01
5.3600022208017187e+01	4.6233454911867289e-01
5.3700003326951943e+01	4.5766866232987730e-01
5.3800005211881739e+01	4.4422307875151262e-01
5.3900001042160198e+01	4.3432687258578129e-01
5.4000020442223367e+01	4.2875277369439330e-01
5.4100015386205172e+01	4.2916914985738963e-01
5.4200010270672010e+01	4.4031671639974590e-01
5.4300007230304253e+01	4.4144968482754027e-01
5.4400005343088246e+01	4.6000802138010466e-01
5.4500004123713921e+01	4.7031278218415340e-01
5.4600005709901716e+01	4.6970860702515016e-01
5.4700009110564210e+01	4.5969282457021471e-01
5.4800013825599422e+01	4.3139736230405240e-01
5.4900018525963993e+01	4.4325200030104678e-01
5.5000022621230102e+01	4.6653712273165687e-01
5.5100000462774126e+01	4.8873341665036313e-01
5.5200000686671949e+01	4.8297053086313185e-01
5.5300023725896189e+01	4.8200690249793465e-01
5.5400023252592455e+01	4.9667433537053557e-01
5.5500000465639921e+01	4.5659272529335471e-01
5.5600004907173989e+01	4.7396986240310451e-01
5.5700009140134334e+01	4.6841480989199630e-01
5.5800013110171264e+01	5.0293662584231502e-01
5.5900018008530644e+01	5.0159820471301020e-01
5.6000022602946423e+01	4.7148359170741921e-01
5.6100004099104886e+01	4.6027972697184427e-01
5.6200011876297886e+01	4.6767087568601134e-01
5.6300020164937507e+01	4.6970839778600326e-01
5.6400002982447717e+01	4.8859119208276852e-01
5.6500006698043563e+01	4.8457993721819947e-01
5.6600006490449523e+01	4.6108967200039847e-01
5.6700006320102204e+01	4.6040306335160180e-01
5.6800006542948445e+01	4.5455731648555681e-01
5.6900008068671795e+01	4.5284857226061037e-01
5.7000009252107589e+01	4.4103800337670784e-01
5.7100009403427379e+01	4.5702313172790199e-01
5.7200009098861905e+01	4.7682399412415588e-01
5.7300009157350196e+01	4.7336296088716850e-01
5.7400008297596621e+01	4.4498783268568598e-01
5.7500007414064328e+01	4.3855611499433783e-01
5.7600007696660917e+01	4.3843287695853900e-01
5.7700007561962430e+01	4.6937708422375241e-01
5.7800009129111544e+01	4.6355797878076432e-01
5.7900013017515782e+01	4.4475221559320183e-01
5.8000014935682771e+01	4.4355951831995283e-01
5.8100011290687256e+01	4.4287035551375842e-01
5.8200009281761545e+01	4.4373542062179000e-01
5.8300007699208834e+01	4.3660566329887701e-01
5.8400006871537670e+01	4.5085523686193041e-01
5.8500003568761173e+01	4.5231698043033064e-01
5.8600000430150516e+01	4.5439246488478879e-01
5.8700020548882151e+01	4.4590059621216083e-01
5.8800018820466285e+01	4.4627649732548147e-01
5.8900014353013603e+01	4.7315102992006408e-01
5.9000007824714352e+01	4.5842964210017512e-01
5.9100002792729939e+01	4.5301103144042221e-01
5.9200022798922326e+01	4.9319427017706219e-01
5.9300016488245404e+01	4.6740674698142287e-01
5.9400009484754200e+01	4.5444245640833647e-01
5.9500004051274843e+01	4.9971526818568079e-01
5.9600024547690282e+01	4.7730119351952605e-01
5.9700022252367305e+01	4.5834071318367264e-01
5.9800021262863908e+01	5.0084839969833783e-01
5.9900021357821657e+01	4.7431215331990367e-01
6.0000021183047707e+01	4.5571308488728413e-01
6.0100021854341684e+01	4.9940507986317562e-01
6.0200000318902674e+01	4.7617675122178849e-01
6.0300004980931071e+01	4.4634553486944539e-01
6.0400008945561389e+01	4.9676769261973730e-01
6.0500011455632489e+01	4.7454338378164829e-01
6.0600014487702389e+01	4.4647790519420882e-01
6.0700013624953726e+01	4.9394381686221500e-01
6.0800013803722969e+01	4.7718692405029656e-01
6.0900016578481875e+01	4.4189791658928196e-01
6.1000022085038992e+01	4.8505194886399300e-01
6.1100003728298724e+01	4.8568165275334441e-01
6.1200010086784303e+01	4.5031903843228244e-01
6.1300017369434443e+01	4.5403229239302534e-01
6.1400024384983226e+01	4.8584182315629432e-01
6.1500003702561330e+01	4.7424314597762940e-01
6.1600007187091620e+01	4.5834551917057292e-01
6.1700011576726240e+01	4.3908126139697073e-01
6.1800017762734257e+01	4.5977338611239543e-01
6.1900024459730183e+01	4.6282702518011054e-01
6.2000006976039423e+01	4.4293395417893050e-01
6.2100013969261930e+01	4.4957669240431392e-01
6.2200020364799727e+01	4.4440413354371572e-01
6.2300003938204078e+01	4.4428281238158102e-01
6.2400011902881609e+01	4.4445897981163657e-01
6.2500020086053325e+01	4.2525955894437717e-01
6.2600003308024753e+01	4.3680831627803679e-01
6.2700009893990682e+01	4.4405497229392510e-01
6.2800013421107508e+01	4.5634385524445165e-01
6.2900013752508336e+01	4.4525592014660720e-01
6.3000016507444620e+01	4.5670602538484051e-01
6.3100016550620545e+01	4.5729827894424196e-01
6.3200013705064677e+01	4.5629710112608723e-01
6.3300007963106516e+01	4.5837579301874964e-01
6.3400001663648311e+01	4.4708030236754492e-01
6.3500021932775603e+01	4.4314653841147078e-01
6.3600018920734755e+01	4.4094809248355582e-01
6.3700013586635365e+01	4.4566232022413249e-01
6.3800013596631430e+01	4.6573897851092805e-01
6.3900014542938244e+01	4.7377048012003659e-01
6.4000017233962083e+01	4.5942575617966180e-01
6.4100020299593254e+01	4.5688076271922351e-01
6.4200024811810380e+01	4.5342931137183773e-01
6.4300005460370997e+01	4.4904113138484880e-01
6.4400008632057322e+01	4.4874678741464719e-01
6.4500013817030961e+01	4.3198861365156005e-01
6.4600020431393204e+01	4.2562333886438158e-01
6.4700001746005256e+01	4.3312900374821262e-01
6.4800006404573836e+01	4.4520643851872671e-01
6.4900010742483659e+01	4.5457724698204788e-01
6.5000014464419394e+01	4.5247239156076902e-01
6.5100019688238874e+01	4.3345273346562324e-01
6.5200000874395030e+01	4.4042391690171240e-01
6.5300006368694341e+01	4.6960156215066590e-01
6.5400011410792786e+01	4.7096927174605652e-01
6.5500014953125216e+01	4.5391135067949240e-01
6.5600019427754830e+01	4.5263796410710000e-01
6.5700000098846388e+01	4.5658695644007080e-01
6.5800007023720667e+01	4.6536609876837670e-01
6.5900013693499446e+01	4.5615026881190129e-01
6.6000020425053066e+01	4.3059509657164713e-01
6.6100002474107214e+01	4.2278402636457119e-01
6.6200008498600326e+01	4.2695847130198511e-01
6.6300015293787254e+01	4.4679271812109844e-01
6.6400021378616941e+01	4.6726775262686093e-01
6.6500023701962363e+01	4.3369923993718418e-01
6.6600004851511869e+01	4.4453473193404647e-01
6.6700011573159443e+01	4.4498685791666381e-01
6.6800016092542336e+01	4.4618744335343402e-01
6.6900017645169626e+01	4.3912877870432737e-01
6.7000017173255159e+01	4.4158036378584170e-01
6.7100016115312201e+01	4.2565314656806780e-01
6.7200017002227739e+01	4.5754131060154912e-01
6.7300022206659321e+01	4.3956341742784111e-01
6.7400001815772470e+01	4.5650477847402576e-01
6.7500005980489803e+01	4.5642791489073614e-01
6.7600011979091448e+01	4.2827058058214557e-01
6.7700014645608064e+01	4.3028259355643872e-01
6.7800008773976273e+01	4.3292330218463970e-01
6.7900005863639308e+01	4.4515455724653819e-01
6.8000005392088369e+01	4.5122072029886945e-01
6.8100006812822969e+01	4.5065046242666557e-01
6.8200009814537438e+01	4.4888282201598162e-01
6.8300014132005401e+01	4.3052664495454407e-01
6.8400021381430463e+01	4.4811259944561410e-01
6.8500005461461413e+01	4.6034510264660389e-01
6.8600011071250492e+01	4.6795711657763928e-01
6.8700014439200629e+01	4.7399882550035760e-01
6.8800017775326879e+01	4.5282924503905791e-01
6.8900022081435509e+01	4.4295179882701219e-01
6.9000006162499687e+01	4.4326685776448888e-01
6.9100016671904214e+01	4.3696642171468714e-01
6.9200024741741203e+01	4.4915422944054179e-01
6.9300005503080342e+01	4.4976404064730685e-01
6.9400010316013166e+01	4.6349028798065078e-01
6.9500015478899357e+01	4.4980707265890613e-01
6.9600021220996894e+01	4.4553635155832422e-01
6.9700000903935049e+01	4.5657658078519930e-01
6.9800004275603555e+01	4.5762469258825389e-01
6.9900006444241470e+01	4.4212647636192975e-01
7.0000010188746344e+01	4.5928243430789856e-01
7.0100014726213757e+01	4.4162910696456686e-01
7.0200019039268312e+01	4.3959991788581187e-01
7.0300021983738972e+01	4.2765581275584885e-01
7.0400000125608912e+01	4.3573137064329581e-01
7.0500003619301239e+01	4.4127798648678068e-01
7.0600005035833007e+01	4.4211607446594203e-01
7.0700007144543079e+01	4.4746005927681998e-01
7.0800010295977032e+01	4.5734329377590388e-01
7.0900014533241588e+01	4.6392413292839624e-01
7.1000017265052350e+01	4.5849057475332050e-01
7.1100012900074447e+01	4.4154285168757801e-01
7.1200006136477342e+01	4.4096956950109012e-01
7.1300001401862573e+01	4.4131840747039119e-01
7.1400001999665605e+01	4.4330034539510693e-01
7.1500004033695660e+01	4.4428297831769636e-01
7.1600003442868200e+01	4.5137289940162878e-01
7.1700001550576360e+01	4.6220667976804458e-01
7.1800024495764248e+01	4.5972277960910796e-01
7.1900022683007606e+01	4.4665749501946328e-01
7.2000023062278785e+01	4.3978406696778388e-01
7.2100023953794306e+01	4.3120518572923200e-01
7.2200000068773534e+01	4.2305168918896846e-01
7.2300023739853444e+01	4.3384482157904825e-01
7.2400021972564346e+01	4.5585839136622652e-01
7.2500018628394628e+01	4.4860899022700212e-01
7.2600015481527862e+01	4.4368184493987395e-01
7.2700011121610771e+01	4.4620842679202827e-01
7.2800000681120068e+01	4.4172610318799310e-01
7.2900012348455959e+01	4.4635768951829735e-01
7.3000001345608169e+01	4.5452849319889299e-01
7.3100015799178252e+01	4.6294379013617221e-01
7.3200006345631763e+01	4.5080266107647499e-01
7.3300022371281713e+01	4.4120405359410592e-01
7.3400016706348694e+01	4.5662285329409930e-01
7.3500014364233976e+01	4.6987495755083813e-01
7.3600011370649611e+01	4.6587584932409654e-01
7.3700008259702486e+01	4.7750024843351008e-01
7.3800009623932525e+01	4.8185278462436615e-01
7.3900013377546145e+01	4.7668911157144389e-01
7.4000018950285337e+01	4.6216796979191227e-01
7.4100001137062989e+01	4.5035523220446838e-01
7.4200008260340212e+01	4.4095542310575242e-01
7.4300014684160303e+01	4.6091717003217142e-01
7.4400019417115956e+01	4.5151523939440807e-01
7.4500023367026486e+01	4.5198677467094545e-01
7.4600003263507389e+01	4.6733644599669283e-01
7.4700006528919403e+01	4.7555949455874857e-01
7.4800007408159004e+01	4.7624902629187676e-01
7.4900007716610446e+01	4.6827525295461381e-01
7.5000011793178970e+01	4.5336292124346017e-01
7.5100016969388662e+01	4.3549322819293634e-01
7.5200021948765112e+01	4.4067970312952470e-01
7.5300001918712638e+01	4.3317687244663899e-01
7.5400007570748457e+01	4.2761122014230790e-01
7.5500013813211623e+01	4.4919206001526907e-01
7.5600020841401118e+01	4.6374719141565068e-01
7.5700002877144968e+01	4.6960795833811486e-01
7.5800008303424889e+01	4.6756167246869035e-01
7.5900014680193138e+01	4.5557292362546364e-01
7.6000021663273287e+01	4.3602949083177289e-01
7.6100024437336089e+01	4.4150074998750599e-01
7.6200022594189832e+01	4.4792565178156413e-01
7.6300022743746950e+01	4.4929710534920680e-01
7.6400022621470285e+01	4.5011563968123042e-01
7.6500019259190296e+01	4.5078070253919994e-01
7.6600016376254246e+01	4.4255321296654482e-01
7.6700017011041297e+01	4.4585947890713185e-01
7.6800015941903325e+01	4.2719478967375385e-01
7.6900011527636565e+01	4.2725944973780994e-01
7.7000003653826624e+01	4.4460240909957427e-01
7.7100020128974776e+01	4.4025324907984881e-01
7.7200014136694179e+01	4.4662182247142396e-01
7.7300007839450316e+01	4.5699012707750647e-01
7.7400007081917323e+01	4.4804402780455155e-01
7.7500008002114839e+01	4.4310787340054009e-01
7.7600009534690173e+01	4.3762207379261775e-01
7.7700013807962122e+01	4.5138453185522825e-01
7.7800017584854047e+01	4.4773782841602977e-01
7.7900019960880471e+01	4.3160867717009527e-01
7.8000023984048624e+01	4.3486575387694398e-01
7.8100001378725977e+01	4.4715277107159268e-01
7.8200002727225424e+01	4.5392852330346084e-01
7.8300004471182930e+01	4.5428710044036996e-01
7.8400005833902483e+01	4.4726478058603675e-01
7.8500008237569332e+01	4.3330983325725358e-01
7.8600010818170603e+01	4.4046725392434932e-01
7.8700015333659749e+01	4.4760294824877350e-01
7.8800020404708107e+01	4.5096426620183933e-01
7.8900000008445389e+01	4.4996855951615267e-01
7.9000003214151235e+01	4.4585681104496055e-01
7.9100006535510985e+01	4.3836091164312091e-01
7.9200010509847502e+01	4.5047101117790878e-01
7.9300015026539427e+01	4.6099581046752008e-01
7.9400020603273290e+01	4.5937219786693956e-01
7.9500001465057707e+01	4.4181069767726955e-01
7.9600005195931047e+01	4.4526642233829622e-01
7.9700009036453196e+01	4.4664667545209846e-01
7.9800014249508266e+01	4.4214706848183583e-01
7.9900018178569496e+01	4.6095704668752818e-01
8.0000019829627078e+01	4.4280021875189046e-01
8.0100020833930358e+01	4.5084596483110634e-01
8.0200022270500085e+01	4.6300240452956420e-01
8.0300000223807174e+01	4.6769469394417323e-01
8.0400003796989537e+01	4.6394411632132465e-01
8.0500007547877601e+01	4.5252101633769687e-01
8.0600012536520651e+01	4.4789101296418510e-01
8.0700018578328709e+01	4.4413310388911320e-01
8.0800022033306476e+01	4.3958027997150206e-01
8.0900023300906767e+01	4.5045277437671982e-01
8.1000024806138583e+01	4.6181905168902493e-01
8.1100001662709772e+01	4.5295281908974533e-01
8.1200002251221079e+01	4.5468858296166526e-01
8.1300001344962979e+01	4.6150076067112228e-01
8.1400023368179959e+01	4.6145499558344144e-01
8.1500021155259589e+01	4.5316307115130355e-01
8.1600022034098416e+01	4.3703006639836772e-01
8.1700024014688367e+01	4.3747054412391839e-01
8.1800002351347260e+01	4.3657783918199150e-01
8.1900005168991342e+01	4.4576674958587997e-01
8.2000006897360322e+01	4.7274309139215198e-01
8.2100004920793495e+01	4.8020350271921547e-01
8.2200001064756549e+01	4.6342347441929554e-01
8.2300019379768500e+01	4.3699668594194907e-01
8.2400014732632442e+01	4.3543973771318739e-01
8.2500015467912306e+01	4.6204816693786249e-01
8.2600017437502231e+01	4.5334418419120254e-01
8.2700018915845206e+01	4.4562021285015885e-01
8.2800016213508115e+01	4.4850683174147488e-01
8.2900012854473331e+01	4.6920716050044509e-01
8.3000010661231499e+01	4.4358239603093758e-01
8.3100013942803201e+01	4.3763275887086162e-01
8.3200016527806469e+01	4.5630122999967920e-01
8.3300019908093603e+01	4.6859652787979555e-01
8.3400020680665591e+01	4.5069139751492171e-01
8.3500016335085647e+01	4.2953956047858705e-01
8.3600012633432783e+01	4.5457194061578055e-01
8.3700011032996926e+01	4.5859036513455764e-01
8.3800010757219709e+01	4.3924908646004845e-01
8.3900012361831500e+01	4.5815560418383161e-01
8.4000012004905983e+01	4.6190617529177674e-01
8.4100009004158935e+01	4.4760926956737529e-01
8.4200012603953994e+01	4.4557884872331810e-01
8.4300015511165654e+01	4.3035024340597305e-01
8.4400019842644923e+01	4.2994746908185394e-01
8.4500022597520783e+01	4.4191213693232018e-01
8.4600000903248386e+01	4.3410994871926711e-01
8.4700003450427118e+01	4.2566381048178270e-01
8.4800005026498908e+01	4.4518042724950135e-01
8.4900005584399949e+01	4.6897695294725567e-01
8.5000009313565627e+01	4.5922023358481917e-01
8.5100014835708791e+01	4.3043078534267110e-01
8.5200019675838348e+01	4.6189050840092694e-01
8.5300000508222951e+01	4.7941469982629464e-01
8.5400004124044614e+01	4.8574027379358176e-01
8.5500004670032695e+01	4.7165714990033025e-01
8.5600009942650317e+01	4.3371404109815997e-01
8.5700016371887997e+01	4.4621209724400812e-01
8.5800024560196988e+01	4.6892280642496476e-01
8.5900007490987690e+01	4.8300035500044364e-01
8.6000014707205025e+01	4.5778697014424669e-01
8.6100021756289379e+01	4.4828145132789310e-01
8.6200004526372325e+01	4.4554973169941048e-01
8.6300010139660827e+01	4.6274962226983013e-01
8.6400019259611767e+01	4.7440106509015012e-01
8.6500024754730319e+01	4.5769764672154450e-01
8.6600004784443001e+01	4.6156530853718258e-01
8.6700012811555368e+01	4.5959349225822049e-01
8.6800019684303649e+01	4.7853419208205000e-01
8.6900002264541016e+01	4.8432696541190606e-01
8.7000010056835180e+01	4.6750470031134189e-01
8.7100017924560333e+01	4.6982006236547336e-01
8.7200023629406147e+01	5.0067468925974257e-01
8.7300003906567966e+01	5.0938058499931538e-01
8.7400009802361623e+01	4.7906360937623194e-01
8.7500012887224258e+01	5.0980781780191653e-01
8.7600015062220152e+01	5.1195076160854980e-01
8.7700017397174634e+01	4.8035427702846534e-01
8.7800017152778636e+01	5.1473711121871724e-01
8.7900016501470049e+01	4.7737299358472363e-01
8.8000016126852145e+01	5.0304589576244541e-01
8.8100018237643965e+01	4.7684564264644314e-01
8.8200020395150403e+01	4.7401653436939212e-01
8.8300024753856420e+01	4.6272217717851671e-01
8.8400005982539483e+01	4.5057644211738496e-01
8.8500014045553613e+01	4.3889092736506202e-01
8.8600021005162631e+01	4.6054436127113202e-01
8.8700000418861094e+01	4.6793026306628815e-01
8.8800003182748014e+01	4.6613483937653222e-01
8.8900004506581823e+01	4.9155041285514489e-01
8.9000005806270224e+01	4.6224458971595983e-01
8.9100007095851552e+01	4.9294296714747821e-01
8.9200009471766961e+01	4.8421069676404965e-01
8.9300013011384891e+01	4.7289023620709780e-01
8.9400016056112761e+01	4.9103963275849827e-01
8.9500021774300677e+01	4.4400341125024223e-01
8.9600004274390542e+01	4.7849932970070302e-01
8.9700010416556154e+01	4.2361398159671820e-01
8.9800017318375396e+01	4.5603548772734770e-01
8.9900022971280222e+01	4.4498056561052485e-01
9.0000001579792425e+01	4.5539164781246289e-01
9.0100003397858686e+01	4.5286073726836745e-01
9.0200003716177321e+01	4.3997918313103240e-01
9.0300005892714651e+01	4.3685728285799874e-01
9.0400010060633406e+01	4.2888859465164891e-01
9.0500015441756730e+01	4.3942756604234279e-01
9.0600020977339341e+01	4.6078868495320763e-01
9.0700000087759847e+01	4.6858393705606638e-01
9.0800003053606517e+01	4.5563416665918471e-01
9.0900004920316618e+01	4.3597390136442715e-01
9.1000007661890209e+01	4.3239657597531000e-01
9.1100010267933612e+01	4.5211337959150427e-01
9.1200013275058836e+01	4.6304299552906258e-01
9.1300016975010507e+01	4.5286353487576947e-01
9.1400018150979321e+01	4.3856119738878885e-01
9.1500019379459147e+01	4.4562109614961715e-01
9.1600023740776223e+01	4.4144528997600485e-01
9.1700006759428987e+01	4.4016562355429573e-01
9.1800013516884690e+01	4.3173951885462764e-01
9.1900018404507534e+01	4.4488333573514116e-01
9.2000023186940680e+01	4.4754887525177817e-01
9.2100004538284452e+01	4.4946129982128818e-01
9.2200009537378463e+01	4.3929342051407344e-01
9.2300013631922383e+01	4.3631484587997105e-01
9.2400018817226808e+01	4.5780491179210453e-01
9.2500023162939442e+01	4.6587359634216485e-01
9.2600002787499548e+01	4.5776870049688667e-01
9.2700006042498757e+01	4.6365195957937627e-01
9.2800009817298317e+01	4.5965186092326571e-01
9.2900013156041268e+01	4.6722097508703153e-01
9.3000016470307500e+01	4.5984218168026869e-01
9.3100019147130610e+01	4.3997994197228707e-01
9.3200022552280942e+01	4.3235152580517350e-01
9.3300001939825023e+01	4.2379823685644535e-01
9.3400004474570778e+01	4.2626138955758358e-01
9.3500004883842820e+01	4.3161887845769731e-01
9.3600007202444601e+01	4.4566269435464023e-01
9.3700014417681672e+01	4.5149599935167395e-01
9.3800023348090804e+01	4.4533317267458072e-01
9.3900008785568133e+01	4.3975065603407326e-01
9.4000019119825410e+01	4.4423300538090787e-01
9.4100005403220351e+01	4.4770637442480432e-01
9.4200014424902477e+01	4.5743731250087982e-01
9.4300021848464283e+01	4.4037426682264008e-01
9.4400002766490985e+01	4.3232399243972502e-01
9.4500008045032970e+01	4.3753653882585480e-01
9.4600011007200521e+01	4.5317066990800337e-01
9.4700018133639460e+01	4.3747567147782945e-01
9.4800000538249904e+01	4.3869488105810667e-01
9.4900008663673631e+01	4.3680670617398604e-01
9.5000015146611631e+01	4.4559307276345911e-01
9.5100022281988217e+01	4.5558442564698620e-01
9.5200005157917161e+01	4.4076044619421878e-01
9.5300010355593670e+01	4.4181826908828414e-01
9.5400014999085613e+01	4.4676723575710336e-01
9.5500019353908542e+01	4.5126089318710916e-01
9.5600023020499776e+01	4.3945969969274679e-01
9.5700002699206806e+01	4.5064268036632343e-01
9.5800007581039779e+01	4.6476992042355203e-01
9.5900013963541483e+01	4.5499615413727645e-01
9.6000020151165231e+01	4.3562761076327167e-01
9.6100001117625823e+01	4.6206821264634096e-01
9.6200023984958818e+01	4.7673740337106807e-01
9.6300020888787330e+01	4.6828528385701951e-01
9.6400019674587725e+01	4.3876229568904584e-01
9.6500019556558087e+01	4.4836576454356203e-01
9.6600018186915463e+01	4.4297514776210795e-01
9.6700016079721507e+01	4.4013593552804225e-01
9.6800016036390261e+01	4.3576079744469309e-01
9.6900017097252658e+01	4.5638565562938127e-01
9.7000018142887271e+01	4.4723063856075362e-01
9.7100019730746567e+01	4.3806287589590270e-01
9.7200022425997872e+01	4.4284820062025027e-01
9.7300001501672071e+01	4.3356178370476967e-01
9.7400006178106864e+01	4.3785724519565605e-01
9.7500011304233880e+01	4.4640613868862650e-01
9.7600017215051238e+01	4.5519652207576677e-01
9.7700000389778282e+01	4.5894687704620379e-01
9.7800008561124429e+01	4.5542458151951076e-01
9.7900015598364845e+01	4.3899560483359967e-01
9.8000017692488967e+01	4.4082003157147304e-01
9.8100018916541558e+01	4.3927492856083938e-01
9.8200022275660245e+01	4.3799868676206449e-01
9.8300002528300197e+01	4.4687710570404204e-01
9.8400009230291801e+01	4.2819759423662440e-01
9.8500015865187407e+01	4.3420818470184946e-01
9.8600018937447885e+01	4.3997589251161806e-01
9.8700018040093568e+01	4.5943632228365072e-01
9.8800014742232932e+01	4.4788547559719794e-01
9.8900011382669760e+01	4.1393654546668318e-01
9.9000009424532649e+01	4.2750591102022750e-01
9.9100008610555619e+01	4.5701282780716451e-01
9.9200010306992638e+01	4.6198743685243676e-01
9.9300015821941770e+01	4.3427849465229212e-01
9.9400021189544859e+01	4.2537086108150718e-01
9.9500002209722012e+01	4.3009359432052119e-01
9.9600006943270799e+01	4.5837524508480071e-01
9.9700010214256196e+01	4.5826198189633682e-01
9.9800011583047990e+01	4.3824472952904731e-01
9.9900014015644018e+01	4.2891367071267456e-01
1.0000001685860002e+02	4.3602319255539884e-01
1.0010001616831929e+02	4.4423364181128194e-01
1.0020001523913078e+02	4.5285749843125245e-01
1.0030001357736246e+02	4.4948773690431187e-01
1.0040001139571196e+02	4.4250030435646198e-01
1.0050000938036797e+02	4.3841541410827500e-01
1.0060000683547422e+02	4.2924648771470536e-01
1.0070000438398546e+02	4.3767622307993964e-01
1.0080000247814101e+02	4.3306158505178388e-01
1.0090000115657669e+02	4.3910667552544386e-01
1.0100000143910033e+02	4.3618750993483169e-01
1.0110000178661727e+02	4.3649981269479715e-01
1.0120000265499948e+02	4.3109059517333848e-01
1.0130000528603294e+02	4.4133690825501543e-01
1.0140000933312476e+02	4.3640917275112157e-01
1.0150001271301338e+02	4.5134266832879755e-01
1.0160001649696238e+02	4.4179546870416969e-01
1.0170002255030651e+02	4.3806843531282708e-01
1.0180000504002436e+02	4.5355553587431258e-01
1.0190000904888898e+02	4.5418520281866581e-01
1.0200001290471261e+02	4.4066903392970441e-01
1.0210001839473655e+02	4.4445617084332140e-01
1.0220002268558932e+02	4.5809761135959060e-01
1.0230000265006340e+02	4.6049298035766584e-01
1.0240000661367743e+02	4.8726686525110652e-01
1.0250001109381979e+02	4.8466519045058221e-01
1.0260001883291579e+02	4.6441624261153897e-01
1.0270000174185490e+02	4.3329898802397299e-01
1.0280000863354302e+02	4.7977793524914619e-01
1.0290001463166077e+02	5.0628929981861059e-01
1.0300001998252718e+02	4.9175498572593956e-01
1.0310002309459679e+02	4.4576037226687154e-01
1.0320000233809394e+02	4.6381249203612512e-01
1.0330000799971620e+02	4.8234537070684214e-01
1.0340001559050970e+02	4.8739456296539524e-01
1.0350002402052257e+02	4.4846665759847426e-01
1.0360000791357041e+02	4.4360421865811711e-01
1.0370001672633994e+02	4.5275790901876939e-01
1.0380000022013012e+02	4.6998950986495708e-01
1.0390000718964399e+02	4.5549342953215272e-01
1.0400001524550343e+02	4.3124227393212172e-01
1.0410002330489719e+02	4.4927619093256815e-01
1.0420000183566889e+02	4.5132298313560054e-01
1.0430000743941365e+02	4.8043959383173768e-01
1.0440001063574360e+02	4.7965572309950683e-01
1.0450001005133531e+02	4.5548655524273879e-01
1.0460001323868906e+02	4.4001371836158665e-01
1.0470001945994217e+02	4.4458435117129719e-01
1.0480002252269257e+02	4.5962577357218937e-01
1.0490000045460908e+02	4.7514451558918708e-01
1.0500000523462202e+02	4.7618944145881320e-01
1.0510001038412786e+02	4.6438336100904204e-01
1.0520001969328996e+02	4.4509932330895302e-01
1.0530000176653176e+02	4.3666388675013490e-01
1.0540000813594806e+02	4.3996789348919940e-01
1.0550001143151171e+02	4.2879897309211279e-01
1.0560001231660061e+02	4.4647620583433806e-01
1.0570001265569083e+02	4.4668066620403057e-01
1.0580001384158736e+02	4.4556097288225988e-01
1.0590001889625013e+02	4.5815342633173073e-01
1.0600000280827149e+02	4.4817722462862269e-01
1.0610001148837664e+02	4.4394488617270805e-01
1.0620001954800826e+02	4.4347419629825940e-01
1.0630000295101517e+02	4.3910121546248815e-01
1.0640001048561868e+02	4.3846216443278907e-01
1.0650001585518955e+02	4.3681886268313908e-01
1.0660001872882350e+02	4.3458946552002986e-01
1.0670002205210641e+02	4.3200513943505142e-01
1.0680000293854177e+02	4.3107121020688788e-01
1.0690000852685088e+02	4.3176915118875109e-01
1.0700001119487411e+02	4.3983141498590173e-01
1.0710001180632716e+02	4.4124191530600171e-01
1.0720001329664753e+02	4.4347078058159328e-01
1.0730001621241162e+02	4.3878302651959245e-01
1.0740002207990996e+02	4.4255497320840920e-01
1.0750000081761137e+02	4.3658819364883161e-01
1.0760000691518469e+02	4.2413112060436764e-01
1.0770001577507479e+02	4.2762883376782351e-01
1.0780002342699780e+02	4.3523496604342621e-01
1.0790000460646729e+02	4.4550709326898136e-01
1.0800000992180252e+02	4.5596637087768738e-01
1.0810001705467459e+02	4.6021719734625355e-01
1.0820002390012732e+02	4.5715067665661041e-01
1.0830000574032263e+02	4.4998252942547068e-01
1.0840001337711178e+02	4.4323105025679038e-01
1.0850002145245527e+02	4.3842022210965703e-01
1.0860000336303740e+02	4.4338634239700148e-01
1.0870000963889784e+02	4.4383344181390910e-01
1.0880001628114897e+02	4.3778655429768393e-01
1.0890002258585012e+02	4.4867635237385672e-01
1.0900000399061776e+02	4.5033690758187939e-01
1.0910001001289115e+02	4.3964943560910419e-01
1.0920001476790586e+02	4.3449815107323553e-01
1.0930002069751619e+02	4.3319779746108183e-01
1.0940002344195700e+02	4.4641703776516056e-01
1.0950000218694051e+02	4.4990522001937555e-01
1.0960000604946325e+02	4.4426506205433219e-01
1.0970000963451223e+02	4.4460912680710374e-01
1.0980001227716797e+02	4.4246510842386583e-01
1.0990001401135501e+02	4.5696380300312955e-01
1.1000001545483987e+02	4.5928125198519398e-01
1.1010001572113195e+02	4.4889532973375612e-01
1.1020001521340899e+02	4.5204559930952098e-01
1.1030001593273383e+02	4.6866984737464135e-01
1.1040001818786054e+02	4.7771677710752508e-01
1.1050002037384328e+02	4.7720376848636586e-01
1.1060002456405124e+02	4.6489452545680182e-01
1.1070000550977188e+02	4.4211440456636270e-01
1.1080001303371820e+02	4.6936656503223789e-01
1.1090002187930975e+02	4.6916004046498017e-01
1.1100000649350011e+02	4.5645478155241620e-01
1.1110001575801547e+02	4.6323706319509605e-01
1.1120000120873397e+02	4.7012277865349167e-01
1.1130001052529072e+02	4.7924892885952536e-01
1.1140001958542089e+02	4.7932944366241931e-01
1.1150000208461496e+02	4.6051136352439692e-01
1.1160000883146627e+02	4.6717836658638395e-01
1.1170001561734402e+02	4.5712005830237884e-01
1.1180002253097204e+02	4.4923572534531847e-01
1.1190000112055247e+02	4.7021100629874524e-01
1.1200000439411437e+02	4.6044056154274521e-01
1.1210000872831327e+02	4.4868868407352552e-01
1.1220001248917100e+02	4.4063366327454140e-01
1.1230001813595590e+02	4.3561403182320596e-01
1.1240002481026518e+02	4.5180030838530172e-01
1.1250000641213853e+02	4.5746216118087446e-01
1.1260001388354705e+02	4.4674630244842067e-01
1.1270002181687072e+02	4.4738141544463311e-01
1.1280000288794461e+02	4.5379473789640468e-01
1.1290000608706387e+02	4.5070147812724859e-01
1.1300000881036274e+02	4.6667407226198981e-01
1.1310001259038452e+02	4.9171048385643140e-01
1.1320002049698161e+02	4.9113988935460690e-01
1.1330000110632723e+02	4.6360934769413037e-01
1.1340002137548900e+02	4.3099737199843136e-01
1.1350001630305741e+02	4.6211697355478348e-01
1.1360000920599715e+02	4.6489324081969657e-01
1.1370000021305273e+02	4.4874597410738332e-01
1.1380001472697342e+02	4.4966797541085873e-01
1.1390000447184619e+02	4.5292301012339908e-01
1.1400002044711405e+02	4.5505761503682013e-01
1.1410001322955345e+02	4.9197586853551634e-01
1.1420000947023979e+02	4.8459746841373086e-01
1.1430000994008273e+02	4.3375117919720374e-01
1.1440000923560383e+02	4.2752900928356924e-01
1.1450000644395688e+02	4.4283522078155518e-01
1.1460000486922380e+02	4.4733829178132489e-01
1.1470000661671125e+02	4.6296251810531552e-01
1.1480000878333398e+02	4.3661706066913697e-01
1.1490000961673465e+02	4.4733271761154042e-01
1.1500001207687089e+02	4.7651392811744553e-01
1.1510001618824536e+02	4.5861562638922176e-01
1.1520001785284867e+02	4.4794596412421983e-01
1.1530002018162850e+02	4.4481427061929529e-01
1.1540002249049310e+02	4.8634133975125038e-01
1.1550000188653499e+02	4.8506653799971955e-01
1.1560000855236565e+02	4.4118205532510479e-01
1.1570001458254006e+02	4.4927654998017974e-01
1.1580002115354918e+02	4.4803166050236326e-01
1.1590000359422989e+02	4.6580638675964153e-01
1.1600001043611033e+02	4.6724645559952194e-01
1.1610001597345607e+02	4.5576551355568123e-01
1.1620001818709152e+02	4.6679457198395979e-01
1.1630001696866154e+02	4.9744111796142360e-01
1.1640001479425793e+02	4.7203254267117134e-01
1.1650001024115303e+02	4.3532552668014945e-01
1.1660000653733276e+02	4.3973657814817446e-01
1.1670000859107313e+02	4.6181078148705706e-01
1.1680001526579349e+02	4.7463163445096795e-01
1.1690002007581589e+02	4.6821459830596063e-01
1.1700002030085467e+02	4.4468582480565078e-01
1.1710001690916178e+02	4.6299076953677509e-01
1.1720001311980357e+02	4.6299219509090578e-01
1.1730000995962263e+02	4.6455720322069605e-01
1.1740000786129430e+02	4.7318448601488550e-01
1.1750000635095657e+02	4.6805622290831056e-01
1.1760000418394328e+02	4.5104277631155959e-01
1.1770000766993341e+02	4.4755726410096164e-01
1.1780001200300627e+02	4.5432007496358545e-01
1.1790001688560064e+02	4.7275088249261060e-01
1.1800002134262688e+02	4.7970244506330800e-01
1.1810002348815071e+02	4.6617862710943953e-01
1.1820000056848106e+02	4.3344529953063454e-01
1.1830000688339524e+02	4.4026081999941558e-01
1.1840001291021468e+02	4.4825195525785827e-01
1.1850001512915880e+02	4.4508416752479729e-01
1.1860001855931580e+02	4.5768038208162587e-01
1.1870000046086463e+02	4.4801181829098763e-01
1.1880000528441511e+02	4.4814078515629940e-01
1.1890000886219173e+02	4.4012160406063988e-01
1.1900001152832056e+02	4.4577730961370376e-01
1.1910001324610758e+02	4.7068834036528245e-01
1.1920001502569862e+02	4.6160984727634718e-01
1.1930001766131501e+02	4.3382434241536133e-01
1.1940001802741966e+02	4.3943168351315248e-01
1.1950001905768421e+02	4.3977730235342621e-01
1.1960001795121633e+02	4.3449192410661314e-01
1.1970002425055573e+02	4.3579719775382170e-01
1.1980000313807916e+02	4.3705507917839009e-01
1.1990000422333350e+02	4.4486483711509550e-01
1.2000000384352387e+02	4.4560975687095655e-01
1.2010000397706081e+02	4.6826974948055827e-01
1.2020001004881033e+02	4.6828612227512145e-01
1.2030001820746928e+02	4.5023885953972526e-01
1.2040002304192258e+02	4.5237096167373864e-01
1.2050002108504290e+02	4.3864128216443765e-01
1.2060000096616780e+02	4.3385632350964692e-01
1.2070000356696151e+02	4.4541216313081339e-01
1.2080000550294831e+02	4.6242067441801826e-01
1.2090000735210371e+02	4.4564241816395395e-01
1.2100000656276519e+02	4.4070010033058310e-01
1.2110000460887032e+02	4.4906166083239030e-01
1.2120000259449185e+02	4.6973073068842935e-01
1.2130000013556376e+02	4.5961294404249153e-01
1.2140002415829206e+02	4.6083447096562308e-01
1.2150000288778963e+02	4.6518676134580506e-01
1.2160000482027758e+02	4.7356199216436384e-01
1.2170000384925962e+02	4.6388976190538483e-01
1.2180000268155209e+02	4.6495299326725176e-01
1.2190000040675888e+02	4.5657417128730415e-01
1.2200002220325051e+02	4.7293616272171735e-01
1.2210001926660610e+02	4.5466584491943429e-01
1.2220001814088488e+02	4.6694379158329419e-01
1.2230002194466995e+02	4.4896469123582178e-01
1.2240002329741772e+02	4.5683355384866003e-01
1.2250000083853951e+02	4.6542858677430776e-01
1.2260000651916512e+02	4.7294537870354569e-01
1.2270001369129025e+02	4.6038070105270057e-01
1.2280002086199735e+02	4.4437655718161739e-01
1.2290000051439786e+02	4.4202945089850298e-01
1.2300000367281825e+02	4.4075326173358503e-01
1.2310000412490260e+02	4.3510210185199261e-01
1.2320000288528971e+02	4.2513862050725482e-01
1.2330000221606475e+02	4.4144318337161809e-01
1.2340000213954586e+02	4.4228940612137518e-01
1.2350000170384152e+02	4.3887701291781089e-01
1.2360000357117869e+02	4.4336940180814721e-01
1.2370000462687615e+02	4.4541719781432187e-01
1.2380000682720562e+02	4.4298723981620286e-01
1.2390000923671833e+02	4.3747062356087152e-01
1.2400001150717002e+02	4.2940508988331427e-01
1.2410001462852213e+02	4.3798221669216880e-01
1.2420001760807941e+02	4.4730368065014731e-01
1.2430002192668307e+02	4.4714497254360791e-01
1.2440000385880371e+02	4.3607845095252362e-01
1.2450000999645914e+02	4.4129165666709075e-01
1.2460001810534327e+02	4.4093697436180052e-01
1.2470000159400325e+02	4.2797479678525086e-01
1.2480000917745659e+02	4.3595700209703531e-01
1.2490001457282210e+02	4.3201503534686431e-01
1.2500001876611982e+02	4.3291668716005555e-01
1.2510002331771123e+02	4.4285618567971990e-01
1.2520000191725738e+02	4.4813109210864910e-01
1.2530000352379480e+02	4.3525588866505666e-01
1.2540000351501315e+02	4.2804441002874721e-01
1.2550000197541208e+02	4.4213332458336929e-01
1.2560002459714373e+02	4.5504782621949930e-01
1.2570002093716693e+02	4.4494428953048903e-01
1.2580001934791073e+02	4.4282705217728169e-01
1.2590002098069031e+02	4.3613049075935800e-01
1.2600002367851570e+02	4.3359972515900969e-01
1.2610000244471924e+02	4.3452624858034911e-01
1.2620000611801919e+02	4.3297577744721655e-01
1.2630000879304855e+02	4.5273656125948597e-01
1.2640000443039915e+02	4.2915544177373866e-01
1.2650000391377402e+02	4.3602359684871933e-01
1.2660000587553515e+02	4.3527851650278604e-01
1.2670000313264416e+02	4.3408609898425288e-01
1.2680002081316957e+02	4.2728177109750970e-01
1.2690001508265550e+02	4.3388929259381509e-01
1.2700001514698707e+02	4.4960740611490435e-01
1.2710001668054343e+02	4.4911927595526557e-01
1.2720001738262884e+02	4.3122951692742612e-01
1.2730001706590863e+02	4.3118095878128182e-01
1.2740001590819708e+02	4.4181844412806798e-01
1.2750001575330610e+02	4.4580251142994853e-01
1.2760001672729305e+02	4.3339050672429308e-01
1.2770001896876418e+02	4.4560930588943715e-01
1.2780002357195113e+02	4.3738709433832107e-01
1.2790000253271342e+02	4.6535481630282288e-01
1.2800000826054782e+02	4.5796063839513379e-01
1.2810001411509748e+02	4.3100550305221275e-01
1.2820002037318193e+02	4.3946650418077138e-01
1.2830002314428259e+02	4.3292678621765956e-01
1.2840000168730083e+02	4.3589638430272559e-01
1.2850000704320809e+02	4.6399485294394893e-01
1.2860001236134150e+02	4.6402395405490049e-01
1.2870001547496446e+02	4.5884811855164104e-01
1.2880001833938732e+02	4.6057634442037459e-01
1.2890002093821954e+02	4.4533640863672969e-01
1.2900002433187450e+02	4.3506460810431685e-01
1.2910000122843212e+02	4.3506512798616193e-01
1.2920000201431856e+02	4.7285612644959996e-01
1.2930000255136716e+02	4.7658081097803395e-01
1.2940000300539438e+02	4.8915535882985522e-01
1.2950000194316470e+02	4.6036083468463174e-01
1.2960002460801726e+02	4.3796753098012681e-01
1.2970002311227057e+02	4.5373430912761253e-01
1.2980002054332166e+02	4.6756429561758117e-01
1.2990001521448235e+02	4.5239248014353711e-01
1.3000000755546810e+02	4.3446056830318069e-01
1.3010002191186618e+02	4.4978326982509048e-01
1.3020001464921643e+02	4.7561664949484617e-01
1.3030001454719738e+02	4.8778484054757926e-01
1.3040001492114581e+02	4.9341568023635024e-01
1.3050001515162504e+02	4.7564085172275744e-01
1.3060001765532081e+02	4.7489845963898031e-01
1.3070002041911229e+02	4.3175106270642305e-01
1.3080002172498371e+02	4.7712461788253036e-01
1.3090002006794808e+02	5.0844871457927976e-01
1.3100001523987450e+02	4.7966140707364119e-01
1.3110001153956497e+02	4.5601130095750658e-01
1.3120000909086579e+02	4.3719135161563294e-01
1.3130000597899257e+02	4.6440871330257538e-01
1.3140000392450500e+02	4.7130802620683593e-01
1.3150000330642024e+02	4.5020104408114919e-01
1.3160000190228592e+02	4.9243002886423665e-01
1.3170000169331979e+02	4.6533310814571294e-01
1.3180002440861165e+02	4.5772006080031458e-01
1.3190001998954222e+02	4.7620434850773585e-01
1.3200001617393548e+02	5.0719472109270047e-01
1.3210001172327020e+02	5.1159299193226504e-01
1.3220000694895640e+02	4.4542742700177190e-01
1.3230000023140335e+02	4.4388509008846527e-01
1.3240002050784534e+02	4.8809171732244672e-01
1.3250002000935933e+02	5.2951232947742122e-01
1.3260002181242589e+02	4.8647806408635674e-01
1.3270000337106276e+02	4.5721340317781367e-01
1.3280000991975362e+02	4.4893051989716154e-01
1.3290001670306745e+02	4.9661927991489263e-01
1.3300002219921817e+02	5.2846946068908085e-01
1.3310000242321362e+02	5.0332780485387407e-01
1.3320001097940130e+02	4.7022578349999117e-01
1.3330002035477949e+02	4.6159238097993527e-01
1.3340000339188120e+02	4.3700964707236550e-01
1.3350001054243262e+02	4.7138946975996754e-01
1.3360001842383824e+02	4.7826165845617702e-01
1.3370000188166765e+02	4.5324502028154928e-01
1.3380001012971724e+02	4.6804917869345758e-01
1.3390001825856768e+02	5.1140894494098466e-01
1.3400000158477096e+02	5.2597323050043787e-01
1.3410000879247738e+02	5.0537076982763773e-01
1.3420001456241980e+02	4.5801491498654789e-01
1.3430001919478099e+02	4.8225248517282165e-01
1.3440000008345152e+02	5.2109430484398334e-01
1.3450000664471207e+02	5.1223737543316372e-01
1.3460001461786223e+02	4.6293052829018011e-01
1.3470002227813464e+02	4.8232521026014952e-01
1.3480000513924517e+02	5.1223211420593229e-01
1.3490001272556853e+02	4.6982783406201356e-01
1.3500001880760394e+02	4.6543410807519675e-01
1.3510000103104474e+02	4.6924212067008036e-01
1.3520000763421362e+02	4.5835596444398158e-01
1.3530001362204618e+02	4.4638408287899506e-01
1.3540001790827344e+02	4.3793006012942853e-01
1.3550002260990027e+02	5.0838009161263298e-01
1.3560000263355576e+02	4.7934147658407406e-01
1.3570000699566646e+02	4.8392330467255879e-01
1.3580001192937837e+02	4.7450499390055062e-01
1.3590001522750069e+02	4.4063599534926196e-01
1.3600001645797258e+02	4.3610942933745034e-01
1.3610001499797292e+02	4.9140710302071056e-01
1.3620000693089361e+02	4.5565916501155557e-01
1.3630002360403006e+02	4.7331591512953286e-01
1.3640001920568321e+02	4.8061099494503612e-01
1.3650001951934320e+02	4.4790297062610301e-01
1.3660002269086522e+02	4.4601102295371969e-01
1.3670000260610340e+02	4.7758092461035156e-01
1.3680000525671167e+02	4.4505862476357028e-01
1.3690000802295290e+02	4.6874102389099659e-01
1.3700001043849267e+02	4.7630611397012662e-01
1.3710001419410494e+02	4.4344096813940265e-01
1.3720001891766330e+02	4.2984951171609248e-01
1.3730002344575348e+02	4.4195845998285144e-01
1.3740000302886628e+02	4.3331535186814785e-01
1.3750000864361701e+02	4.4315965191539158e-01
1.3760001377201726e+02	4.4915529018564437e-01
1.3770001515148155e+02	4.3740348172046301e-01
1.3780001472566937e+02	4.3037998305432834e-01
1.3790001236414400e+02	4.4589115535174090e-01
1.3800001322493927e+02	4.6228243121858503e-01
1.3810001646705413e+02	4.4130280135409561e-01
1.3820001910434553e+02	4.4142641667546739e-01
1.3830002054182881e+02	4.4559074751376326e-01
1.3840001991743239e+02	4.5003460398886713e-01
1.3850002092650899e+02	4.4033796762768312e-01
1.3860001948068026e+02	4.3568089034636903e-01
1.3870002193512261e+02	4.2355335705122055e-01
1.3880000104019402e+02	4.2718713962047439e-01
1.3890000407319022e+02	4.2686356093323052e-01
1.3900000769358360e+02	4.4076343116148031e-01
1.3910001267047161e+02	4.5095015033463820e-01
1.3920001814866509e+02	4.5200878381185405e-01
1.3930002164149070e+02	4.4458536649566510e-01
1.3940002433262626e+02	4.3129947362445686e-01
1.3950000199653334e+02	4.3254442016033812e-01
1.3960000481598320e+02	4.2664590051342077e-01
1.3970000668405922e+02	4.2454140902434917e-01
1.3980000852881329e+02	4.3660988431486508e-01
1.3990000831126636e+02	4.3153410061080483e-01
1.4000000536712585e+02	4.4078868950044375e-01
1.4010000411036503e+02	4.4636914419940238e-01
1.4020000457292807e+02	4.4907252373605666e-01
1.4030000660926351e+02	4.4925893360130292e-01
1.4040001025633481e+02	4.4742890711184269e-01
1.4050001397819847e+02	4.4286720826283577e-01
1.4060001803463891e+02	4.3522447097130573e-01
1.4070002254472524e+02	4.2364617147452005e-01
1.4080000307419218e+02	4.3835329252928290e-01
1.4090000730395440e+02	4.5261959096641502e-01
1.4100001221840694e+02	4.3579819995698732e-01
1.4110001617134870e+02	4.4518748404707342e-01
1.4120002065322652e+02	4.2945853025818648e-01
1.4130000102479988e+02	4.5335918615751669e-01
1.4140000429604015e+02	4.4150680010203808e-01
1.4150000722220227e+02	4.3709495328611608e-01
1.4160001055726389e+02	4.3735595283174905e-01
1.4170001406292064e+02	4.3895701815617710e-01
1.4180001657441457e+02	4.3258573449557541e-01
1.4190001707200423e+02	4.2585740275113954e-01
1.4200001527376716e+02	4.3351577603694075e-01
1.4210001483720191e+02	4.3438212490952471e-01
1.4220001606850136e+02	4.2802820921784884e-01
1.4230001638559492e+02	4.4341217866443855e-01
1.4240001768210666e+02	4.3434253285794427e-01
1.4250001992725893e+02	4.3797485653624824e-01
1.4260002221006795e+02	4.4347602992459623e-01
1.4270002390253347e+02	4.3609730449252371e-01
1.4280000038971374e+02	4.3312074247149590e-01
1.4290002407045253e+02	4.3011282371943138e-01
1.4300002073980423e+02	4.3525724117176318e-01
1.4310001571086275e+02	4.3668559991380612e-01
1.4320001178903158e+02	4.3962365215455562e-01
1.4330001073727288e+02	4.4188423126101323e-01
1.4340000950015138e+02	4.2192896202904628e-01
1.4350000569789765e+02	4.2324778031447607e-01
1.4360000225440851e+02	4.3309784068344109e-01
1.4370000205341233e+02	4.4070714801832916e-01
1.4380002440770969e+02	4.3659660069049244e-01
1.4390002105846210e+02	4.4170836684482234e-01
1.4400001725356586e+02	4.3205719288384375e-01
1.4410001406137101e+02	4.3309846837689969e-01
1.4420001703505764e+02	4.4270239587047333e-01
1.4430001545423951e+02	4.3184941269406429e-01
1.4440001836763614e+02	4.3289926615499486e-01
1.4450002147459341e+02	4.3457838248049907e-01
1.4460002380962425e+02	4.3468408173538131e-01
1.4470002358541157e+02	4.4447281333130090e-01
1.4480002220312358e+02	4.4449575551590959e-01
1.4490002148899197e+02	4.3988022586272113e-01
1.4500002040291966e+02	4.2461224414204812e-01
1.4510001940632569e+02	4.2460582947773867e-01
1.4520001847487544e+02	4.3945777427430655e-01
1.4530001723651478e+02	4.4512678114614052e-01
1.4540001649761965e+02	4.3919158818563753e-01
1.4550001735373820e+02	4.2663806251552516e-01
1.4560002031324132e+02	4.3161346411218515e-01
1.4570000195128674e+02	4.5490840750705441e-01
1.4580001028921862e+02	4.4251373079124501e-01
1.4590001841444325e+02	4.4168166684271543e-01
1.4600000069806765e+02	4.3319429107090279e-01
1.4610000827026198e+02	4.2226573157522757e-01
1.4620001679773407e+02	4.2800644848136477e-01
1.4630000162664876e+02	4.3601129673986821e-01
1.4640001115068745e+02	4.3853015416639896e-01
1.4650001989066152e+02	4.3689652426344772e-01
1.4660000252106448e+02	4.5167891488595546e-01
1.4670000989107899e+02	4.4817812068853330e-01
1.4680001552259674e+02	4.4079809753770094e-01
1.4690001980553058e+02	4.2850895256301652e-01
1.4700002461186580e+02	4.3607652556906562e-01
1.4710000789249278e+02	4.3808079876039696e-01
1.4720001506238728e+02	4.3356779088073194e-01
1.4730001740530636e+02	4.3167589095745168e-01
1.4740002042855721e+02	4.7047092055678574e-01
1.4750000327634297e+02	4.5028751682693058e-01
1.4760001206331967e+02	4.3530307010773939e-01
1.4770001875982791e+02	4.6549149325146150e-01
1.4780002425519277e+02	4.4137712085403685e-01
1.4790000382162842e+02	4.4283429902597904e-01
1.4800000964513214e+02	4.6465332234951107e-01
1.4810001483223445e+02	4.4273188211744785e-01
1.4820002021129403e+02	4.4311851068568664e-01
1.4830000045746831e+02	4.5268505276999554e-01
1.4840000362624062e+02	4.4307662832603051e-01
1.4850000192425637e+02	4.4079753833351609e-01
1.4860000051410839e+02	4.4563711914598875e-01
1.4870002451577199e+02	4.4903348995879422e-01
1.4880000090492803e+02	4.5084636312753279e-01
1.4890000212838942e+02	4.4682569572554087e-01
1.4900000501686813e+02	4.3420426450912841e-01
1.4910001110683288e+02	4.4397541773826954e-01
1.4920001678615870e+02	4.5224755075536255e-01
1.4930002217559357e+02	4.2240808189250895e-01
1.4940000281654659e+02	4.2512696402322331e-01
1.4950000259184426e+02	4.3572421715338522e-01
1.4960002437158806e+02	4.4820187414639912e-01
1.4970002251559444e+02	4.3007762568753527e-01
1.4980000217991716e+02	4.3666051809222989e-01
1.4990000722588422e+02	4.3428707558035107e-01
1.5000001026807587e+02	4.3698024999282759e-01
1.5010001338008439e+02	4.4629587705668033e-01
1.5020001585936521e+02	4.4528487517684895e-01
1.5030002187024601e+02	4.2987683124419723e-01
1.5040000319891831e+02	4.3710149655198799e-01
1.5050000778624488e+02	4.5036883574625886e-01
1.5060000724596148e+02	4.5495113800780507e-01
1.5070000587259622e+02	4.4678668797360338e-01
1.5080000618333804e+02	4.4161956422331111e-01
1.5090000815347565e+02	4.4533981001551942e-01
1.5100000813332005e+02	4.3445374095514550e-01
1.5110000376550579e+02	4.2032578649408509e-01
1.5120002342515045e+02	4.4115057283575437e-01
1.5130002000335824e+02	4.4478891736426318e-01
1.5140001679162717e+02	4.4099178457260046e-01
1.5150001540386282e+02	4.3029067214439687e-01
1.5160001649785076e+02	4.4410277822236766e-01
1.5170001875011729e+02	4.3784951200648281e-01
1.5180002258743448e+02	4.3379970763908271e-01
1.5190000237215173e+02	4.3892276989845763e-01
1.5200000317117460e+02	4.3940720927179744e-01
1.5210000093518798e+02	4.3474944297049012e-01
1.5220000388967262e+02	4.4013988909182022e-01
1.5230000980615674e+02	4.3104761522180240e-01
1.5240001734450038e+02	4.3832984764093347e-01
1.5250002238107510e+02	4.5282498011371047e-01
1.5260000455538653e+02	4.4431730684171439e-01
1.5270000908747846e+02	4.2606856040547941e-01
1.5280001366969194e+02	4.3438877320987573e-01
1.5290001713283513e+02	4.5053710762947452e-01
1.5300001527204645e+02	4.3032595618212377e-01
1.5310001187829423e+02	4.3852850122114911e-01
1.5320000956615789e+02	4.4497505455228953e-01
1.5330000855823965e+02	4.3983405439800238e-01
1.5340000751035652e+02	4.3783408939650947e-01
1.5350000905601513e+02	4.3571097293115552e-01
1.5360001389422516e+02	4.2354625887147351e-01
1.5370001644549927e+02	4.2664458261928317e-01
1.5380001949644711e+02	4.3311976007879299e-01
1.5390001905179372e+02	4.2730752798552946e-01
1.5400001921402108e+02	4.3404922963233089e-01
1.5410002098873605e+02	4.3835490058211940e-01
1.5420000310126599e+02	4.3169770634618010e-01
1.5430000727302186e+02	4.2600539177855740e-01
1.5440001042233101e+02	4.3745045741200578e-01
1.5450001542026703e+02	4.3837854651024888e-01
1.5460001855144975e+02	4.3716256964391254e-01
1.5470001868428895e+02	4.3652714968105472e-01
1.5480001889124847e+02	4.3092999423206307e-01
1.5490002287118608e+02	4.2874879879881417e-01
1.5500000382351902e+02	4.4683942667584559e-01
1.5510000929497514e+02	4.3991101480771660e-01
1.5520001533129229e+02	4.3702602358255349e-01
1.5530002274007569e+02	4.2579902275114967e-01
1.5540000448229381e+02	4.4087154066604484e-01
1.5550001107405146e+02	4.4119974058872435e-01
1.5560001868482411e+02	4.2709162096265396e-01
1.5570002379838303e+02	4.3247245968499959e-01
1.5580002458045709e+02	4.3441161532215217e-01
1.5590002472925582e+02	4.4512787034806700e-01
1.5600000076501061e+02	4.2675414886204832e-01
1.5610000314403845e+02	4.5450727124947182e-01
1.5620000784157139e+02	4.7299136992122837e-01
1.5630001319921112e+02	4.7762744792870943e-01
1.5640001870446935e+02	4.7012843205577726e-01
1.5650002184718900e+02	4.5028306662069134e-01
1.5660002362354487e+02	4.2634938928772148e-01
1.5670002299707133e+02	4.2613146138012886e-01
1.5680002106671978e+02	4.4403669452264216e-01
1.5690001801269585e+02	4.5381014049603652e-01
1.5700001563031361e+02	4.5359801922275034e-01
1.5710001479886134e+02	4.4243246709091066e-01
1.5720001541590722e+02	4.3042387197681498e-01
1.5730001575151320e+02	4.2743376222819873e-01
1.5740001657078020e+02	4.4047406195356520e-01
1.5750001758432509e+02	4.5142434603920234e-01
1.5760001793954055e+02	4.5694948713170758e-01
1.5770001739786755e+02	4.5765767827460246e-01
1.5780001691959316e+02	4.5543709904490404e-01
1.5790001359479504e+02	4.5102727595468872e-01
1.5800000973045823e+02	4.4554324048825633e-01
1.5810000909106495e+02	4.3933338328213445e-01
1.5820000946651308e+02	4.4781195674920804e-01
1.5830001038264976e+02	4.3368188726375168e-01
1.5840001182412121e+02	4.3473528463186017e-01
1.5850001418892316e+02	4.4542109877844166e-01
1.5860001722397706e+02	4.5959376033998073e-01
1.5870001954489845e+02	4.7041206900755200e-01
1.5880002141256259e+02	4.5959342671310738e-01
1.5890002206049917e+02	4.3842948898602552e-01
1.5900000069406002e+02	4.1914183201368527e-01
1.5910000461794826e+02	4.1662960313489661e-01
1.5920000914602937e+02	4.3908233127280061e-01
1.5930001211612679e+02	4.3533316559330193e-01
1.5940001442810401e+02	4.4317370257047367e-01
1.5950001342595795e+02	4.5502436275254321e-01
1.5960001528228310e+02	4.4713421382738855e-01
1.5970002248249585e+02	4.4554603688960076e-01
1.5980000643102375e+02	4.3099892203638335e-01
1.5990001405843728e+02	4.4162666233654085e-01
1.6000001806275588e+02	4.4752173757268709e-01
1.6010002119982141e+02	4.3954086098339956e-01
1.6020000175042742e+02	4.3276862266878918e-01
1.6030000314439656e+02	4.3546856279729268e-01
1.6040000437469803e+02	4.2484411875649014e-01
1.6050000786934081e+02	4.3870527901470374e-01
1.6060001422301093e+02	4.2437239147171080e-01
1.6070002120591079e+02	4.2245620186613819e-01
1.6080000415686320e+02	4.2462726313593036e-01
1.6090001204432292e+02	4.4956571577490856e-01
1.6100001839641109e+02	4.3667015441059343e-01
1.6110002249727196e+02	4.3803873660006909e-01
1.6120000265851118e+02	4.4687913814313385e-01
1.6130000817341184e+02	4.4756985317153247e-01
1.6140001346593039e+02	4.4695758205876285e-01
1.6150001985120400e+02	4.3333512749209291e-01
1.6160000380570682e+02	4.4332812534536575e-01
1.6170001374866220e+02	4.3981670435976489e-01
1.6180002324693751e+02	4.3045802196738447e-01
1.6190000666728068e+02	4.3419954838779190e-01
1.6200001445754449e+02	4.3621322273505880e-01
1.6210002005236683e+02	4.3128724317719114e-01
1.6220002362782660e+02	4.5951763814878244e-01
1.6230000313665809e+02	4.5696849402352668e-01
1.6240000766579419e+02	4.3528977029355742e-01
1.6250001216229145e+02	4.5000994724290111e-01
1.6260001644400202e+02	4.5503557867577787e-01
1.6270002010593709e+02	4.3942519953350845e-01
1.6280002375546019e+02	4.2157247227904293e-01
1.6290000251115296e+02	4.3673268357062428e-01
1.6300000598751021e+02	4.4311934802955433e-01
1.6310000817179525e+02	4.2598696699402283e-01
1.6320000908792463e+02	4.4930906422712502e-01
1.6330000884102355e+02	4.3905023466006876e-01
1.6340000406201386e+02	4.3680470261768412e-01
1.6350000012294507e+02	4.4346036552022122e-01
1.6360002272224708e+02	4.6317865970720357e-01
1.6370002310939736e+02	4.5413994531605129e-01
1.6380000133395285e+02	4.3907703050664038e-01
1.6390000407788852e+02	4.4001343911002455e-01
1.6400000513081349e+02	4.4398974631427168e-01
1.6410000810153795e+02	4.4476953408744591e-01
1.6420001035151273e+02	4.4009329077331955e-01
1.6430001382094963e+02	4.4709205640476418e-01
1.6440001972712173e+02	4.4645120457983101e-01
1.6450000026856708e+02	4.5082978046277744e-01
1.6460000358941778e+02	4.4210629024465758e-01
1.6470000868596830e+02	4.3651396866884640e-01
1.6480001427078525e+02	4.4475019622265644e-01
1.6490002095931047e+02	4.5434520070458034e-01
1.6500000273471338e+02	4.2960608084937951e-01
1.6510000699447485e+02	4.5491671274866075e-01
1.6520000753034839e+02	4.5864423111972880e-01
1.6530000560695785e+02	4.3833840110043043e-01
1.6540000976094200e+02	4.2588152176088345e-01
1.6550001574704314e+02	4.3541755627002982e-01
1.6560002055398246e+02	4.4588049920364414e-01
1.6570002352400240e+02	4.5341984950420428e-01
1.6580000136211339e+02	4.4438689268328768e-01
1.6590000498037824e+02	4.4439565089720462e-01
1.6600000893450354e+02	4.6397161692228917e-01
1.6610001372413237e+02	4.4618320405386142e-01
1.6620001813879645e+02	4.2773278433347472e-01
1.6630001966582896e+02	4.2772002790962321e-01
1.6640002213193492e+02	4.5890399441294888e-01
1.6650002395226105e+02	4.5363535408159927e-01
1.6660000169106669e+02	4.3105706248714126e-01
1.6670000081031816e+02	4.2624551881133016e-01
1.6680002345644215e+02	4.3205096815760047e-01
1.6690002339815803e+02	4.4009257768661686e-01
1.6700000159699624e+02	4.4252095232220184e-01
1.6710000580026707e+02	4.4801231291151966e-01
1.6720000754083847e+02	4.4794047386314617e-01
1.6730000852523600e+02	4.4899645769716123e-01
1.6740001184692559e+02	4.4179575701230200e-01
1.6750001534729262e+02	4.5240295158803590e-01
1.6760002242689453e+02	4.2634142657296764e-01
1.6770000437980218e+02	4.2691693863023844e-01
1.6780001012063141e+02	4.2823496253546439e-01
1.6790001510142574e+02	4.2856877462321502e-01
1.6800002198209728e+02	4.3488373947040970e-01
1.6810000442148529e+02	4.3336029376452812e-01
1.6820001255549866e+02	4.4021234096375034e-01
1.6830001997754783e+02	4.3303816083876862e-01
1.6840000108216100e+02	4.4109775578032429e-01
1.6850000714514445e+02	4.4930069022164865e-01
1.6860001305993956e+02	4.5053710926795987e-01
1.6870001842948747e+02	4.6367657602870810e-01
1.6880002430185493e+02	4.6105426096633606e-01
1.6890000733287670e+02	4.4608068108079002e-01
1.6900001614589536e+02	4.4695703535204634e-01
1.6910002329901894e+02	4.5500692517407537e-01
1.6920000295489174e+02	4.4368183153264934e-01
1.6930000573795829e+02	4.6661108534885348e-01
1.6940000898896577e+02	4.5210845253821413e-01
1.6950001135647645e+02	4.3078301497485605e-01
1.6960001326946758e+02	4.2335570912628423e-01
1.6970001630930284e+02	4.3449766894796010e-01
1.6980001596944456e+02	4.4771174800805053e-01
1.6990001360098827e+02	4.6599453332163826e-01
1.7000001197951195e+02	4.5219757230868068e-01
1.7010001083623345e+02	4.5590596142953177e-01
1.7020001132858610e+02	4.3131366042233482e-01
1.7030001453860174e+02	4.3431713909518860e-01
1.7040001640386302e+02	4.3990760059922834e-01
1.7050001882580293e+02	4.7588186500958413e-01
1.7060002320093062e+02	4.5271852236373583e-01
1.7070000277116259e+02	4.5407305915976609e-01
1.7080000842115291e+02	4.5342477230811090e-01
1.7090001273406074e+02	4.2548491319994924e-01
1.7100001527560394e+02	4.3830724283116490e-01
1.7110001223820441e+02	4.3339951969604784e-01
1.7120000799668111e+02	4.7039664568870798e-01
1.7130000866323800e+02	4.4711370643020087e-01
1.7140001504263688e+02	4.6385797379863669e-01
1.7150001682769394e+02	4.7467008269606409e-01
1.7160001384896822e+02	4.7469215260433645e-01
1.7170001897744200e+02	4.6544989862490854e-01
1.7180000216302696e+02	4.6240336786301728e-01
1.7190000963498960e+02	4.4293631318164067e-01
1.7200001631997480e+02	4.3288707935735715e-01
1.7210002358631070e+02	4.4453476576204215e-01
1.7220000319254507e+02	4.5247733803929591e-01
1.7230001042577069e+02	4.4695609992260882e-01
1.7240001519725385e+02	4.3030035645485726e-01
1.7250002016560680e+02	4.4278954201305953e-01
1.7260002428559454e+02	4.8505424678458875e-01
1.7270002386661409e+02	5.0303251982693853e-01
1.7280002291058381e+02	4.6870303941641239e-01
1.7290002169412836e+02	4.6295879243945787e-01
1.7300002021313443e+02	4.3824815676709672e-01
1.7310001888533120e+02	4.4901909826760572e-01
1.7320001653098905e+02	4.5580441745640116e-01
1.7330001893499710e+02	4.5039741345367534e-01
1.7340002328053021e+02	4.3729439838774692e-01
1.7350000111305781e+02	4.4146257696720936e-01
1.7360000124594356e+02	4.2749606411552171e-01
1.7370000077127736e+02	4.3137882648541731e-01
1.7380000144079548e+02	4.2459964313271698e-01
1.7390000232578166e+02	4.2462832207476664e-01
1.7400000469592177e+02	4.4383391897084096e-01
1.7410000833085397e+02	4.4169791750139159e-01
1.7420000801048496e+02	4.4759572972431366e-01
1.7430000638156503e+02	4.4427188509502280e-01
1.7440000915973164e+02	4.4043591693158984e-01
1.7450001375926863e+02	4.3757737354075138e-01
1.7460001910005491e+02	4.4761203101692698e-01
1.7470002426820250e+02	4.3546540722408483e-01
1.7480000500332164e+02	4.3133283118380644e-01
1.7490001093933469e+02	4.4712220467621877e-01
1.7500001683461051e+02	4.3454031440304330e-01
1.7510002326769018e+02	4.4031074111990925e-01
1.7520000505618461e+02	4.4177480709848271e-01
1.7530001091819292e+02	4.5299743942916360e-01
1.7540001491842014e+02	4.5032214178699248e-01
1.7550002189102381e+02	4.5668680984441212e-01
1.7560000403708855e+02	4.5093063948854667e-01
1.7570000996354969e+02	4.4086367158589751e-01
1.7580001537558260e+02	4.3378693485436820e-01
1.7590001809214084e+02	4.4573847137522887e-01
1.7600001717568671e+02	4.4522088245326730e-01
1.7610001554373360e+02	4.4641872851356373e-01
1.7620001178460367e+02	4.4536798731205796e-01
1.7630000577318742e+02	4.4548365114917693e-01
1.7640000461824357e+02	4.5497614034011735e-01
1.7650000038851329e+02	4.4197302120308929e-01
1.7660001962985021e+02	4.3923355366592293e-01
1.7670001822972785e+02	4.4432435127205167e-01
1.7680002077152375e+02	4.3833298681495819e-01
1.7690002413303023e+02	4.2890118647505376e-01
1.7700000290440357e+02	4.4297686423022103e-01
1.7710000782173330e+02	4.4168221760905929e-01
1.7720001000748579e+02	4.4222307940218342e-01
1.7730001024397305e+02	4.4427981042303849e-01
1.7740001201204245e+02	4.4440351227794195e-01
1.7750001489256582e+02	4.5161512112026536e-01
1.7760001797260028e+02	4.4262788954137516e-01
1.7770002289360829e+02	4.5297349134827497e-01
1.7780000383292040e+02	4.3144404582151985e-01
1.7790000991343632e+02	4.3894419903481863e-01
1.7800001483707180e+02	4.5219995894801945e-01
1.7810002119585593e+02	4.5075480077234714e-01
1.7820000102604567e+02	4.5004152812203113e-01
1.7830000497996355e+02	4.4738086969742569e-01
1.7840000964938207e+02	4.4995228732892018e-01
1.7850001570723478e+02	4.4958044259386282e-01
1.7860002253731560e+02	4.4491132230412156e-01
1.7870000398054097e+02	4.3970793123447000e-01
1.7880000843801398e+02	4.3965553121227946e-01
1.7890000988602927e+02	4.3774906515355300e-01
1.7900001392572992e+02	4.4410054907234903e-01
1.7910001821207183e+02	4.3501548953659563e-01
1.7920000000953144e+02	4.3545325897656478e-01
1.7930000668839480e+02	4.3483331952624388e-01
1.7940001287658930e+02	4.5544929353565033e-01
1.7950001882376327e+02	4.5407816229469761e-01
1.7960002463334646e+02	4.5078137374801486e-01
1.7970000447300529e+02	4.2444062699099899e-01
1.7980000428332116e+02	4.3141573057266863e-01
1.7990000149783893e+02	4.3743979374575670e-01
1.8000000149146081e+02	4.4410857199549159e-01
1.8010000323940235e+02	4.5705537642263611e-01
1.8020000450553908e+02	4.4243367131338079e-01
1.8030000846498322e+02	4.4140813655105554e-01
1.8040001423464082e+02	4.4387484787001452e-01
1.8050002106161131e+02	4.3542159849452067e-01
1.8060000157811058e+02	4.4067887699797526e-01
1.8070000763025564e+02	4.4763382686997377e-01
1.8080001265759640e+02	4.4410110656519186e-01
1.8090001540663420e+02	4.2812290325555730e-01
1.8100001932272676e+02	4.3688158792839971e-01
1.8110002428957520e+02	4.3759032715476409e-01
1.8120000506617649e+02	4.4571175202555363e-01
1.8130001347177614e+02	4.4812355883189087e-01
1.8140002140804168e+02	4.3246497085391772e-01
1.8150000294875318e+02	4.3049875772328394e-01
1.8160000948400577e+02	4.3809035792603013e-01
1.8170001517708675e+02	4.4721365641054195e-01
1.8180002302104575e+02	4.5161569077569452e-01
1.8190000035100186e+02	4.3583751751042749e-01
1.8200000139477004e+02	4.3680526577025064e-01
1.8210000395227081e+02	4.5078709244717180e-01
1.8220000662789448e+02	4.4694386302654909e-01
1.8230000758020680e+02	4.3691130470112155e-01
1.8240000822613865e+02	4.5720377409892649e-01
1.8250001069577593e+02	4.4733695505151122e-01
1.8260001422374066e+02	4.5234929938248974e-01
1.8270001437842754e+02	4.4152798607462507e-01
1.8280001174937243e+02	4.4439885667011292e-01
1.8290001219885926e+02	4.4151630004802644e-01
1.8300001205683944e+02	4.5999215250114445e-01
1.8310001429318643e+02	4.4821598077286368e-01
1.8320002114539025e+02	4.5549266803995414e-01
1.8330000319413858e+02	4.6356253459759261e-01
1.8340000946934828e+02	4.5153065112174207e-01
1.8350001600016708e+02	4.4448783385355606e-01
1.8360002336757850e+02	4.4294703176095096e-01
1.8370000618710310e+02	4.6645041529366332e-01
1.8380001276121129e+02	4.5168453640112044e-01
1.8390001643331684e+02	4.3457841619995013e-01
1.8400001282039946e+02	4.3648118695234273e-01
1.8410000576316853e+02	4.3972972732345583e-01
1.8420001968527924e+02	4.5188030315441990e-01
1.8430000851360592e+02	4.6023531725593508e-01
1.8440002188982672e+02	4.6587038437733441e-01
1.8450001889328522e+02	4.6751623677607085e-01
1.8460002123173808e+02	4.6531851601691065e-01
1.8470002418998644e+02	4.5774777882793172e-01
1.8480002252591370e+02	4.4420780191743409e-01
1.8490001616914529e+02	4.3103261088201639e-01
1.8500001261041237e+02	4.4592403393118391e-01
1.8510000652016686e+02	4.5112674721313017e-01
1.8520000591217013e+02	4.4282008136955697e-01
1.8530000743189635e+02	4.3796502889910310e-01
1.8540001156128093e+02	4.4420667621483001e-01
1.8550001474348437e+02	4.6761828397609173e-01
1.8560001990532129e+02	4.4924544175765263e-01
1.8570000196820573e+02	4.6265762781262681e-01
1.8580000532817709e+02	4.6413783106937662e-01
1.8590000931255406e+02	4.4680205921478144e-01
1.8600001164997175e+02	4.6877263527118201e-01
1.8610001552123762e+02	4.5490035829266723e-01
1.8620002044294407e+02	4.5617838320960580e-01
1.8630002462367193e+02	4.3122877453068953e-01
1.8640000148948366e+02	4.2705072548075035e-01
1.8650000129614057e+02	4.3713292943034698e-01
1.8660000390409436e+02	4.4366865069072670e-01
1.8670000938835119e+02	4.4895269602901605e-01
1.8680001627551036e+02	4.4514515719661563e-01
1.8690001985663267e+02	4.4808028354508272e-01
1.8700002366917457e+02	4.5302699855340522e-01
1.8710002380431149e+02	4.4608593614612840e-01
1.8720000320080027e+02	4.2839129137727766e-01
1.8730000655976477e+02	4.5665994667504700e-01
1.8740000447468805e+02	4.3500843945549611e-01
1.8750002439756551e+02	4.5055369175127830e-01
1.8760000135157190e+02	4.5649168943289720e-01
1.8770000607504272e+02	4.4546977516218283e-01
1.8780000721533452e+02	4.3334725857204937e-01
1.8790000267036612e+02	4.4789752611373274e-01
1.8800000240327122e+02	4.5143241459822692e-01
1.8810000732177070e+02	4.5321447553263655e-01
1.8820001150047662e+02	4.4209036264408336e-01
1.8830000939922928e+02	4.3480422476769487e-01
1.8840000658084244e+02	4.3539931177054209e-01
1.8850000721512617e+02	4.5350129134683509e-01
1.8860001412427408e+02	4.4172687373623309e-01
1.8870002053353508e+02	4.5652913430020531e-01
1.8880000053957579e+02	4.4964695051624226e-01
1.8890000538763499e+02	4.3840723299753570e-01
1.8900000902681126e+02	4.4998169849313224e-01
1.8910001402840962e+02	4.2157070807622971e-01
1.8920002046565349e+02	4.4163057691026147e-01
1.8930000269409655e+02	4.6087746448607320e-01
1.8940001085020680e+02	4.3100629614200914e-01
1.8950001904148891e+02	4.3165202319281637e-01
1.8960000102263058e+02	4.4180989855399233e-01
1.8970000825815751e+02	4.4844693662221469e-01
1.8980001603065421e+02	4.4198625800031571e-01
1.8990002310323882e+02	4.4097270092855329e-01
1.9000000394135714e+02	4.3492835287516896e-01
1.9010000912324546e+02	4.4513359453287055e-01
1.9020001146821326e+02	4.5360919615621664e-01
1.9030001655069015e+02	4.3096908775960080e-01
1.9040002176683467e+02	4.2204449706167563e-01
1.9050000211942978e+02	4.3208100065067634e-01
1.9060000775008911e+02	4.5707217328481209e-01
1.9070001358796978e+02	4.4029953317969561e-01
1.9080001735338379e+02	4.4337253809592436e-01
1.9090002000887071e+02	4.6768541607960684e-01
1.9100002333379982e+02	4.7145386563596420e-01
1.9110000291121352e+02	4.3501727295733861e-01
1.9120000824191732e+02	4.6999333887040828e-01
1.9130001275670389e+02	4.7575138065659234e-01
1.9140001774094563e+02	4.5661544778517388e-01
1.9150002190685515e+02	4.5705162993080245e-01
1.9160002431049952e+02	4.5576262840184312e-01
1.9170000206144562e+02	4.8208097011990764e-01
1.9180000638619532e+02	4.7148097284998208e-01
1.9190001007828863e+02	4.4420717832699669e-01
1.9200001322867749e+02	4.7093086260206779e-01
1.9210001702248661e+02	4.9794758971462150e-01
1.9220001945595624e+02	4.4842036055403939e-01
1.9230002091315248e+02	4.9284273034965786e-01
1.9240002479189366e+02	4.9034721262337078e-01
1.9250000461004095e+02	4.3806882080769305e-01
1.9260000796965153e+02	4.6837481052250590e-01
1.9270001149149746e+02	4.5180442786153241e-01
1.9280001574387697e+02	4.5894948454210893e-01
1.9290002085375815e+02	4.3235280395761877e-01
1.9300000120381529e+02	4.6031496671855243e-01
1.9310000639276274e+02	4.2510311808084639e-01
1.9320001152898277e+02	4.6405301678166111e-01
1.9330001631930196e+02	4.3952314565776285e-01
1.9340002020873240e+02	4.4138322253780182e-01
1.9350002355691484e+02	4.3990460267485593e-01
1.9360002409657218e+02	4.3410924733254291e-01
1.9370000101373591e+02	4.4130638831596802e-01
1.9380000381527330e+02	4.5007327108153727e-01
1.9390000735569171e+02	4.3933253884213980e-01
1.9400001135798567e+02	4.3946503099649831e-01
1.9410001539815877e+02	4.3404200964402667e-01
1.9420001563378980e+02	4.2495080399067897e-01
1.9430001054455806e+02	4.3223075136751865e-01
1.9440000889012219e+02	4.1880166359397203e-01
1.9450000986804116e+02	4.4892204043769324e-01
1.9460001195188286e+02	4.2930742807158190e-01
1.9470001275305563e+02	4.5018451614692945e-01
1.9480001083967036e+02	4.5136298964739169e-01
1.9490001005349885e+02	4.3642695066136933e-01
1.9500000938777140e+02	4.2274294448378025e-01
1.9510001037637537e+02	4.3238484275833705e-01
1.9520001321434660e+02	4.5727350063853278e-01
1.9530001306857548e+02	4.3548153622482821e-01
1.9540001280003725e+02	4.3634590167915815e-01
1.9550001319961115e+02	4.3687773941823166e-01
1.9560001544626584e+02	4.2497483089494631e-01
1.9570002085675412e+02	4.2523450568165139e-01
1.9580000170459454e+02	4.5071102246375283e-01
1.9590000734504719e+02	4.3945354757482752e-01
1.9600001359363227e+02	4.1407927501586522e-01
1.9610001941308767e+02	4.2871141102099669e-01
1.9620002444467170e+02	4.4743707087144280e-01
1.9630000540675726e+02	4.5540609012144201e-01
1.9640001139346506e+02	4.3980283999614911e-01
1.9650001685735344e+02	4.3100181618876565e-01
1.9660002162220596e+02	4.2458506371663518e-01
1.9670000180082747e+02	4.3997667290080383e-01
1.9680000685112495e+02	4.4107161857425142e-01
1.9690001176333706e+02	4.4973854979134820e-01
1.9700001583394609e+02	4.3604892004174622e-01
1.9710002004811074e+02	4.3127801384887493e-01
1.9720000032739759e+02	4.2792128618145275e-01
1.9730000656835361e+02	4.1405742476433466e-01
1.9740001296660301e+02	4.2017378094316332e-01
1.9750001866673492e+02	4.2938496152773775e-01
1.9760002302230100e+02	4.1891285587533728e-01
1.9770000131192378e+02	4.3050351345066989e-01
1.9780000349767235e+02	4.1133055566504911e-01
1.9790000332108744e+02	4.0792131638351647e-01
1.9800000250030118e+02	4.2637213604088742e-01
1.9810000402119994e+02	4.1388008355324429e-01
1.9820000510912686e+02	4.3015201067894193e-01
1.9830000538983219e+02	4.4620235415485193e-01
1.9840000302485041e+02	4.1793765809540256e-01
1.9850000418063084e+02	4.3467309489417633e-01
1.9860000753183675e+02	4.4096577746102883e-01
1.9870001052243612e+02	4.1630205698695150e-01
1.9880001224598794e+02	4.2147160132417999e-01
1.9890001349933215e+02	4.3636328596602192e-01
1.9900001420790159e+02	4.2213183109846464e-01
1.9910001448905385e+02	4.3294257642291117e-01
1.9920001280633232e+02	4.2579062376033228e-01
1.9930001275106218e+02	4.1352141886094562e-01
1.9940000851875004e+02	4.2511207099599618e-01
1.9950000217603127e+02	4.2477141345973735e-01
1.9960000010116849e+02	4.2972316188956705e-01
1.9970000053549620e+02	4.2006100563888971e-01
1.9980000016964334e+02	4.1735281747493930e-01
1.9990002392156131e+02	4.2785360411493117e-01
2.0000000000000000e+02	4.2478928404563659e-01
