0.0000000000000000e+00	7.6478859049382724e+00
2.0010776047445483e-02	7.5178502110379171e+00
4.0221540252377390e-02	7.1378615461215817e+00
6.0158355579961624e-02	6.8597085839769472e+00
8.0076269178926851e-02	7.4406109571261414e+00
1.0022649729743827e-01	7.6446190572375965e+00
1.2012546914892927e-01	7.3925956958832888e+00
1.4001823798069202e-01	6.8460819063329055e+00
1.6014912900703496e-01	7.1434088538194960e+00
1.8003092368233881e-01	7.5401654599980530e+00
2.0014922531454626e-01	7.4079917145536687e+00
2.2002283948106729e-01	6.9048286214691350e+00
2.4013928858612024e-01	6.7696748006492626e+00
2.6001498758445474e-01	7.2005193449748743e+00
2.8013510160133676e-01	7.2446991828977119e+00
3.0001727045150745e-01	6.8610029748034975e+00
3.2014786028140263e-01	6.6533903514281700e+00
3.4004212720929033e-01	6.7750682216572020e+00
3.6018592860384979e-01	6.9581072819441090e+00
3.8009708171986362e-01	6.7908662774545370e+00
4.0001257195992085e-01	6.4889336314832784e+00
4.2017723829242426e-01	6.5635090969401375e+00
4.4010409649497539e-01	6.7649620845775900e+00
4.6003515802377276e-01	6.5431227983040188e+00
4.8021601119461077e-01	6.5520326784708018e+00
5.0015835657561125e-01	6.6019436555187685e+00
5.2010220737857893e-01	6.6650611581852228e+00
5.4004876810840519e-01	7.0377546207993404e+00
5.6024077068592382e-01	7.3040225588791827e+00
5.8018868593435702e-01	7.4431755229601180e+00
6.0013355895592502e-01	7.5005524317708385e+00
6.2007528134291412e-01	7.4771317299990372e+00
6.4001207194910747e-01	7.5571795063945011e+00
6.6018600515968040e-01	7.6348787916386973e+00
6.8011248965219329e-01	7.6524904662300584e+00
7.0003466900336175e-01	7.9193833391581929e+00
7.2019629685797759e-01	8.3010941174909281e+00
7.4011086603671705e-01	8.7072285611631273e+00
7.6002069214970991e-01	9.0518003289066584e+00
7.8016880349990891e-01	9.3102259165018815e+00
8.0006925878484347e-01	9.4839539207735086e+00
8.2020694089845536e-01	9.5786922655720854e+00
8.4009795683709043e-01	9.5629210679310024e+00
8.6022393989265999e-01	9.4865735656355152e+00
8.8010118602415199e-01	9.4324728106485907e+00
9.0021646446154147e-01	9.8426598034192594e+00
9.2008672643100164e-01	1.0238945171299017e+01
9.4019717093521993e-01	1.0542352936834703e+01
9.6006099320974314e-01	1.0697341920013686e+01
9.8016362361154463e-01	1.0760582215643522e+01
1.0000207265604175e+00	1.0827678516998196e+01
1.0201169727949637e+00	1.0932776943705953e+01
1.0402111790066428e+00	1.1086088610214514e+01
1.0600641172385514e+00	1.1305584083885769e+01
1.0801594432334207e+00	1.1598153165135214e+01
1.1000142340938275e+00	1.1972375372581739e+01
1.1201142813662199e+00	1.2285170584899387e+01
1.1402167809742922e+00	1.2460945048734740e+01
1.1600796504271733e+00	1.2491288546154198e+01
1.1801877524984354e+00	1.2446011155110783e+01
1.2000560474230042e+00	1.2312689651692279e+01
1.2201688259185073e+00	1.2041632714412319e+01
1.2400423160673786e+00	1.1913653114055389e+01
1.2601589398867843e+00	1.2091067617566491e+01
1.2800263090146260e+00	1.2107963710307873e+01
1.3001227459593989e+00	1.2041055147186814e+01
1.3202095718216160e+00	1.1945833682012152e+01
1.3400486305474599e+00	1.1785783058833150e+01
1.3601228055732197e+00	1.1677129115728095e+01
1.3801882575311450e+00	1.1718610606504303e+01
1.4000057726244073e+00	1.1773943253283932e+01
1.4200607780813734e+00	1.1947370630905487e+01
1.4401166071512752e+00	1.2322286281930204e+01
1.4601743812271828e+00	1.3414719723403389e+01
1.4802210634534858e+00	1.4344957168311579e+01
1.5000188608407090e+00	1.5072081040685125e+01
1.5200563597493226e+00	1.5685713813958753e+01
1.5400965839284781e+00	1.6202842002567390e+01
1.5601328864486754e+00	1.6562936199701252e+01
1.5801728158876798e+00	1.6771914570229164e+01
1.6002068008901291e+00	1.7471660463874354e+01
1.6202311458235461e+00	1.8280721187732262e+01
1.6400057579315728e+00	1.9408305791651806e+01
1.6600111122201959e+00	2.0265611518469914e+01
1.6800085555239272e+00	2.0805238396730765e+01
1.7000018979230742e+00	2.0834228590530980e+01
1.7202276572591810e+00	2.0307443882472413e+01
1.7401948790668058e+00	2.0513616653906922e+01
1.7601443488541730e+00	2.1473442718287934e+01
1.7800817051027347e+00	2.2254162291173923e+01
1.8000086618792617e+00	2.3228645596405354e+01
1.8201745953233945e+00	2.4483105192155797e+01
1.8401107447005303e+00	2.5575729641446884e+01
1.8600555849467193e+00	2.6597664033019733e+01
1.8800037291259375e+00	2.7618735481306572e+01
1.9001896323248175e+00	2.8700559273595609e+01
1.9201298359330587e+00	2.9734191488952618e+01
1.9400684049973069e+00	3.0685356451222034e+01
1.9600077179584567e+00	3.1463867789193912e+01
1.9801857926951225e+00	3.1938578436767095e+01
2.0001179742150041e+00	3.1993253191320449e+01
2.0200555536512423e+00	3.1486247354378200e+01
2.0402307371711141e+00	3.1741196417155017e+01
2.0601565916458551e+00	3.2435022504126906e+01
2.0800762296402806e+00	3.3352174100067245e+01
2.1002300284633812e+00	3.3948752207424278e+01
2.1201385280732712e+00	3.4490663772961319e+01
2.1400312736275544e+00	3.6466093271067855e+01
2.1601441694688175e+00	3.8034047968012324e+01
2.1800121768248033e+00	3.9003995378134327e+01
2.2001150817478035e+00	3.9799265227105913e+01
2.2202154715688764e+00	4.3327256986695033e+01
2.2400773912784318e+00	4.5993409263201109e+01
2.2601819874771518e+00	4.7723440139020425e+01
2.2800500095604135e+00	4.8712896191042695e+01
2.3001534965502688e+00	4.9279794092479918e+01
2.3200142724496846e+00	4.9317166834741272e+01
2.3401124297437805e+00	4.8288554823978217e+01
2.3602117889003305e+00	4.6155436204948330e+01
2.3800688212006893e+00	4.4827989101731632e+01
2.4001599842646208e+00	4.4676979360609494e+01
2.4200091736739351e+00	4.4085628131209887e+01
2.4400893297929587e+00	4.5291204079859043e+01
2.4601545749615532e+00	4.9599021784404115e+01
2.4801928328606557e+00	5.3643027412467760e+01
2.5001995222498978e+00	5.7156703167170313e+01
2.5201852557994058e+00	5.9929533928346643e+01
2.5401710522519960e+00	6.1714469120161624e+01
2.5601663286638829e+00	6.2542136548090085e+01
2.5801694666933788e+00	6.2803209713739122e+01
2.6001769752566428e+00	6.2933354231867014e+01
2.6201882468556077e+00	6.3088009559210150e+01
2.6401964845850450e+00	6.3352381477807413e+01
2.6601900368177245e+00	6.3568879709623573e+01
2.6801848964596497e+00	6.3589070033957910e+01
2.7001840433621234e+00	6.3308421978371271e+01
2.7201840440935969e+00	6.2984175530745603e+01
2.7401863695487081e+00	6.2814758542998298e+01
2.7601822915980518e+00	6.3087479431144310e+01
2.7801723419859838e+00	6.3881976256942892e+01
2.8001525374429019e+00	6.5676271150213154e+01
2.8201325851778667e+00	6.9071407243572381e+01
2.8401132295932059e+00	6.8997132029167290e+01
2.8601119270750419e+00	6.8404534992993490e+01
2.8801088636747960e+00	6.6144054951253594e+01
2.9001044593830705e+00	6.7225710150370872e+01
2.9201027005320253e+00	6.9481286759161762e+01
2.9400943099250507e+00	7.2215926901383639e+01
2.9600701083933489e+00	7.3779958730797773e+01
2.9800228873232339e+00	7.3324598546954263e+01
3.0001986159710503e+00	7.1661353508351979e+01
3.0201330634235997e+00	7.4185748966756691e+01
3.0400763018440466e+00	7.6424061634870810e+01
3.0600448532644053e+00	7.4599077955895936e+01
3.0800012259088416e+00	6.7850107166850279e+01
3.1001783181503315e+00	7.1108670339238671e+01
3.1201068030742838e+00	7.0191849998389301e+01
3.1400319198360909e+00	7.2175587091453707e+01
3.1601997795099979e+00	8.4007007237071235e+01
3.1801214597657785e+00	8.9774697451806574e+01
3.2000386953352327e+00	8.7576483589086905e+01
3.2201874632598866e+00	7.7225739787065862e+01
3.2400862054781623e+00	8.8835139216104508e+01
3.2602000148325483e+00	9.2083032031140704e+01
3.2800598246467803e+00	8.3083046289685072e+01
3.3001419469455011e+00	7.1798947306739279e+01
3.3202222513676092e+00	7.6818396961894223e+01
3.3400734458969485e+00	6.9243231512690869e+01
3.3601627665657774e+00	7.0182145682439426e+01
3.3800041999033548e+00	7.1229344688636672e+01
3.4000781688454564e+00	7.4521351916727781e+01
3.4201527589228888e+00	8.2574484402918131e+01
3.4400027398860669e+00	7.8800346577174039e+01
3.4601084961686914e+00	7.6007394855851700e+01
3.4802239947534277e+00	8.3575512543847438e+01
3.5000826749762539e+00	7.9080267212975855e+01
3.5201486386879588e+00	6.6667258066032787e+01
3.5401986148651785e+00	7.3415702171565286e+01
3.5602331175930786e+00	7.0881972019266783e+01
3.5802328921992834e+00	6.1596409880171805e+01
3.6001968847296562e+00	6.5693323325677198e+01
3.6201296088805646e+00	6.7327373772668636e+01
3.6400458829501381e+00	6.5833754980995934e+01
3.6601811067798433e+00	6.2611516176878908e+01
3.6800806236134100e+00	6.8102097803848594e+01
3.7000070952781967e+00	7.1151220264521086e+01
3.7202149898926904e+00	6.9235555401173784e+01
3.7402336135201208e+00	6.3966303142191379e+01
3.7600617997397223e+00	6.7131187930036219e+01
3.7801733079482216e+00	6.9651569326243319e+01
3.8000724840979094e+00	6.7289722400881658e+01
3.8201964501308803e+00	7.7864347719315930e+01
3.8400723455398134e+00	7.8504967282024154e+01
3.8601762184620476e+00	6.4604775635284156e+01
3.8800392038922444e+00	7.3366694787302734e+01
3.9001442552221044e+00	7.4811650320064004e+01
3.9200231592250732e+00	7.1213508794398734e+01
3.9401505893203974e+00	6.7562842302429104e+01
3.9600589964510466e+00	7.1547723116432053e+01
3.9802027998928069e+00	7.1919744754941860e+01
4.0000945734999407e+00	7.3713542380960590e+01
4.0202233100785723e+00	7.3895851242810480e+01
4.0401303356969596e+00	7.5341590414349682e+01
4.0600587268462318e+00	7.0426466279254441e+01
4.0800114780677257e+00	7.3323064945034190e+01
4.1002002609859192e+00	7.7521117040942087e+01
4.1201382084582123e+00	8.0594515549373142e+01
4.1400722298077870e+00	7.5205645482125576e+01
4.1600076751206236e+00	7.6296416367613318e+01
4.1801767912483925e+00	7.9210820262436911e+01
4.2001098347499468e+00	8.0396541061965422e+01
4.2200402935304231e+00	8.0449070252202631e+01
4.2401842223651043e+00	8.3764285148035611e+01
4.2600831270306116e+00	9.1385078183817598e+01
4.2802068771104969e+00	8.7926168713719420e+01
4.3000999286361061e+00	1.0239343451682124e+02
4.3202336196021847e+00	1.1197998884286756e+02
4.3401431521546625e+00	1.0604439210727389e+02
4.3600775300834522e+00	1.1077169511865725e+02
4.3800423927639933e+00	1.1529924363565785e+02
4.4000120053667731e+00	1.0299613226047114e+02
4.4201773993224345e+00	8.2611939418010522e+01
4.4400643479026130e+00	1.0315035132501436e+02
4.4601532057142261e+00	1.1332607264758498e+02
4.4802279739595008e+00	1.1035044894080794e+02
4.5000742957272246e+00	1.1602050994267535e+02
4.5201387448843553e+00	1.1788386560601006e+02
4.5402014946648332e+00	1.0516314196998188e+02
4.5600318942278930e+00	8.2051566991321067e+01
4.5800985318709406e+00	9.2419314322888354e+01
4.6001739381979521e+00	1.0010884293793612e+02
4.6200193620801313e+00	9.9349334895212877e+01
4.6401091609878993e+00	1.1067522280079631e+02
4.6602053721213244e+00	1.1318009041641091e+02
4.6800774079415390e+00	1.0534198459345153e+02
4.7001913341970560e+00	1.0840393975063608e+02
4.7200583722775251e+00	1.1089069133724126e+02
4.7401600169212497e+00	1.0389810280587028e+02
4.7600256510383030e+00	1.0083353434250409e+02
4.7801146534326300e+00	1.0436166274842866e+02
4.8001963672431627e+00	1.0019589256436063e+02
4.8200471340639588e+00	9.0944473145485659e+01
4.8401486346840885e+00	9.2203479127556108e+01
4.8600289360445617e+00	8.8356071118307440e+01
4.8801602605764307e+00	8.0569188721079200e+01
4.9000506204441585e+00	7.5798866126027136e+01
4.9201829787655402e+00	7.8663424486353520e+01
4.9400865203895421e+00	8.5211591452953471e+01
4.9602347497607067e+00	8.4740746173796055e+01
4.9801671690157239e+00	8.2036117868288756e+01
5.0000960699349886e+00	7.6840365383661663e+01
5.0200019786486321e+00	7.2117599432546768e+01
5.0401173287478453e+00	7.3972964021171919e+01
5.0602061949834525e+00	8.0971857276286741e+01
5.0800465799036392e+00	8.5466105241949279e+01
5.1001372035266419e+00	7.9216777657018483e+01
5.1200191767834129e+00	8.1045384651260321e+01
5.1401711009246895e+00	8.1440893146216553e+01
5.1600952677904299e+00	9.0495020425774868e+01
5.1800118118354215e+00	9.5611405556404591e+01
5.2001437113087254e+00	1.0368930001899628e+02
5.2200145488489831e+00	1.1041538221948076e+02
5.2401200922000557e+00	1.1516831875117606e+02
5.2600299409617870e+00	1.1820546864812749e+02
5.2802085726716754e+00	1.2000663624842093e+02
5.3001685643263876e+00	1.2103213258834140e+02
5.3201462233310917e+00	1.2186055877538348e+02
5.3401067562571356e+00	1.2305378287842484e+02
5.3600580553053074e+00	1.2484091915096815e+02
5.3800008995377722e+00	1.2714868003051009e+02
5.4002045668502729e+00	1.2923584985453800e+02
5.4201826606983312e+00	1.3032542739606845e+02
5.4401143598062260e+00	1.2962078443931580e+02
5.4602330298930575e+00	1.2750499569330518e+02
5.4800819021011531e+00	1.2532222844586954e+02
5.5001312426240219e+00	1.2718443382126952e+02
5.5201600471089876e+00	1.2689584323539655e+02
5.5401758369195990e+00	1.2270472014673582e+02
5.5601926444646281e+00	1.1548958737247642e+02
5.5802072708618171e+00	1.3003637564323276e+02
5.6001459273875041e+00	1.4446948238468411e+02
5.6201593131906673e+00	1.5505840462080286e+02
5.6401762507253901e+00	1.5999777235423500e+02
5.6601479081340944e+00	1.5864624430562020e+02
5.6801485458137835e+00	1.4976506177077903e+02
5.7000219502632792e+00	1.3548888961996693e+02
5.7201454926865196e+00	1.1932560813853257e+02
5.7400804166739912e+00	1.0398330528651449e+02
5.7600202392234374e+00	1.0459043245716012e+02
5.7802151362913055e+00	1.0865830338181726e+02
5.8001514540523011e+00	1.1489495904757240e+02
5.8200685974899811e+00	1.1785421134383682e+02
5.8402219039894758e+00	1.1784702233895266e+02
5.8601532982417943e+00	1.1573868240635983e+02
5.8800661164594992e+00	1.1233407475476719e+02
5.9002069456246593e+00	1.0748105929423849e+02
5.9201185656588962e+00	1.0047653482737428e+02
5.9400457359437926e+00	9.1351339490735143e+01
5.9602228996676256e+00	8.8242929348289323e+01
5.9801790451263646e+00	8.2503536008318264e+01
6.0001404844861712e+00	9.8803753167308216e+01
6.0201093631088707e+00	1.0559260913812483e+02
6.0400570646347314e+00	1.0119067366422091e+02
6.0601924048757505e+00	9.4107189738133712e+01
6.0800598174887810e+00	9.8660215740225169e+01
6.1001273568032541e+00	1.0418077664965269e+02
6.1201940550706082e+00	1.0015004291619329e+02
6.1400197969035757e+00	9.5398934312474680e+01
6.1600713566300529e+00	1.0588932318629662e+02
6.1801432961039042e+00	1.1000633433569092e+02
6.2000184932062856e+00	1.0637754798497623e+02
6.2201626743965237e+00	1.0731680986025250e+02
6.2400863538979205e+00	1.1842341698390601e+02
6.2600259344708507e+00	1.2227619108762468e+02
6.2801899986403624e+00	1.2039231384282107e+02
6.3001076345733722e+00	1.1553731610983900e+02
6.3200080580690807e+00	1.0946597387443610e+02
6.3401703749373199e+00	1.1176875864307625e+02
6.3601148909934269e+00	1.2082816339371342e+02
6.3800508504313207e+00	1.2719111379098544e+02
6.4002278566775930e+00	1.3195616363535308e+02
6.4200349703188442e+00	1.3573264068024275e+02
6.4401027721159334e+00	1.3814414743890694e+02
6.4601795528679400e+00	1.3878512973080655e+02
6.4800381014619379e+00	1.3805250795202812e+02
6.5000192355329274e+00	1.5312631379860835e+02
6.5200907691696317e+00	1.6492710231893693e+02
6.5401304445054755e+00	1.7251638296127499e+02
6.5601023152743876e+00	1.7537545363933032e+02
6.5800118263992760e+00	1.7358401917864859e+02
6.6001699733445403e+00	1.6799609054352825e+02
6.6201602885455895e+00	1.6362519925133790e+02
6.6401013213971298e+00	1.6868000315971986e+02
6.6601684087685031e+00	1.6792923137727448e+02
6.6800008008254776e+00	1.6326922480349364e+02
6.7001385314405075e+00	1.5688249744128620e+02
6.7201069102513120e+00	1.5011524270097215e+02
6.7401905720485678e+00	1.5146197562921776e+02
6.7600968619844304e+00	1.5253137588793177e+02
6.7801370098255154e+00	1.4966619590439740e+02
6.8000891946342437e+00	1.4447348803696264e+02
6.8202006692747856e+00	1.3799252253577140e+02
6.8400809071896944e+00	1.3280981817642106e+02
6.8600895610790591e+00	1.3785078136222452e+02
6.8801743056228242e+00	1.3825291959663946e+02
6.9002088445519743e+00	1.3555175888324908e+02
6.9200896034204513e+00	1.3340316961113064e+02
6.9401629957340472e+00	1.2493810998120728e+02
6.9602360273347825e+00	1.2845409849287398e+02
6.9800574703144225e+00	1.3101019454877712e+02
7.0001019213914608e+00	1.3025676755854306e+02
7.0201877138743853e+00	1.2665960923280539e+02
7.0400620382821932e+00	1.2134339966757929e+02
7.0601885749621971e+00	1.2293861389142707e+02
7.0800973810399039e+00	1.2789435974043971e+02
7.1002109994997289e+00	1.2957323069743541e+02
7.1200656782788618e+00	1.2803213138961596e+02
7.1401843030947054e+00	1.2371300200584407e+02
7.1600551517049063e+00	1.1836761081094053e+02
7.1801227017328699e+00	1.2635187624080044e+02
7.2001530305358887e+00	1.3052473934764910e+02
7.2201603857486614e+00	1.3073560488145995e+02
7.2401565175216493e+00	1.2770037458231596e+02
7.2601558074899293e+00	1.2256567664317694e+02
7.2801715305361583e+00	1.2082569360318378e+02
7.3002084957643305e+00	1.2629957386332373e+02
7.3200321156364803e+00	1.2783941778777272e+02
7.3401117719353319e+00	1.2652107538246568e+02
7.3601970989869816e+00	1.2387796055305235e+02
7.3800494522745010e+00	1.2111235771697886e+02
7.4001241801888975e+00	1.2127533304459257e+02
7.4201987795688593e+00	1.2250734926742206e+02
7.4400505721586887e+00	1.2456991330384633e+02
7.4601592994866577e+00	1.2507979646607888e+02
7.4800425313947896e+00	1.2432388358142029e+02
7.5001426311009061e+00	1.2334197843771159e+02
7.5202127333005802e+00	1.2165578707686673e+02
7.5400383427050057e+00	1.1712079206211385e+02
7.5600929271278758e+00	1.1115451878744867e+02
7.5801521467552790e+00	1.0313835380433419e+02
7.6002291193995077e+00	1.1342914941773853e+02
7.6201013329722800e+00	1.2528025407521912e+02
7.6402006372467648e+00	1.3556905193232470e+02
7.6602039227896208e+00	1.4202380577165712e+02
7.6800075016907483e+00	1.4494293245341902e+02
7.7000444064011484e+00	1.4481634531632596e+02
7.7201086813807223e+00	1.4129767940275059e+02
7.7402034402567148e+00	1.3490696088878659e+02
7.7600955534731062e+00	1.2699872841585321e+02
7.7800446872924613e+00	1.2614338009586601e+02
7.8000038830543268e+00	1.2576424928275270e+02
7.8201764402197229e+00	1.2106443326301243e+02
7.8401071901968553e+00	1.2444736089900510e+02
7.8600436493962027e+00	1.2895733644988482e+02
7.8802063748400082e+00	1.3374421869765479e+02
7.9000826192525873e+00	1.3283256566057338e+02
7.9200470272079686e+00	1.2688089350238126e+02
7.9400218685916188e+00	1.2430156255022104e+02
7.9601648123741651e+00	1.3754887797389858e+02
7.9801123310807256e+00	1.5263691709828174e+02
8.0001867900799724e+00	1.5746757432417164e+02
8.0200913796440449e+00	1.5199313994504797e+02
8.0400811562397685e+00	1.3703284131692124e+02
8.0602066351801316e+00	1.3578324761156415e+02
8.0801281657737309e+00	1.3691464761746383e+02
8.1001853875967171e+00	1.3708502407506057e+02
8.1200380668059058e+00	1.3657183730213632e+02
8.1401186125734615e+00	1.4282136228288186e+02
8.1600957109523478e+00	1.3996699335626892e+02
8.1800686806728642e+00	1.3421099122220645e+02
8.2000978528029620e+00	1.3381094406473244e+02
8.2201176022282159e+00	1.4233964398239078e+02
8.2401842261089104e+00	1.5599001054230797e+02
8.2600212628582987e+00	1.6165043796513982e+02
8.2800306548166294e+00	1.5941693004241685e+02
8.3001639776357177e+00	1.5217330351992180e+02
8.3200786673742027e+00	1.5557019672434728e+02
8.3401687978835657e+00	1.5577585821717059e+02
8.3601955485108626e+00	1.5351878711251209e+02
8.3800067439661330e+00	1.4956021627474502e+02
8.4000891230605497e+00	1.5189369206752804e+02
8.4200574072545251e+00	1.4341858514499978e+02
8.4400168461391551e+00	1.5540143062950085e+02
8.4601578789193628e+00	1.8144962503914394e+02
8.4801645334477378e+00	1.6486471864031805e+02
8.5000123224669419e+00	1.6711677021040882e+02
8.5201053783503138e+00	1.9712587085316088e+02
8.5400168006746302e+00	1.7541185337414686e+02
8.5601141568908599e+00	1.6966173147939134e+02
8.5801289228883721e+00	1.9571045333066422e+02
8.6001432159505686e+00	1.6888836972067725e+02
8.6200559234736716e+00	1.6846908359346673e+02
8.6401598255992322e+00	1.8879893561998728e+02
8.6601960829938740e+00	1.5876274534468064e+02
8.6800865962098595e+00	1.7029723646506184e+02
8.7000524349488888e+00	1.8280554544467969e+02
8.7201871266186846e+00	1.4776335856462816e+02
8.7401310990042109e+00	1.7602371147818661e+02
8.7601617945942465e+00	1.7482393245335919e+02
8.7801187696237530e+00	1.4636495752605060e+02
8.8001004134505614e+00	1.7872345552777966e+02
8.8201105490968672e+00	1.6420329388121556e+02
8.8400962687505853e+00	1.5941741817431731e+02
8.8601428694791906e+00	1.7983677532982446e+02
8.8800336756405311e+00	1.5117219647835998e+02
8.9000444836038088e+00	1.7074199772208488e+02
8.9201762575536634e+00	1.7192890289440103e+02
8.9401793324277463e+00	1.4749353876367729e+02
8.9600717110477728e+00	1.7475117872980354e+02
8.9801281089024609e+00	1.5421880943997323e+02
9.0000916985611124e+00	1.5454142720265969e+02
9.0201250705199705e+00	1.6571170148056530e+02
9.0400856849184894e+00	1.4533041198403555e+02
9.0600829011430690e+00	1.5544762171161486e+02
9.0800049459844683e+00	1.5288311210685359e+02
9.1001214287121321e+00	1.5678984922097982e+02
9.1200416532197046e+00	1.4911394201854364e+02
9.1401494584429077e+00	1.7722233080824384e+02
9.1601496414879957e+00	1.6021647323706060e+02
9.1800853577260551e+00	1.7590061881976118e+02
9.2000090786704938e+00	1.9493716811073807e+02
9.2201346708117153e+00	1.6302744381481438e+02
9.2401200745577761e+00	1.9690337686173285e+02
9.2600141019360560e+00	2.0555141996258993e+02
9.2801855715512609e+00	1.6492317209000080e+02
9.3001155917323040e+00	2.1011135795423530e+02
9.3200926810465194e+00	2.1291088360948487e+02
9.3401740971942484e+00	1.6918878425321154e+02
9.3600243899116506e+00	2.1832945254089293e+02
9.3800509867718809e+00	2.1997999043337671e+02
9.4000411365212493e+00	1.7695122647882448e+02
9.4200554013306785e+00	2.2044365844395330e+02
9.4400052251205988e+00	2.2296738410501254e+02
9.4600262746240560e+00	1.8311724723449561e+02
9.4800167787372605e+00	2.1790966884695496e+02
9.5000937415641999e+00	2.2299888763229339e+02
9.5200298092921507e+00	1.8817664398818241e+02
9.5400785776201555e+00	2.0974650899690812e+02
9.5600965310553079e+00	2.1755738363864788e+02
9.5801267964070771e+00	1.8841854651580573e+02
9.6000800122067531e+00	1.9952014284013643e+02
9.6200346831899957e+00	2.1088939747823360e+02
9.6400792535006818e+00	1.8846662087125040e+02
9.6600197568109678e+00	1.8820669436893650e+02
9.6801450289732909e+00	2.0347308336747133e+02
9.7001689032756939e+00	1.8694809128037986e+02
9.7200910683316692e+00	1.7719819064454691e+02
9.7401188976785242e+00	1.9480204415077338e+02
9.7601209071439889e+00	1.8384807418736526e+02
9.7800350103389704e+00	1.6782800858121388e+02
9.8001450585531948e+00	1.8736150346074365e+02
9.8200254684932577e+00	1.8129335297311383e+02
9.8401036060540754e+00	1.5926281354935153e+02
9.8601163902219344e+00	1.7937188651395985e+02
9.8801475198060640e+00	1.7725992014366196e+02
9.9001149270141262e+00	1.6574972376602298e+02
9.9201110101835965e+00	1.6900721322807911e+02
9.9401714491853959e+00	1.7259291975141684e+02
9.9600659565280125e+00	1.6001771797868969e+02
9.9801376666141106e+00	1.5865759105731641e+02
1.0000024540898876e+01	1.6628425694134029e+02
1.0020055969251120e+01	1.7045098541510114e+02
1.0040162721231505e+01	1.6761774900338946e+02
1.0060050618576550e+01	1.6406895816699469e+02
1.0080186172978985e+01	1.5849391998724599e+02
1.0100139190730374e+01	1.6158431333457247e+02
1.0120128312844320e+01	1.6606464346074091e+02
1.0140125475002057e+01	1.7592324754321413e+02
1.0160028681776220e+01	1.6628182159275519e+02
1.0180050719264740e+01	1.7301770603601119e+02
1.0200052219910509e+01	1.7759806862907928e+02
1.0220026501534052e+01	1.6710370116133410e+02
1.0240156601917484e+01	1.9147915342793092e+02
1.0260106119874234e+01	1.9477172280319638e+02
1.0280074575708666e+01	1.8157840756347736e+02
1.0300142499092571e+01	2.1644013308737533e+02
1.0320052045395849e+01	2.2463630051769258e+02
1.0340114323475468e+01	2.1292807839408505e+02
1.0360099086343222e+01	2.3293653455909441e+02
1.0380028797839769e+01	2.3555125470489969e+02
1.0400094803292461e+01	2.1471561305699294e+02
1.0420080869016472e+01	2.1710322872480643e+02
1.0440064668678641e+01	2.3524214895844113e+02
1.0460114141542556e+01	2.3170165838090514e+02
1.0480046288749241e+01	2.2205889871845386e+02
1.0500121222867694e+01	2.3364266318523354e+02
1.0520065180384528e+01	2.3571784614576768e+02
1.0540116515738784e+01	2.2531410907130532e+02
1.0560101518853184e+01	2.2445790164977919e+02
1.0580029910120990e+01	2.1712303540630600e+02
1.0600131498556268e+01	2.0517489077102027e+02
1.0620026399729404e+01	1.9922466623236181e+02
1.0640148148957776e+01	2.1127460965643752e+02
1.0660121610270229e+01	1.9795695586724830e+02
1.0680007940085797e+01	2.3711410200649931e+02
1.0700044661189835e+01	2.6262014386414666e+02
1.0720004917191645e+01	2.3559106546424547e+02
1.0740048875548680e+01	2.5697777477103426e+02
1.0760076688978716e+01	2.7983873171144296e+02
1.0780117470401271e+01	2.4871864326038605e+02
1.0800069984971037e+01	2.5672821430910540e+02
1.0820042917728518e+01	2.8214895574795440e+02
1.0840060491966574e+01	2.5806817095828728e+02
1.0860090210514755e+01	2.5741999313129190e+02
1.0880016906398886e+01	2.9027229607727691e+02
1.0900072798976703e+01	2.7856686559306394e+02
1.0920063783359305e+01	2.7112239317084163e+02
1.0940006778727314e+01	3.0820915004766834e+02
1.0960093539709256e+01	3.0175260263013678e+02
1.0980038522998532e+01	2.8616564325268195e+02
1.1000010108656646e+01	3.1851852143945553e+02
1.1020086196985906e+01	3.1127629878397426e+02
1.1040057847421689e+01	2.9352765504829557e+02
1.1060041657905298e+01	3.0260603005565997e+02
1.1080056707186534e+01	2.8345050545718300e+02
1.1100099576350633e+01	2.6168600785346723e+02
1.1120131034605977e+01	2.3864482194578414e+02
1.1140027856707766e+01	2.1325178735200237e+02
1.1160037813926758e+01	2.5005558423537528e+02
1.1180030118458630e+01	2.6628862969819539e+02
1.1200037301301434e+01	2.5898675669647827e+02
1.1220026075670100e+01	2.5936542808559329e+02
1.1240064685605638e+01	2.7342721283219794e+02
1.1260029935543368e+01	2.7328081813336183e+02
1.1280077682340808e+01	2.5487573474443468e+02
1.1300093265631036e+01	2.3229712880911731e+02
1.1320026068116560e+01	2.4034612306775307e+02
1.1340063481659655e+01	2.3835895868510988e+02
1.1360007326313347e+01	2.2322454496691586e+02
1.1380140232251405e+01	1.9710722581426978e+02
1.1400119875652749e+01	2.0372488743295099e+02
1.1420036988908489e+01	2.0511532662515748e+02
1.1440126089829219e+01	2.0555809639840959e+02
1.1460066808201811e+01	2.0310912520939667e+02
1.1480051623776344e+01	1.9499629409166619e+02
1.1500155911840478e+01	1.9358379770021509e+02
1.1520094747653646e+01	1.9254724480493633e+02
1.1540160686682908e+01	1.8394281316197402e+02
1.1560129410162617e+01	1.9883857014882108e+02
1.1580045729799702e+01	2.0703874387542669e+02
1.1600136126355016e+01	2.0774879459201668e+02
1.1620096772172836e+01	1.9993750120889712e+02
1.1640136655528929e+01	1.8389688433234315e+02
1.1660113155759042e+01	1.6949352940394607e+02
1.1680127160547455e+01	1.8860112723022269e+02
1.1700073772419421e+01	2.0710692973954940e+02
1.1720036829010551e+01	2.1615878020637132e+02
1.1740132076970987e+01	2.1378077891654675e+02
1.1760014834972797e+01	2.0177237414640751e+02
1.1780130827898699e+01	1.8343914983916230e+02
1.1800022899875966e+01	1.9555010064147677e+02
1.1820147720488254e+01	2.0379059818345627e+02
1.1840072125307580e+01	2.1839854063147703e+02
1.1860097522394119e+01	2.2284786583974022e+02
1.1880074121947358e+01	2.1612666355582004e+02
1.1900147407708527e+01	1.9876120354550082e+02
1.1920024230885879e+01	2.2139445816370167e+02
1.1940085075508627e+01	2.3203286433158218e+02
1.1960004256622929e+01	2.2754188518550555e+02
1.1980040427554227e+01	2.2023856124168316e+02
1.2000066932419733e+01	2.1703946562252639e+02
1.2020000561819796e+01	2.1170572093362057e+02
1.2040012575424997e+01	2.2717408875684367e+02
1.2060060625556279e+01	2.3565606647627135e+02
1.2080054413238047e+01	2.4200626749329339e+02
1.2100098114856992e+01	2.4114973759563293e+02
1.2120005371587700e+01	2.3619668674246842e+02
1.2140116967959601e+01	2.3051796473491072e+02
1.2160072419869730e+01	2.2766673309455103e+02
1.2180102916165346e+01	2.2884668352344585e+02
1.2200037810506675e+01	2.3281764814599686e+02
1.2220028835738056e+01	2.3609660337785857e+02
1.2240077704736494e+01	2.3385162209691316e+02
1.2260133502965813e+01	2.2271493660105290e+02
1.2280059769330167e+01	2.0155182777232301e+02
1.2300091578599680e+01	1.8125047463313308e+02
1.2320149254118983e+01	2.0036658025508240e+02
1.2340111860806161e+01	2.1093674933110609e+02
1.2360003831037865e+01	2.1109206449265224e+02
1.2380126792825600e+01	2.0346008664470503e+02
1.2400027094375993e+01	1.8298739242825692e+02
1.2420156514560041e+01	1.7157990747048038e+02
1.2440162139577126e+01	1.6187583164000006e+02
1.2460118954008054e+01	1.6639025395996231e+02
1.2480005903377453e+01	1.6991309188451442e+02
1.2500174338063500e+01	1.7824733764150520e+02
1.2520073079024504e+01	1.8997535549438467e+02
1.2540018654260232e+01	1.9316207921393848e+02
1.2560058108418506e+01	1.8819209783872509e+02
1.2580117594591027e+01	1.8697672645113263e+02
1.2600092344950669e+01	1.9517921190050197e+02
1.2620092707325867e+01	1.9281037838667658e+02
1.2640141107746459e+01	1.8170345040062895e+02
1.2660011645903431e+01	1.8155574641797375e+02
1.2680035287490840e+01	1.8549508058818509e+02
1.2700099803992735e+01	1.9589985956257112e+02
1.2720031455029044e+01	2.0035742775090165e+02
1.2740044563956598e+01	1.9716022041687924e+02
1.2760126770345382e+01	1.8629470731718715e+02
1.2780014339498097e+01	1.6940369990896659e+02
1.2800173526042416e+01	1.8192317728836417e+02
1.2820122803429323e+01	1.8857793785327036e+02
1.2840107172405306e+01	1.8717213550644317e+02
1.2860023394093719e+01	1.7927355229454099e+02
1.2880141075613384e+01	1.9034464977263588e+02
1.2900007334549166e+01	1.8636722932523625e+02
1.2920091240476365e+01	1.7639637598236538e+02
1.2940170340810951e+01	1.7187415756577417e+02
1.2960030559561915e+01	1.8269767597595876e+02
1.2980109007162858e+01	1.9140792851052035e+02
1.3000017236319348e+01	2.1751219726504493e+02
1.3020081517950180e+01	2.2496008601426001e+02
1.3040141210160414e+01	2.1114986863914390e+02
1.3060045755151121e+01	2.3340213498826225e+02
1.3080110712712623e+01	2.4029353320805637e+02
1.3100109619653216e+01	2.2593770569322379e+02
1.3120106834680458e+01	1.9628146574670149e+02
1.3140025442658246e+01	1.8579168919271146e+02
1.3160061716404670e+01	2.1621925096809815e+02
1.3180014385273651e+01	2.4814353730506758e+02
1.3200003988846293e+01	2.5601034892889305e+02
1.3220074468223727e+01	2.3964964480260110e+02
1.3240053967155502e+01	2.4480206040475082e+02
1.3260062884138419e+01	2.6141226975982772e+02
1.3280100924075766e+01	2.6536603521923229e+02
1.3300040467240807e+01	2.5395879793471553e+02
1.3320131657741070e+01	2.2636238412930902e+02
1.3340016928634922e+01	2.3993075429099397e+02
1.3360059519236239e+01	2.5654129992925311e+02
1.3380021127888661e+01	2.6271551698745395e+02
1.3400077959532144e+01	2.5321927755165851e+02
1.3420002777446225e+01	2.4142287158190715e+02
1.3440071032941377e+01	2.6179764152179916e+02
1.3460005885242843e+01	2.7773117829839532e+02
1.3480026323878517e+01	2.7744097392891206e+02
1.3500112642192146e+01	2.5993179233138972e+02
1.3520033672594638e+01	2.4023003678906571e+02
1.3540053537945647e+01	2.4394891408710967e+02
1.3560049717206230e+01	2.4057504473665858e+02
1.3580010078297557e+01	2.4840437181803281e+02
1.3600044040335264e+01	2.5436042603457128e+02
1.3620088011595355e+01	2.5783057088380951e+02
1.3640112760581834e+01	2.7162369812176922e+02
1.3660003009172067e+01	2.9861705320296193e+02
1.3680050361291286e+01	3.1317901072212663e+02
1.3700002107731265e+01	3.1090696372444546e+02
1.3720106607392017e+01	2.9275148557381033e+02
1.3740079775269598e+01	2.9483634607126055e+02
1.3760012096015254e+01	3.0946139104618760e+02
1.3780075226120434e+01	3.2497860890949210e+02
1.3800033810628312e+01	3.3211020870727697e+02
1.3820046844435993e+01	3.4399815173784657e+02
1.3840044722347464e+01	3.5496312894888490e+02
1.3860018627508991e+01	3.6349708438076459e+02
1.3880010582864038e+01	3.6640026163279458e+02
1.3900042373826704e+01	3.6180152780587747e+02
1.3920083046373009e+01	3.5031575110973461e+02
1.3940021900205032e+01	3.3375466350616978e+02
1.3960015137292260e+01	3.3419861422388146e+02
1.3980051819416826e+01	3.1473316886702042e+02
1.4000071332510325e+01	3.1655127278757664e+02
1.4020076735234213e+01	3.3658536228828109e+02
1.4040060232696304e+01	3.5226165406856455e+02
1.4060073967446520e+01	3.6427064976080413e+02
1.4080039623140914e+01	3.7322562061340204e+02
1.4100018778064399e+01	3.7981711027135668e+02
1.4120038864033271e+01	3.8449624722007525e+02
1.4140022092964237e+01	3.8769903480837542e+02
1.4160033820404374e+01	3.8980400634601563e+02
1.4180041588807560e+01	3.9104750092010636e+02
1.4200004348589941e+01	3.9157949549732967e+02
1.4220039319141726e+01	3.9137258033045305e+02
1.4240023582753032e+01	3.9036898892508532e+02
1.4260001413490668e+01	3.8832703307802916e+02
1.4280038682419228e+01	3.8476161779632776e+02
1.4300063655270771e+01	3.7920897585193904e+02
1.4320023357766669e+01	3.7123661291334270e+02
1.4340058587129354e+01	3.6039610895839201e+02
1.4360072544411679e+01	3.4655881023484193e+02
1.4380051101350706e+01	3.2973639937926606e+02
1.4400080984588920e+01	3.0981639659648022e+02
1.4420063746514023e+01	2.9801825566653281e+02
1.4440080819203832e+01	3.1473112315439710e+02
1.4460029105229202e+01	3.3181043722352160e+02
1.4480020073374495e+01	3.4794462199989584e+02
1.4500075869313777e+01	3.6104252082356129e+02
1.4520044704851628e+01	3.7006443074035951e+02
1.4540074265638987e+01	3.7463188162400854e+02
1.4560054879762207e+01	3.7509948201426926e+02
1.4580013651951385e+01	3.7235602687076874e+02
1.4600085266272830e+01	3.6779900111598579e+02
1.4620084128865603e+01	3.6243528318804545e+02
1.4640036975459424e+01	3.5674157410102231e+02
1.4660044731379017e+01	3.5104569937126485e+02
1.4680004401893159e+01	3.4574615610168792e+02
1.4700073707496379e+01	3.4091073220251326e+02
1.4720043545908213e+01	3.3639743334164859e+02
1.4740093779887689e+01	3.3178024926221372e+02
1.4760057815891734e+01	3.2645625663056762e+02
1.4780000001961657e+01	3.1964171575846274e+02
1.4800039616003311e+01	3.1057327354736532e+02
1.4820035131818273e+01	2.9866289052000832e+02
1.4840088866102354e+01	2.8325144459134464e+02
1.4860004168412933e+01	2.6428728274141849e+02
1.4880076153987112e+01	2.6604100650307839e+02
1.4900015850717134e+01	2.6665480509155429e+02
1.4920081835876010e+01	2.5637175924500923e+02
1.4940085732332472e+01	2.3678233739389083e+02
1.4960054126829499e+01	2.2110526477052548e+02
1.4980090253354984e+01	2.3076012895859930e+02
1.5000011931825972e+01	2.4411848988667958e+02
1.5020007237463398e+01	2.5954323666010157e+02
1.5040061641304682e+01	2.6786606618898026e+02
1.5060117071611289e+01	2.6902671894157436e+02
1.5080080392136239e+01	2.6416611907235279e+02
1.5100007503926573e+01	2.5403733474634475e+02
1.5120025790751418e+01	2.4277788569651040e+02
1.5140049944395848e+01	2.4127355216357040e+02
1.5160042691556024e+01	2.3700387766439491e+02
1.5180033523043369e+01	2.4103638548942610e+02
1.5200007069220321e+01	2.5070778390518589e+02
1.5220109298469717e+01	2.5353963573194477e+02
1.5240122626239545e+01	2.4981800438329057e+02
1.5260005468704017e+01	2.4100604107476954e+02
1.5280113234584517e+01	2.2861790956158259e+02
1.5300013018909539e+01	2.3741071480186508e+02
1.5320050807778752e+01	2.4661318296607305e+02
1.5340037607663470e+01	2.5131769230197818e+02
1.5360071220923903e+01	2.5174036394895012e+02
1.5380098434981766e+01	2.4842020597109007e+02
1.5400128573295296e+01	2.4214985070994504e+02
1.5420124846828644e+01	2.3320526894032912e+02
1.5440044836556877e+01	2.2153846238398737e+02
1.5460134487176861e+01	2.0705373892806963e+02
1.5480057587653992e+01	1.8992132216098912e+02
1.5500124556065742e+01	1.9552959161555293e+02
1.5520028678140884e+01	1.9865890888693781e+02
1.5540110230463576e+01	1.9824721633205863e+02
1.5560098480795075e+01	1.9405808839301969e+02
1.5580132797460601e+01	1.9071910699552930e+02
1.5600096053676713e+01	1.9496103279748257e+02
1.5620004071641365e+01	1.9878050435765419e+02
1.5640116808277549e+01	1.9389395260437448e+02
1.5660113566796131e+01	1.9237570183689309e+02
1.5680045178171012e+01	1.8869787096969634e+02
1.5700066385701277e+01	1.8723268452167397e+02
1.5720021220447398e+01	1.8913658281893495e+02
1.5740001358178811e+01	2.0762789473166737e+02
1.5760125876453243e+01	2.0368802125314988e+02
1.5780051852251471e+01	2.0083540191670841e+02
1.5800026028495507e+01	2.4713188355348404e+02
1.5820111444970205e+01	2.6900605085753671e+02
1.5840101738244362e+01	2.5782578887036260e+02
1.5860020145140711e+01	2.3343501571461877e+02
1.5880002170624829e+01	2.8653597620673190e+02
1.5900011964066477e+01	3.1119040864255078e+02
1.5920012773694408e+01	3.0543098329419200e+02
1.5940028409925372e+01	2.6996366312244061e+02
1.5960089619587579e+01	2.8257004754715683e+02
1.5980030118607498e+01	3.1774988818665634e+02
1.6000044370128972e+01	3.2448947601562890e+02
1.6020022572955401e+01	3.0296068466322311e+02
1.6040025749365281e+01	2.6436959986889622e+02
1.6060101672328464e+01	2.7313906210643654e+02
1.6080015057806662e+01	2.7951793891488592e+02
1.6100028121398037e+01	2.5766294623801167e+02
1.6120112114338930e+01	2.1807485904575506e+02
1.6140115461340326e+01	2.2180694081675523e+02
1.6160033791871136e+01	2.5065218420188830e+02
1.6180006928965454e+01	2.6407759341898873e+02
1.6200014836409672e+01	2.5870899862471572e+02
1.6220068516495342e+01	2.3409844522009286e+02
1.6240025362897569e+01	2.5550838726399462e+02
1.6260082143750182e+01	2.6515020990277390e+02
1.6280087099164078e+01	2.4729192049821219e+02
1.6300138579603527e+01	2.2561932266739171e+02
1.6320118092402492e+01	2.6363272545640024e+02
1.6340052251573095e+01	2.7958845824704116e+02
1.6360013886713737e+01	2.6852042197438630e+02
1.6380016453285652e+01	2.3592311544385910e+02
1.6400089132984757e+01	2.5928195858859522e+02
1.6420107911006749e+01	2.8461440023496266e+02
1.6440095797919071e+01	2.8154775532071017e+02
1.6460091754743480e+01	2.5031550377408698e+02
1.6480051844373644e+01	2.4477657016651796e+02
1.6500112298557088e+01	2.7517034646648165e+02
1.6520013466840435e+01	2.7378008994951313e+02
1.6540057910412600e+01	2.4010914344748892e+02
1.6560034148222943e+01	2.3374841082222022e+02
1.6580047586857361e+01	2.6111252400876106e+02
1.6600081930327853e+01	2.5114823980682075e+02
1.6620064204840126e+01	2.0716667878019081e+02
1.6640029030740877e+01	2.2345964160777930e+02
1.6660043256045224e+01	2.3222618249980417e+02
1.6680020273718931e+01	2.0247520021606505e+02
1.6700138819486170e+01	1.9715390742324863e+02
1.6720028363735853e+01	2.1727845812440114e+02
1.6740127068771237e+01	2.3530749681814854e+02
1.6760046737374882e+01	2.4338454832839341e+02
1.6780128831324053e+01	2.4071929661487547e+02
1.6800061433256815e+01	2.2820780565974684e+02
1.6820091528096533e+01	2.1763594568756312e+02
1.6840131394997698e+01	2.4023118037240414e+02
1.6860097422301706e+01	2.5707524260721425e+02
1.6880026846064325e+01	2.6641418811484317e+02
1.6900113803012552e+01	2.6899212299579659e+02
1.6920092315463812e+01	2.6619447620690073e+02
1.6940099660153251e+01	2.5868910607043188e+02
1.6960115977642335e+01	2.4685042931220147e+02
1.6980083976117790e+01	2.3150173864317463e+02
1.7000077826089310e+01	2.1462360798436259e+02
1.7020064174002716e+01	2.2601467678393848e+02
1.7040125958116203e+01	2.3670597455863424e+02
1.7060120462234558e+01	2.3996608266421632e+02
1.7080056923165134e+01	2.3471590585447143e+02
1.7100003216106629e+01	2.2062285671968226e+02
1.7120036665062401e+01	2.1892134450891447e+02
1.7140042206249294e+01	2.3639926231288587e+02
1.7160045071513608e+01	2.4722362841949229e+02
1.7180112047955031e+01	2.5040791762459946e+02
1.7200088214139480e+01	2.4593853521523295e+02
1.7220087971964457e+01	2.3399152178293980e+02
1.7240125062960811e+01	2.1681022332764314e+02
1.7260117519453338e+01	2.0059464723226785e+02
1.7280089479266103e+01	2.0906370804636691e+02
1.7300118769370318e+01	2.0291517195429151e+02
1.7320046070382485e+01	2.1110055672359641e+02
1.7340003937430332e+01	2.2093644297897811e+02
1.7360059421427451e+01	2.3072343088788062e+02
1.7380051212069226e+01	2.3777385999709486e+02
1.7400047454289140e+01	2.3977831417205286e+02
1.7420124403771428e+01	2.3562546420014917e+02
1.7440004602836641e+01	2.2529547431290126e+02
1.7460073756344187e+01	2.1296903455898081e+02
1.7480012807077731e+01	1.9943087379605467e+02
1.7500095392487712e+01	2.1826354002503538e+02
1.7520087012766410e+01	2.3382932025195311e+02
1.7540103047726479e+01	2.4314141302991285e+02
1.7560108145844836e+01	2.4694202636897001e+02
1.7580054632867039e+01	2.4398509526565081e+02
1.7600044923682642e+01	2.3330610625727419e+02
1.7620012047654825e+01	2.5320960539533226e+02
1.7640099079056622e+01	2.6980137137221323e+02
1.7660045096525138e+01	2.7573120879376745e+02
1.7680066707773559e+01	2.9222597375905360e+02
1.7700086356646839e+01	3.0811461698819289e+02
1.7720069472104640e+01	3.1548882564291137e+02
1.7740040608416386e+01	3.1483443677273840e+02
1.7760025199251565e+01	3.0539391300322802e+02
1.7780077592077710e+01	2.9016803547459216e+02
1.7800079294489802e+01	3.1717173445071217e+02
1.7820045093175878e+01	3.3555759216158077e+02
1.7840055430947267e+01	3.4417217154905228e+02
1.7860053774750348e+01	3.4243416953554595e+02
1.7880026027771226e+01	3.3265021184973375e+02
1.7900060048516480e+01	3.1463020921336380e+02
1.7920058544493067e+01	2.8985431785642646e+02
1.7940004226305494e+01	2.6779400559125082e+02
1.7960004558239905e+01	2.7639996261663930e+02
1.7980073077417885e+01	2.7533910553435624e+02
1.8000043225358745e+01	2.8109141773531252e+02
1.8020045176896314e+01	2.8232100802125404e+02
1.8040077877670878e+01	2.7716700438529563e+02
1.8060084174557907e+01	2.6769512342868370e+02
1.8080096048551450e+01	2.7943326045825916e+02
1.8100021886815277e+01	2.9467910915721001e+02
1.8120046364442043e+01	2.9500507572003011e+02
1.8140102871694804e+01	2.7766275828728715e+02
1.8160109876677666e+01	2.4700725937386153e+02
1.8180075404328758e+01	2.3963729848399257e+02
1.8200077313529253e+01	2.7182284813594822e+02
1.8220103459036253e+01	2.8957044648841747e+02
1.8240099603761863e+01	2.9129549378077098e+02
1.8260091604841765e+01	2.7754339440489787e+02
1.8280042809447515e+01	2.5589565507858939e+02
1.8300104829376160e+01	2.5550553662520065e+02
1.8320028195158184e+01	2.7852495002401190e+02
1.8340108610185421e+01	2.8673303408188917e+02
1.8360006001854099e+01	2.7811428122071857e+02
1.8380103640532884e+01	2.6013459684654742e+02
1.8400112888555125e+01	2.6063655043041092e+02
1.8420040116516606e+01	2.8984335813499797e+02
1.8440037160249005e+01	2.9505693562427831e+02
1.8460076803679659e+01	2.7775095579204174e+02
1.8480059825261097e+01	2.5643324156979594e+02
1.8500087768638576e+01	2.9750057114767026e+02
1.8520053148495155e+01	3.1390467768346434e+02
1.8540082136795235e+01	2.9791583842229392e+02
1.8560032584847761e+01	2.5855298312744890e+02
1.8580087699785221e+01	3.0587268229634043e+02
1.8600067452282438e+01	3.2716235457862331e+02
1.8620017711107913e+01	3.1161782538674640e+02
1.8640113810362632e+01	2.6177249377569279e+02
1.8660005884268788e+01	2.9930270374204650e+02
1.8680078681247480e+01	3.2480376385838542e+02
1.8700100529963656e+01	3.1497172524161027e+02
1.8720028500281106e+01	2.6449535532286524e+02
1.8740094556000027e+01	2.7668908805411525e+02
1.8760001262466943e+01	3.0819388444766281e+02
1.8780043100719535e+01	3.0563739230668682e+02
1.8800023475063938e+01	2.6167761062099447e+02
1.8820073128555567e+01	2.5456762826949250e+02
1.8840084028559694e+01	2.7245237521724272e+02
1.8860053515216823e+01	2.7671858111651380e+02
1.8880040671233282e+01	2.4252594146777000e+02
1.8900123164226851e+01	2.3924232144320246e+02
1.8920001576820873e+01	2.7066250648118006e+02
1.8940097236472706e+01	2.7236617871330321e+02
1.8960135990472896e+01	2.3175099922356017e+02
1.8980122061353352e+01	2.4831166241076721e+02
1.9000001521819090e+01	2.8449324070296933e+02
1.9020007643522586e+01	2.7461083918986810e+02
1.9040124578371948e+01	2.4012393246174676e+02
1.9060009047502177e+01	2.7004555178984327e+02
1.9080013700743489e+01	2.8891589652065181e+02
1.9100018967719109e+01	2.7067188312364647e+02
1.9120098782990429e+01	2.8624571874371486e+02
1.9140030956157954e+01	3.0335010640687898e+02
1.9160077918140495e+01	3.2075605779756421e+02
1.9180064881431047e+01	3.3656933887906519e+02
1.9200081372086942e+01	3.4761153601276595e+02
1.9220044889629730e+01	3.5040964347145746e+02
1.9240078722620495e+01	3.4120182779876950e+02
1.9260029553084276e+01	3.1766630459523134e+02
1.9280021043338404e+01	3.2946139918188805e+02
1.9300095064286079e+01	2.9145841069690192e+02
1.9320047840437525e+01	2.9195273041877380e+02
1.9340084925909043e+01	3.5415803585975345e+02
1.9360042868505758e+01	3.2635768491044655e+02
1.9380028973679600e+01	2.8772394211703465e+02
1.9400015860126363e+01	3.5927870076562147e+02
1.9420082282318440e+01	3.3579978775517088e+02
1.9440069238090150e+01	2.7444109419316334e+02
1.9460012503035902e+01	3.5503578606730179e+02
1.9480035971888650e+01	3.5571915566560858e+02
1.9500056328147114e+01	3.0855998393561742e+02
1.9520074656475256e+01	4.0666594926353787e+02
1.9540003684165011e+01	3.9716159932647565e+02
1.9560029982258637e+01	3.5568188120202080e+02
1.9580034668284533e+01	4.5144435311790608e+02
1.9600053990783312e+01	4.1894007165590926e+02
1.9620040141123475e+01	4.0009359289778922e+02
1.9640015418166410e+01	4.7797948811570842e+02
1.9660036433741148e+01	4.1477408980823606e+02
1.9680052027985980e+01	4.3376474456615574e+02
1.9700060780453086e+01	4.8159212223872737e+02
1.9720061862654742e+01	3.8794847483319643e+02
1.9740065656668691e+01	4.5319381427627536e+02
1.9760067724318546e+01	4.6034427195671446e+02
1.9780017794256143e+01	3.5530420070128304e+02
1.9800041950552718e+01	4.5251135673307238e+02
1.9820025430967110e+01	4.1230954181844947e+02
1.9840032099178419e+01	3.7779053856704070e+02
1.9860061916243346e+01	4.2413836263223436e+02
1.9880082218656952e+01	3.4778092485047171e+02
1.9900005114551167e+01	3.7691066655656857e+02
1.9920085691169724e+01	3.6648991179177187e+02
1.9940045434137897e+01	3.3612308917097596e+02
1.9960048906041600e+01	3.4686674565561452e+02
1.9980026730772170e+01	3.4971809001108812e+02
2.0000053628528548e+01	3.6937696353624312e+02
2.0020023207285305e+01	3.6375951526572510e+02
2.0040008051102376e+01	3.4087513331448116e+02
2.0060050284853620e+01	3.4284424664509271e+02
2.0080065381042331e+01	3.3306423589307627e+02
2.0100003619663294e+01	3.0347399109594915e+02
2.0120052808622141e+01	3.0462160039549252e+02
2.0140076548712770e+01	3.1262851632237607e+02
2.0160069455920436e+01	2.9296132432898349e+02
2.0180052838068441e+01	2.8267335177052644e+02
2.0200091525454202e+01	3.1640147742667949e+02
2.0220061430435997e+01	3.1624224919643734e+02
2.0240080457146430e+01	2.9543717034080726e+02
2.0260066824953800e+01	3.2422067540884223e+02
2.0280000424484459e+01	3.5278059772704631e+02
2.0300060577887333e+01	3.4732122348612268e+02
2.0320000261402654e+01	3.2392177858233009e+02
2.0340019181438166e+01	3.5511665559508157e+02
2.0360068195731685e+01	3.6833937369926952e+02
2.0380064739321121e+01	3.5314062432117339e+02
2.0400004544526166e+01	3.2080449595285023e+02
2.0420089678911886e+01	3.1563919044838559e+02
2.0440089586388449e+01	3.1394501740180687e+02
2.0460027700202279e+01	3.1166039000366214e+02
2.0480048892261550e+01	3.1860016721349416e+02
2.0500070031386791e+01	3.2077678822578821e+02
2.0520036947140916e+01	3.1695810999742082e+02
2.0540059823373014e+01	3.0596984410069877e+02
2.0560022228097921e+01	3.0944277796474859e+02
2.0580097968668579e+01	3.1247198303137645e+02
2.0600002274757479e+01	3.4418968500832085e+02
2.0620041990708309e+01	3.6776270832633634e+02
2.0640044227450851e+01	3.8042175591273991e+02
2.0660064275232422e+01	3.8294340831990746e+02
2.0680034573199496e+01	3.7632571771118154e+02
2.0700015063021187e+01	3.6382238315242216e+02
2.0720001774147200e+01	3.4757581879511019e+02
2.0740063679014021e+01	3.7120909816326741e+02
2.0760019356811338e+01	3.9537684254763099e+02
2.0780050917593734e+01	4.1275980175472841e+02
2.0800038195772157e+01	4.2241132199237944e+02
2.0820057577655199e+01	4.2441857118692474e+02
2.0840051958454499e+01	4.2037989570265705e+02
2.0860053671489347e+01	4.1139732123500312e+02
2.0880067951782024e+01	3.9732459050941839e+02
2.0900048776913618e+01	3.7771435856765470e+02
2.0920042871890615e+01	3.6179570841556318e+02
2.0940028120250716e+01	3.6892784888044150e+02
2.0960066989715195e+01	3.7266206129438410e+02
2.0980070149517033e+01	3.7351418715285996e+02
2.1000018335045702e+01	3.7128457791210303e+02
2.1020070967382338e+01	3.7486551912713333e+02
2.1040049792844240e+01	3.8207670026912962e+02
2.1060024733227099e+01	3.9093219860202385e+02
2.1080017257049910e+01	4.0034581478957341e+02
2.1100026613773565e+01	4.0920322171649320e+02
2.1120031504941995e+01	4.1628934727275919e+02
2.1140074497402665e+01	4.2011396445748386e+02
2.1160042780627695e+01	4.1919178263644517e+02
2.1180042970612092e+01	4.1222884939284637e+02
2.1200004581745024e+01	3.9833352270763487e+02
2.1220042589601864e+01	3.7719306351484306e+02
2.1240023068580580e+01	3.4971342992761208e+02
2.1260068458308119e+01	3.1805555180107962e+02
2.1280013577381304e+01	3.4452471109019990e+02
2.1300062140003075e+01	3.6729859036152192e+02
2.1320070493894946e+01	3.8408242613697394e+02
2.1340018130301079e+01	3.9510076290934143e+02
2.1360027176138921e+01	4.0078627342838615e+02
2.1380034742402952e+01	4.0160001246491953e+02
2.1400014111983065e+01	3.9896144208314433e+02
2.1420021460730045e+01	3.9430573347768512e+02
2.1440047440838715e+01	3.8893009914317508e+02
2.1460022716908501e+01	3.8361955912722954e+02
2.1480018334203120e+01	3.7869215574937476e+02
2.1500000327130930e+01	3.7478394447558065e+02
2.1520074772815338e+01	3.7208337075666100e+02
2.1540017136914614e+01	3.7015402431616747e+02
2.1560055388684329e+01	3.6862096803732038e+02
2.1580084480539121e+01	3.6719051099504463e+02
2.1600037792259236e+01	3.6491951219393172e+02
2.1620066864739236e+01	3.6112700690538395e+02
2.1640005041488052e+01	3.5542314920708384e+02
2.1660071623204555e+01	3.4671227127812392e+02
2.1680009966201080e+01	3.3425028641576682e+02
2.1700052558248174e+01	3.1769130567670595e+02
2.1720054715436458e+01	2.9731931291301748e+02
2.1740036940979948e+01	2.7376950560370244e+02
2.1760007874243637e+01	2.7457331504991089e+02
2.1780050030279128e+01	2.8217526913163499e+02
2.1800012413403579e+01	2.8252914017586278e+02
2.1820015673407344e+01	2.8444198421308636e+02
2.1840054950768682e+01	2.9180114874182647e+02
2.1860045615164928e+01	2.9542792970727510e+02
2.1880011966231109e+01	2.9580339844000201e+02
2.1900043162829910e+01	2.9355894632358797e+02
2.1920078220008364e+01	2.8941564593132904e+02
2.1940002741329149e+01	2.8409546097392922e+02
2.1960104221064519e+01	2.7805719774673804e+02
2.1980079393241279e+01	2.7175500287073737e+02
2.2000051352171905e+01	2.6539302783600186e+02
2.2020004792389358e+01	2.6325066247968027e+02
2.2040008576730106e+01	2.9238302953007502e+02
2.2060032201886504e+01	2.8704817556634714e+02
2.2080099649957223e+01	2.8286749086888659e+02
2.2100040273136919e+01	3.1631491519840574e+02
2.2120049514491960e+01	3.3140309428839959e+02
2.2140095031864053e+01	3.2749717945178611e+02
2.2160042787232847e+01	3.0206111130881868e+02
2.2180061382137911e+01	2.8085056560395697e+02
2.2200077259172321e+01	3.3942046496489388e+02
2.2220058924197780e+01	3.7811878221499154e+02
2.2240074538239803e+01	3.8836632326636948e+02
2.2260024459505058e+01	3.7140280481844786e+02
2.2280014042348036e+01	3.3401084957193041e+02
2.2300060479287829e+01	3.2821823150868596e+02
2.2320073516432071e+01	3.6339922647692867e+02
2.2340065556453840e+01	3.7599148554704510e+02
2.2360080586567392e+01	3.6559061570178619e+02
2.2380068779591017e+01	3.3655418338888802e+02
2.2400091001280675e+01	2.9544856555387622e+02
2.2420020238003016e+01	2.8388609496628328e+02
2.2440076938004832e+01	3.0385096865839205e+02
2.2460106585630960e+01	2.9215457669796155e+02
2.2480036084278808e+01	2.9123731798738970e+02
2.2500012694063461e+01	2.9488031837294955e+02
2.2520032440082232e+01	3.1011069439597065e+02
2.2540093790060620e+01	3.0382368273480529e+02
2.2560004739147601e+01	2.8539612738185792e+02
2.2580002635124643e+01	2.9928472249252729e+02
2.2600032961420069e+01	3.2490976293657565e+02
2.2620082725908091e+01	3.1760367773206428e+02
2.2640080177123579e+01	2.7927124534363622e+02
2.2660066293401940e+01	3.2260535110123345e+02
2.2680071405651521e+01	3.5022284154405440e+02
2.2700038183893636e+01	3.4353445519170054e+02
2.2720062328763550e+01	3.0735212104673968e+02
2.2740044233426971e+01	2.9744847342605306e+02
2.2760015485470152e+01	3.4743321513329931e+02
2.2780017297203312e+01	3.6804551304050381e+02
2.2800042457410203e+01	3.5975429963082206e+02
2.2820006245536007e+01	3.3035980092239606e+02
2.2840076103217957e+01	2.8662944684515008e+02
2.2860076978287978e+01	3.2194425876709403e+02
2.2880059670503957e+01	3.6832654341319903e+02
2.2900054743525871e+01	3.9735845027777822e+02
2.2920076122013661e+01	4.0818965944404329e+02
2.2940008851147471e+01	4.0062695434508976e+02
2.2960058233280979e+01	3.7492289591393347e+02
2.2980014292559595e+01	3.3454073759404378e+02
2.3000012221426456e+01	2.8565486749625171e+02
2.3020035389457412e+01	3.2057619439584454e+02
2.3040088235562560e+01	3.4434860935638744e+02
2.3060021992458918e+01	3.5287222129897270e+02
2.3080073455114569e+01	3.4659161980087873e+02
2.3100046661303072e+01	3.2713298746464375e+02
2.3120092462045527e+01	3.2974730439599148e+02
2.3140030412135360e+01	3.3932180258048606e+02
2.3160046485010113e+01	3.0937826084557133e+02
2.3180060364883175e+01	2.6801718940010710e+02
2.3200045407471805e+01	3.3492805317787503e+02
2.3220070053675045e+01	3.7312243449546554e+02
2.3240042033956573e+01	3.7303592626991843e+02
2.3260060877296048e+01	3.3886695290576858e+02
2.3280071837098149e+01	3.3091485838709121e+02
2.3300012941888568e+01	3.7796151023197871e+02
2.3320070077767650e+01	4.1348536474270554e+02
2.3340066464970668e+01	4.0364047438582867e+02
2.3360036186083480e+01	3.4706514975164362e+02
2.3380055843465122e+01	3.6668679882919616e+02
2.3400065179127793e+01	4.3429756118647811e+02
2.3420012836498660e+01	4.6203687816762942e+02
2.3440034995262014e+01	4.3485948207048364e+02
2.3460032469830900e+01	3.6432704785043086e+02
2.3480052300468593e+01	4.2267740946197080e+02
2.3500003569129905e+01	4.7775457835823363e+02
2.3520037389724479e+01	4.8289824636895582e+02
2.3540020948879008e+01	4.2938627138232374e+02
2.3560080822564682e+01	3.5391250788428925e+02
2.3580023774685007e+01	4.1682093972725420e+02
2.3600009262865871e+01	4.3662920390063766e+02
2.3620003416233441e+01	4.0906190243329820e+02
2.3640015785540115e+01	3.4110277980025364e+02
2.3660017141483340e+01	2.9496725107360328e+02
2.3680030934208713e+01	3.3613759407251388e+02
2.3700009284432522e+01	3.8307481179333581e+02
2.3720017751648111e+01	3.9332834454506246e+02
2.3740068005858756e+01	3.6340858204412768e+02
2.3760047189281508e+01	3.4559923022925136e+02
2.3780015300847332e+01	4.0597826032552172e+02
2.3800025231361580e+01	4.3193781170946477e+02
2.3820014545425046e+01	4.2268668170172998e+02
2.3840033354858850e+01	3.8064311887667100e+02
2.3860085514954775e+01	3.3910141451581416e+02
2.3880007106510810e+01	3.7854442782703279e+02
2.3900059763229219e+01	3.8513792194869353e+02
2.3920023246934566e+01	3.6371531640892960e+02
2.3940057648098133e+01	3.1996303109693986e+02
2.3960048644570016e+01	2.6575991919301339e+02
2.3980086070745418e+01	2.9986743306978087e+02
2.4000046972268567e+01	3.2063259218415112e+02
2.4020049480832778e+01	3.1980747357033692e+02
2.4040050522720438e+01	2.9553251721983759e+02
2.4060050560275105e+01	3.1814374697578063e+02
2.4080026630878628e+01	3.5196683471677608e+02
2.4100079932981565e+01	3.6220827753997935e+02
2.4120026068726027e+01	3.4600473931347449e+02
2.4140046438699006e+01	3.0715076607162626e+02
2.4160077935224532e+01	2.9644090760626574e+02
2.4180086245046628e+01	3.1852434432230177e+02
2.4200021968217808e+01	3.1714492154269630e+02
2.4220038878054758e+01	2.9090801153959069e+02
2.4240008399517578e+01	2.5358988927834949e+02
2.4260018866038816e+01	2.4760762114178914e+02
2.4280056559843899e+01	2.6166813869933418e+02
2.4300098793063622e+01	2.5347396180661900e+02
2.4320046189580989e+01	2.4545900763164678e+02
2.4340005363383398e+01	2.4651617934950011e+02
2.4360083762343482e+01	2.4249561950242730e+02
2.4380024706418773e+01	2.3417465358152964e+02
2.4400077632966997e+01	2.5481572182293900e+02
2.4420043223436330e+01	2.7440007590435465e+02
2.4440072557894784e+01	2.8118940389417031e+02
2.4460023522090744e+01	2.7272518805850052e+02
2.4480071960093955e+01	2.5848806257135260e+02
2.4500000878633916e+01	2.5553407834447427e+02
2.4520117255709394e+01	2.5184495128027083e+02
2.4540045355043635e+01	2.4425285162722287e+02
2.4560092881684689e+01	2.3568660275763989e+02
2.4580038277637122e+01	2.7123291561920371e+02
2.4600048105320102e+01	2.9030017732159592e+02
2.4620052064773422e+01	2.8985112874089140e+02
2.4640030344700705e+01	2.6882356415155471e+02
2.4660091257185968e+01	2.4172385520000287e+02
2.4680117787724512e+01	2.4069646527392362e+02
2.4700111836897339e+01	2.6731605679511182e+02
2.4720008294718060e+01	2.8811590931167666e+02
2.4740005475477801e+01	2.9282723775059003e+02
2.4760057480114732e+01	2.7939575635844733e+02
2.4780033787505261e+01	2.4840887670226300e+02
2.4800056728498920e+01	2.4126096797174748e+02
2.4820083565333199e+01	2.5970927629411437e+02
2.4840064439366582e+01	2.8319513981826481e+02
2.4860020823011055e+01	2.8092270468419622e+02
2.4880087757715568e+01	2.4865922561603404e+02
2.4900037765764509e+01	2.2827912190951503e+02
2.4920052296933893e+01	2.4947694883592294e+02
2.4940094923974922e+01	2.5751013412627458e+02
2.4960034236020736e+01	2.4849997909590343e+02
2.4980077197259025e+01	2.2330475645320519e+02
2.5000084139475341e+01	2.4790405789301042e+02
2.5020035457454536e+01	2.5844177675078129e+02
2.5040028841070235e+01	2.5274670093916109e+02
2.5060095048674810e+01	2.3128388191181872e+02
2.5080071995303740e+01	2.2815268639953172e+02
2.5100035604855790e+01	2.2715980351679789e+02
2.5120077252300572e+01	2.3951606313738657e+02
2.5140110087516984e+01	2.4333926388559422e+02
2.5160085410357539e+01	2.4133517392959212e+02
2.5180088929100947e+01	2.3671394802761347e+02
2.5200062031826480e+01	2.4948280528895759e+02
2.5220088382786095e+01	2.5187359550260396e+02
2.5240041322155559e+01	2.5006026176846791e+02
2.5260080849899449e+01	2.5459601841101895e+02
2.5280067842699729e+01	2.8167135316865011e+02
2.5300094458551211e+01	2.6948360458974525e+02
2.5320091773088944e+01	2.4091012625758469e+02
2.5340023159532400e+01	2.6270526575991727e+02
2.5360014631506761e+01	2.7693715587139218e+02
2.5380080665337456e+01	2.5857633217973665e+02
2.5400048462912906e+01	2.7197333360939200e+02
2.5420054680625181e+01	2.8478173102614522e+02
2.5440102455759419e+01	2.8943319893385757e+02
2.5460075826349872e+01	2.8355100388033367e+02
2.5480087876726220e+01	2.6609901854924601e+02
2.5500072147370926e+01	2.6393614219009430e+02
2.5520107111173036e+01	2.6774636343018261e+02
2.5540043477791187e+01	2.7271882437154960e+02
2.5560029787583119e+01	2.8718783757892794e+02
2.5580084130093056e+01	3.0291507245674592e+02
2.5600047224086342e+01	3.2182707941333467e+02
2.5620071901833565e+01	3.4988654478995858e+02
2.5640077404369041e+01	3.6507165862296119e+02
2.5660036867369968e+01	3.5984376144702946e+02
2.5680069867381789e+01	3.2995742581346013e+02
2.5700073123859070e+01	3.2786756287819333e+02
2.5720029110407189e+01	3.4013919722677599e+02
2.5740045343491122e+01	3.5058533915871982e+02
2.5760052079366456e+01	3.5556760589241003e+02
2.5780015138738655e+01	3.5127702108332568e+02
2.5800003519974581e+01	3.3512563737051562e+02
2.5820023746796220e+01	3.2207663922968180e+02
2.5840095416520413e+01	3.0353678695152166e+02
2.5860048203076694e+01	3.0591313114245912e+02
2.5880026781720186e+01	3.1102196182919459e+02
2.5900066700308280e+01	3.0376568097155842e+02
2.5920003489957857e+01	3.0759831246352735e+02
2.5940059521468143e+01	3.1728308518703534e+02
2.5960047145006389e+01	3.1930797751396256e+02
2.5980039725249416e+01	3.2207703014798187e+02
2.6000065444767333e+01	3.2555961375901910e+02
2.6020062707945446e+01	3.1702699630116990e+02
2.6040046287069007e+01	3.2634732291711288e+02
2.6060076030254997e+01	3.7403344385065793e+02
2.6080006220793674e+01	4.1565083799754541e+02
2.6100037794822903e+01	4.4924119109236551e+02
2.6120043031254006e+01	4.7444215270757928e+02
2.6140060381076395e+01	4.9376025276125802e+02
2.6160011370781323e+01	5.1006517121206230e+02
2.6180024447275873e+01	5.2603640558242591e+02
2.6200011895781188e+01	5.4342516054975192e+02
2.6220017690462438e+01	5.6330627428985247e+02
2.6240001400283234e+01	5.8604879714696290e+02
2.6260032295609250e+01	6.1128870853770820e+02
2.6280043673894205e+01	6.3771248387791377e+02
2.6300028768738898e+01	6.6329509907291174e+02
2.6320003113303066e+01	6.8554436282155768e+02
2.6340012308230275e+01	7.0145772090486776e+02
2.6360013998348638e+01	7.0744382045681505e+02
2.6380018669493097e+01	7.0058859386849338e+02
2.6400017093158141e+01	6.7893089728357131e+02
2.6420040661055026e+01	6.4153872573664876e+02
2.6440026592015720e+01	5.8955630706729016e+02
2.6460051683066911e+01	5.2896553382247907e+02
2.6480025720541427e+01	5.4009633687352266e+02
2.6500000310387932e+01	5.8380014598399043e+02
2.6520043027050242e+01	6.1533334550638483e+02
2.6540040268215236e+01	6.3426156775691720e+02
2.6560030928819767e+01	6.4136451880655545e+02
2.6580013483842354e+01	6.3830406179559031e+02
2.6600022371329093e+01	6.2740866411065917e+02
2.6620013507153367e+01	6.1126556578769907e+02
2.6640011297505353e+01	5.9259592182299582e+02
2.6660052540003839e+01	5.7404071848987144e+02
2.6680033643207267e+01	5.5813392976531111e+02
2.6700053998400264e+01	5.4682596950741424e+02
2.6720041941281945e+01	5.4112909642431850e+02
2.6740014905621539e+01	5.4145306144029678e+02
2.6760043327000620e+01	5.4767662831489122e+02
2.6780042785046554e+01	5.5865952719902430e+02
2.6800046891159347e+01	5.7264520666374870e+02
2.6820034292428613e+01	5.8806305954769800e+02
2.6840038707329974e+01	6.0302484399951254e+02
2.6860016178724656e+01	6.1462177195766185e+02
2.6880022262881408e+01	6.1985090411554268e+02
2.6900048218877604e+01	6.1616106841470321e+02
2.6920050744887192e+01	6.0184947821127946e+02
2.6940043650735454e+01	5.7489391521566631e+02
2.6960033798828437e+01	5.3543361025347099e+02
2.6980031853414847e+01	4.8536686167389519e+02
2.7000006562107213e+01	4.2551347735087950e+02
2.7020001489234662e+01	4.6362251600504544e+02
2.7040027649246472e+01	4.9028569849691866e+02
2.7060051397063194e+01	5.0478827159804553e+02
2.7080045016559872e+01	5.0781683501787552e+02
2.7100058343130907e+01	5.0073071654009811e+02
2.7120010515361514e+01	4.8601751024296618e+02
2.7140013680359637e+01	4.8694411997430433e+02
2.7160012226882191e+01	5.0437509936347834e+02
2.7180009587996810e+01	5.1596351576862719e+02
2.7200024824191974e+01	5.2266129289914602e+02
2.7220047872547749e+01	5.2531187713885652e+02
2.7240032255186996e+01	5.2477108215621672e+02
2.7260024495506510e+01	5.2194167574875144e+02
2.7280035063275268e+01	5.1761963080282328e+02
2.7300061917282633e+01	5.1139401193095455e+02
2.7320025629189661e+01	5.0128557145289983e+02
2.7340062891593963e+01	4.8507373509985757e+02
2.7360033070830145e+01	4.6320424197786861e+02
2.7380008645737362e+01	4.3702274469197010e+02
2.7400025602655592e+01	4.0708370837005998e+02
2.7420045275555140e+01	3.7296955886603769e+02
2.7440013800036347e+01	3.5645237963108298e+02
2.7460059091487672e+01	3.8181295528558377e+02
2.7480078225374484e+01	4.0474349565273224e+02
2.7500025845902019e+01	4.2255356828155584e+02
2.7520038171008494e+01	4.3370111151670693e+02
2.7540062479533916e+01	4.3790832356787911e+02
2.7560041003980846e+01	4.3558276533922322e+02
2.7580052224441701e+01	4.2719819110626548e+02
2.7600062513559248e+01	4.1357299825960996e+02
2.7620000666478120e+01	3.9532967838763170e+02
2.7640006260724856e+01	3.7283588342170651e+02
2.7660035426228188e+01	3.4695083455436389e+02
2.7680076986798614e+01	3.1856363228250655e+02
2.7700041108851188e+01	2.8911508430766759e+02
2.7720091181950959e+01	2.7980990128328256e+02
2.7740104786058271e+01	2.8060014634882913e+02
2.7760054727553335e+01	2.7523638167481914e+02
2.7780025831323307e+01	2.6417636688845357e+02
2.7800061153585009e+01	2.4821830589211208e+02
2.7820023163153309e+01	2.5884597353348477e+02
2.7840090702015033e+01	2.7848350831708876e+02
2.7860036616035249e+01	2.9382667451935748e+02
2.7880077733590614e+01	3.0424032385112372e+02
2.7900028181429089e+01	3.0909965650593938e+02
2.7920059866610277e+01	3.0822253205664003e+02
2.7940079280417333e+01	3.0331476459397709e+02
2.7960105594077483e+01	2.9556101756470002e+02
2.7980007562134986e+01	2.8844397600409877e+02
2.8000066694393063e+01	3.1313146690300471e+02
2.8020047032463143e+01	3.4089472106208751e+02
2.8040002686556630e+01	3.6513276279019374e+02
2.8060052092001047e+01	3.8482612619662598e+02
2.8080042405898560e+01	3.9905019286659353e+02
2.8100026413185862e+01	4.0737739692522371e+02
2.8120029538988160e+01	4.1121340193676554e+02
2.8140043647555366e+01	4.0977420580738874e+02
2.8160029103540250e+01	4.0291876255705984e+02
2.8180051233306681e+01	4.3170810998901595e+02
2.8200028184195318e+01	4.6720400634470371e+02
2.8220031900146783e+01	4.9397954381434766e+02
2.8240040533942889e+01	5.1124495649028387e+02
2.8260019906635442e+01	5.1786542163818081e+02
2.8280001008276209e+01	5.1454298680489876e+02
2.8300050585010123e+01	5.0163380080520562e+02
2.8320007580365740e+01	4.8599492245039227e+02
2.8340015354463720e+01	5.3553337469009944e+02
2.8360022400323253e+01	5.7426989828440219e+02
2.8380022718357484e+01	5.9917799362458209e+02
2.8400010946747994e+01	6.0994740677265554e+02
2.8420047655883213e+01	6.0447008892011627e+02
2.8440046829485880e+01	5.7615050930804978e+02
2.8460014756284934e+01	5.2384800241968901e+02
2.8480030824310248e+01	5.7484413537562773e+02
2.8500038049053014e+01	6.2189474813364802e+02
2.8520022111088444e+01	6.4134612735570533e+02
2.8540042874618820e+01	6.2865295313221588e+02
2.8560004393472649e+01	5.8488424534933540e+02
2.8580038068233197e+01	5.1430836489272178e+02
2.8600050384366600e+01	5.4229849085659714e+02
2.8620043065124936e+01	5.8476839483708045e+02
2.8640003919375886e+01	6.0137472249611096e+02
2.8660018918999434e+01	5.9068620710192363e+02
2.8680003819855628e+01	5.5200523166742437e+02
2.8700029612699606e+01	5.4034401180264661e+02
2.8720023616637334e+01	5.2994710718227680e+02
2.8740017936484119e+01	5.6086998073864686e+02
2.8760016593788073e+01	5.9082213180107692e+02
2.8780033051149715e+01	5.9079060398605975e+02
2.8800010588663223e+01	5.5768140582276578e+02
2.8820015466641845e+01	5.1418814033858700e+02
2.8840024669414603e+01	5.3409495824187616e+02
2.8860032544852466e+01	6.0064891486679130e+02
2.8880036108993362e+01	6.3467997827891418e+02
2.8900017326664482e+01	6.3027289634466160e+02
2.8920034714896119e+01	5.8470171711053172e+02
2.8940014541313783e+01	5.0843244799821576e+02
2.8960020487677795e+01	6.0422253708868629e+02
2.8980015517343542e+01	6.6553410823710647e+02
2.9000027824634159e+01	6.8151967839195436e+02
2.9020003397782325e+01	6.4890506479737428e+02
2.9040022777640399e+01	5.7316957489604636e+02
2.9060033307391546e+01	6.0649278307580448e+02
2.9080044540417216e+01	6.7843143784797485e+02
2.9100031642063790e+01	7.0185109707581728e+02
2.9120046581760143e+01	6.7387084352667739e+02
2.9140047767435682e+01	5.9957919908977919e+02
2.9160042966410710e+01	5.8425110534958662e+02
2.9180038269986614e+01	6.5410691779305535e+02
2.9200002864313049e+01	6.7809002961386568e+02
2.9220036047539324e+01	6.5579814183765723e+02
2.9240023297189097e+01	5.8998559100493617e+02
2.9260004457294514e+01	5.3778148435245600e+02
2.9280000649038527e+01	6.0338325471397479e+02
2.9300007730132762e+01	6.3200820261930755e+02
2.9320025495650864e+01	6.2141406477813564e+02
2.9340044396673843e+01	5.7188008791457196e+02
2.9360003621098002e+01	4.9443190133678831e+02
2.9380006520193074e+01	5.5883231522318829e+02
2.9400043451301951e+01	5.9954732350970608e+02
2.9420022035982914e+01	6.0245274722254385e+02
2.9440053943235011e+01	5.6442240858006301e+02
2.9460029010817443e+01	4.9404797275187889e+02
2.9480022293067424e+01	5.3810320887497710e+02
2.9500007880552221e+01	5.8830732489787351e+02
2.9520027618537675e+01	5.9829404860518230e+02
2.9540015513035435e+01	5.6478259238516011e+02
2.9560024287911844e+01	4.9789803522789794e+02
2.9580008508636535e+01	5.3465126315258306e+02
2.9600007950843423e+01	5.8698611902283074e+02
2.9620018831518848e+01	5.9655317967667986e+02
2.9640056042395422e+01	5.6359020610828134e+02
2.9660058964705158e+01	5.0044092205130312e+02
2.9680042842551334e+01	5.3223163503381681e+02
2.9700037216251882e+01	5.8037059593843401e+02
2.9720046777566377e+01	5.8839337001415163e+02
2.9740039492845014e+01	5.5949237815919696e+02
2.9760041165586998e+01	5.0485305619532585e+02
2.9780030295760778e+01	5.3737642997826765e+02
2.9800033130429931e+01	5.8102766816628093e+02
2.9820039747153363e+01	5.8076638664393681e+02
2.9840019620625050e+01	5.3509332746565940e+02
2.9860014780750163e+01	4.8585488103071657e+02
2.9880028435638074e+01	5.5450418202647688e+02
2.9900054199902048e+01	5.6848953071110009e+02
2.9920047063455964e+01	5.2101169773630238e+02
2.9940063030576169e+01	4.2442213218587420e+02
2.9960011648006283e+01	4.2249340323276181e+02
2.9980001127024103e+01	4.1185472486617380e+02
3.0000060204902237e+01	4.6823957522851856e+02
3.0020051328194583e+01	4.7647898898921585e+02
3.0040036137231926e+01	4.4269916280667144e+02
3.0060020632082615e+01	4.6509916232804920e+02
3.0080030852045667e+01	5.0629526560879560e+02
3.0100009904085812e+01	4.9312442561653552e+02
3.0120033925415257e+01	4.4074787839133620e+02
3.0140009852189142e+01	4.6646044237335326e+02
3.0160032652749216e+01	5.0165071925151767e+02
3.0180006181701405e+01	4.8563283677708398e+02
3.0200061146532466e+01	4.3415800173294292e+02
3.0220049443148614e+01	4.3194370142176649e+02
3.0240059627891231e+01	4.6776637855815204e+02
3.0260056429991920e+01	4.5785218144926006e+02
3.0280020859044672e+01	4.1446466225744769e+02
3.0300032117502823e+01	3.6932601032257412e+02
3.0320054816403339e+01	4.0030534782045675e+02
3.0340048014875812e+01	3.8905712084841946e+02
3.0360036850187676e+01	3.4275975707497321e+02
3.0380082642668157e+01	3.0881809877653438e+02
3.0400058356159374e+01	3.0294384714224640e+02
3.0420053235691494e+01	3.4471539348084127e+02
3.0440023414319491e+01	3.5824647637998402e+02
3.0460025229681371e+01	3.4433318893117900e+02
3.0480034475379743e+01	3.6302909861339936e+02
3.0500069450365835e+01	4.0395709152730228e+02
3.0520033904573186e+01	4.0641251444020270e+02
3.0540039963336426e+01	3.7538717497275695e+02
3.0560036155044401e+01	3.4500723757204275e+02
3.0580049253023674e+01	3.8773351208371076e+02
3.0600072138711550e+01	3.9156057846417616e+02
3.0620029393294395e+01	3.6030535796597320e+02
3.0640005039694696e+01	3.1002481662621346e+02
3.0660082888645121e+01	3.5770820526907312e+02
3.0680026512385737e+01	3.6770905877419227e+02
3.0700064175621073e+01	3.4292391328118833e+02
3.0720015700589261e+01	2.9676663226302242e+02
3.0740008407800961e+01	3.0942579811217342e+02
3.0760055284845951e+01	3.1093792660321651e+02
3.0780091305660850e+01	2.8408101798274242e+02
3.0800118675417224e+01	2.4698843840429515e+02
3.0820131265641361e+01	2.3764736932012170e+02
3.0840116859947187e+01	2.3917826478164105e+02
3.0860019904739865e+01	2.4408113267531184e+02
3.0880047249882328e+01	2.3640290677476702e+02
3.0900111058909243e+01	2.5436569899952156e+02
3.0920059003063301e+01	2.4348200869648210e+02
3.0940005166535482e+01	2.4994861577136982e+02
3.0960029288789418e+01	2.4308297040923537e+02
3.0980125541776108e+01	2.4918478364353058e+02
3.1000120114429052e+01	2.3003331893039524e+02
3.1020054393034876e+01	2.6468822648221169e+02
3.1040063679175493e+01	2.8160700537752678e+02
3.1060087197936980e+01	2.8049719953301974e+02
3.1080063831340041e+01	2.6416074809193668e+02
3.1100085935588382e+01	2.4918107125226436e+02
3.1120050567451777e+01	2.5562707294473972e+02
3.1140015034013970e+01	2.7232523798590165e+02
3.1160064376528126e+01	2.7162369460594044e+02
3.1180012090448646e+01	2.6055340552700102e+02
3.1200025190182707e+01	2.5056776354458066e+02
3.1220029977594102e+01	2.8671728519814764e+02
3.1240072221041665e+01	3.0862698766458664e+02
3.1260092595847084e+01	3.1229178998572831e+02
3.1280067094640319e+01	2.9718216572809297e+02
3.1300036938740668e+01	2.6525753359815951e+02
3.1320024642324022e+01	2.5798629500806044e+02
3.1340002852727142e+01	2.8959767661915777e+02
3.1360044501023374e+01	3.0551909658787793e+02
3.1380099304490571e+01	3.0159879779650788e+02
3.1400002378302343e+01	2.7821280602538070e+02
3.1420003929741071e+01	2.3902068505030076e+02
3.1440116282817051e+01	2.5902929507906549e+02
3.1460088341248007e+01	2.8489233478499165e+02
3.1480058026883242e+01	2.9328803120602981e+02
3.1500061510194005e+01	2.8401315909333209e+02
3.1520008912980551e+01	2.8043186380914898e+02
3.1540052375241068e+01	2.7742540627719154e+02
3.1560046653343843e+01	2.6252542812865892e+02
3.1580021013128420e+01	2.8229586560368421e+02
3.1600086755632081e+01	2.9011124619917820e+02
3.1620107131227122e+01	2.8057251420410279e+02
3.1640074356132761e+01	2.5727146081695929e+02
3.1660005477070452e+01	2.2527472359241412e+02
3.1680021828971284e+01	2.4717677349884423e+02
3.1700052979725516e+01	2.7021924526324187e+02
3.1720068155648914e+01	2.7869398115149704e+02
3.1740015548763076e+01	2.7238514663668968e+02
3.1760021021241339e+01	2.5553426863902649e+02
3.1780021169720062e+01	2.6250491757194368e+02
3.1800061554182172e+01	2.7080128415530282e+02
3.1820003393223242e+01	2.6679255205498828e+02
3.1840035921561181e+01	2.7113751702526343e+02
3.1860099068689497e+01	2.7365613311800752e+02
3.1880078328686782e+01	3.0240897932496603e+02
3.1900059373288588e+01	3.1705900930115718e+02
3.1920015040885897e+01	3.1129138003989061e+02
3.1940015960597975e+01	2.8057118666722465e+02
3.1960088246562492e+01	3.0172745530295936e+02
3.1980044949789594e+01	3.4077298937016684e+02
3.2000071615225508e+01	3.5885987237392118e+02
3.2020046833595444e+01	3.5081897310342532e+02
3.2040074428337462e+01	3.1194445343483414e+02
3.2060062252768034e+01	3.2864842731954741e+02
3.2080020520253008e+01	3.7693411094684188e+02
3.2100054614686982e+01	4.0127033448314273e+02
3.2120047923868427e+01	3.9633397908669252e+02
3.2140065755577076e+01	3.5840979372680943e+02
3.2160053647098870e+01	3.4706691741135029e+02
3.2180055649364256e+01	4.0034761366303371e+02
3.2200011871725330e+01	4.2443031512740276e+02
3.2220015639960721e+01	4.1661677625055171e+02
3.2240048572334963e+01	3.7585460385836279e+02
3.2260019117038617e+01	3.3086582809472708e+02
3.2280016335743618e+01	3.8883656035090655e+02
3.2300021220236658e+01	4.1766909889350637e+02
3.2320056776655314e+01	4.1207629856234536e+02
3.2340047281883564e+01	3.7265179125168004e+02
3.2360025887402827e+01	3.1946713085985004e+02
3.2380076367632689e+01	3.7620875919194225e+02
3.2400058521428733e+01	4.0254936370502298e+02
3.2420040030947305e+01	3.9494471113799392e+02
3.2440011549511688e+01	3.5591567817265934e+02
3.2460005847292443e+01	3.1333686152382290e+02
3.2480059584218516e+01	3.6658067897718286e+02
3.2500024831553766e+01	3.9033898929702229e+02
3.2520056868480850e+01	3.7991889518534003e+02
3.2540062382635220e+01	3.4176054480335910e+02
3.2560076283560527e+01	3.1614936491660660e+02
3.2580032627294898e+01	3.6668694357482980e+02
3.2600009921400357e+01	3.8658432257848489e+02
3.2620046821803236e+01	3.7440033842011763e+02
3.2640036432315114e+01	3.3502838514284952e+02
3.2660024710799135e+01	3.2253860814084771e+02
3.2680062570804004e+01	3.6637603587292779e+02
3.2700046500916066e+01	3.7732495971139065e+02
3.2720033675046921e+01	3.5744049644348729e+02
3.2740007707175245e+01	3.1154684749687993e+02
3.2760011168872168e+01	3.0094916546600354e+02
3.2780012523557225e+01	3.2920111444073143e+02
3.2800008426593095e+01	3.2584537964487356e+02
3.2820099907002039e+01	2.9525252704728734e+02
3.2840019208849036e+01	2.5010192298943349e+02
3.2860024983086305e+01	2.4214759842514977e+02
3.2880116015192087e+01	2.5343315269192414e+02
3.2900039613326939e+01	2.5280764313412971e+02
3.2920030568578035e+01	2.5880588828978404e+02
3.2940012984377560e+01	2.5357331959143937e+02
3.2960080377267325e+01	2.5823787217287941e+02
3.2980067695031643e+01	2.5882860234172210e+02
3.3000110199852330e+01	2.5715457652815877e+02
3.3020106766296365e+01	2.5341582568718351e+02
3.3040001607797528e+01	2.4692815825226472e+02
3.3060068879924842e+01	2.4943676684010029e+02
3.3080000873511345e+01	2.5319540075034831e+02
3.3100004153517013e+01	2.5407938135848877e+02
3.3120038271662423e+01	2.5236513366394362e+02
3.3140050617828336e+01	2.4826425894476125e+02
3.3160016552071646e+01	2.4617734654446389e+02
3.3180107551551963e+01	2.4587563165381812e+02
3.3200055611609550e+01	2.6746622882801620e+02
3.3220103862552854e+01	2.7755545736473852e+02
3.3240010145907853e+01	2.7445841108560103e+02
3.3260032576536055e+01	2.5866123583023591e+02
3.3280010501318060e+01	2.9637530757255479e+02
3.3300051718654295e+01	3.2133263868995596e+02
3.3320095226164348e+01	3.2733255404925092e+02
3.3340080315089978e+01	3.1402097064538748e+02
3.3360109328924331e+01	2.8522472609203857e+02
3.3380109511372780e+01	2.7613265165093492e+02
3.3400023483329910e+01	2.7674119338127934e+02
3.3420116782629634e+01	2.6336859129824597e+02
3.3440054814213703e+01	2.7987519613294000e+02
3.3460019558822040e+01	2.9443927747445593e+02
3.3480060247629019e+01	3.0598747666268093e+02
3.3500014246065945e+01	3.1285446201194083e+02
3.3520011130792746e+01	3.1406358067199642e+02
3.3540030112694907e+01	3.0897328888721250e+02
3.3560047650274228e+01	2.9844825240197292e+02
3.3580071529742725e+01	2.8346258350791305e+02
3.3600050584735158e+01	2.6720277393875000e+02
3.3620081386713942e+01	2.8028832688034538e+02
3.3640004919708907e+01	2.9492315905897033e+02
3.3660048116303187e+01	2.9836961919080727e+02
3.3680040865625848e+01	3.0031483580288074e+02
3.3700080400670622e+01	2.9704438173689186e+02
3.3720087186023385e+01	3.0447726374122112e+02
3.3740100087323931e+01	3.0716303303866607e+02
3.3760023288115448e+01	2.6954621763471357e+02
3.3780099985038241e+01	2.7968717975465580e+02
3.3800055009265620e+01	3.1575368926834039e+02
3.3820078056972420e+01	3.0689337243252305e+02
3.3840104688331593e+01	3.0212160033743612e+02
3.3860074049711542e+01	2.9846219362084611e+02
3.3880002902548718e+01	3.1832537589852416e+02
3.3900021626442211e+01	2.8520008916888719e+02
3.3920084612908738e+01	2.7810575173537222e+02
3.3940075562522601e+01	3.0728036682273569e+02
3.3960103064492444e+01	2.9817142839993920e+02
3.3980006151851249e+01	2.7947115139620416e+02
3.4000039363024477e+01	2.8419932422949176e+02
3.4020025823406719e+01	2.9559061815817876e+02
3.4040032133248147e+01	2.5827651565883656e+02
3.4060019283304591e+01	2.5831599800223535e+02
3.4080095234123313e+01	2.8528325114060982e+02
3.4100082178758711e+01	2.6910080097739774e+02
3.4120128868406390e+01	2.3781022209526108e+02
3.4140110460961353e+01	2.7856711338868701e+02
3.4160061711520754e+01	2.8463044365512587e+02
3.4180118808497184e+01	2.5405054230282565e+02
3.4200022194652540e+01	2.8005728580375330e+02
3.4220087495200225e+01	2.9529255546337799e+02
3.4240040942881095e+01	2.7463753085609801e+02
3.4260065480802076e+01	2.5231053771338287e+02
3.4280001994744381e+01	2.5857535059831127e+02
3.4300010137625485e+01	2.5038203680419412e+02
3.4320085516509756e+01	2.4855320551839662e+02
3.4340040663367660e+01	2.5569840667798621e+02
3.4360088761100329e+01	2.5896226746386935e+02
3.4380012945653036e+01	2.5920990581510807e+02
3.4400002011506551e+01	2.5722884201135889e+02
3.4420084057660581e+01	2.5396464818673510e+02
3.4440079147806578e+01	2.5868217234113865e+02
3.4460071146833535e+01	2.7950740384225526e+02
3.4480083429952082e+01	2.9307960071304706e+02
3.4500039788883576e+01	3.0038786214026817e+02
3.4520102005098572e+01	3.0260288586462718e+02
3.4540077434361621e+01	2.9978942032430939e+02
3.4560063808935851e+01	2.9335731767898471e+02
3.4580077156559994e+01	2.8664532045875330e+02
3.4600069608047860e+01	2.8646468418253221e+02
3.4620087324837456e+01	3.0853713797327538e+02
3.4640031857138005e+01	3.2368075055512941e+02
3.4660049449216302e+01	3.3160552590112286e+02
3.4680003036283289e+01	3.3519347331020549e+02
3.4700021920060031e+01	3.2363349337585339e+02
3.4720099383249149e+01	3.1516179745442287e+02
3.4740079389523189e+01	3.6626565142590329e+02
3.4760016932273324e+01	3.1059309979884910e+02
3.4780034993145279e+01	3.5447279512396466e+02
3.4800010934377347e+01	3.7875667246400258e+02
3.4820019925948493e+01	2.8342076832974487e+02
3.4840029921699035e+01	3.6807316195729288e+02
3.4860070210534758e+01	3.4392956661686645e+02
3.4880097673324087e+01	2.8389888462538261e+02
3.4900068054346583e+01	3.1830872865132113e+02
3.4920084005448594e+01	2.5507805040219313e+02
3.4940112707095061e+01	2.4286165864105286e+02
3.4960004652542466e+01	3.2510293295611785e+02
3.4980096910116394e+01	3.0459394085539100e+02
3.5000005697601978e+01	3.3033046589320475e+02
3.5020083686459245e+01	3.7753774542867717e+02
3.5040017067940283e+01	2.9911943028590582e+02
3.5060034329415906e+01	3.7448211431466058e+02
3.5080022396106479e+01	3.7588162928564714e+02
3.5100011336583613e+01	3.0647708591972651e+02
3.5120044599314021e+01	3.8958011934527559e+02
3.5140070926080881e+01	3.4855202844692610e+02
3.5160002362415376e+01	3.3759775860463986e+02
3.5180048504496440e+01	3.8706631840342300e+02
3.5200076745863598e+01	3.0837579280227459e+02
3.5220002497414072e+01	3.6003731457984395e+02
3.5240044650431088e+01	3.7147669674303120e+02
3.5260043393480132e+01	2.9113694812862053e+02
3.5280050857315729e+01	3.6714895076332891e+02
3.5300020397795727e+01	3.3111892581018043e+02
3.5320082014056375e+01	3.0409968581427017e+02
3.5340046071719058e+01	3.4504942464418804e+02
3.5360016170270995e+01	2.9203371460125459e+02
3.5380070717171670e+01	3.2600174536529931e+02
3.5400005451528287e+01	3.6088028148201204e+02
3.5420069414436142e+01	3.8425979761797475e+02
3.5440024777347084e+01	3.9314950801031495e+02
3.5460072939280913e+01	3.8687317610678838e+02
3.5480065918902781e+01	3.6680382810279502e+02
3.5500090691528065e+01	3.3496548592750412e+02
3.5520015352935339e+01	3.1000868755302639e+02
3.5540080177138904e+01	3.3976745995781386e+02
3.5560015971175694e+01	3.5528071070555694e+02
3.5580038570919712e+01	3.5538613618274991e+02
3.5600065255233638e+01	3.3918326777101845e+02
3.5620054097797095e+01	3.0916645442803849e+02
3.5640021227142938e+01	3.0434221294911549e+02
3.5660024487641543e+01	3.2611533724423043e+02
3.5680080930664900e+01	3.0456790651214754e+02
3.5700077938503945e+01	3.4182964249459349e+02
3.5720053265790888e+01	3.6836827728442000e+02
3.5740067515470649e+01	3.8106274726525885e+02
3.5760074668516559e+01	3.7783755727962910e+02
3.5780067980369530e+01	3.5965087875115330e+02
3.5800069148819276e+01	3.3052716600245299e+02
3.5820068965849110e+01	3.3063518160504589e+02
3.5840018836323921e+01	3.5854066290156550e+02
3.5860027826400604e+01	3.7627176494453164e+02
3.5880028960573249e+01	3.8450867161376641e+02
3.5900061955066676e+01	3.8492226245490406e+02
3.5920006827074225e+01	3.7837124029608651e+02
3.5940054388739846e+01	3.6490936549212779e+02
3.5960008708382929e+01	3.6807245896809940e+02
3.5980063415782233e+01	4.0313097608155772e+02
3.6000072762409822e+01	4.2625173495970364e+02
3.6020003392887133e+01	4.3506601484749365e+02
3.6040015788394342e+01	4.3218288642313121e+02
3.6060065020560408e+01	4.1765733552552331e+02
3.6080011033159650e+01	3.9542848807058795e+02
3.6100051003863662e+01	3.6627501370167346e+02
3.6120007583306183e+01	3.3166581380512940e+02
3.6140096765013979e+01	2.9245065302495834e+02
3.6160041184699686e+01	3.0429544505420711e+02
3.6180089201829482e+01	3.2804912272797060e+02
3.6200020308990780e+01	3.4623530121650754e+02
3.6220002593249752e+01	3.5783640296594518e+02
3.6240022629120297e+01	3.6047913818001376e+02
3.6260062767529725e+01	3.5431959600001272e+02
3.6280031681968360e+01	3.4076680687406713e+02
3.6300052914352747e+01	3.2105434854571212e+02
3.6320006026942714e+01	3.2518357625615266e+02
3.6340014254164927e+01	3.4302582174426522e+02
3.6360077050049817e+01	3.5454008772430609e+02
3.6380062102802334e+01	3.5856076568601281e+02
3.6400040575378640e+01	3.5443385239707857e+02
3.6420065529297389e+01	3.4069665241963094e+02
3.6440063698953146e+01	3.1720197167175826e+02
3.6460011917944975e+01	2.8520119467782365e+02
3.6480011518961668e+01	2.8805946873970493e+02
3.6500045348062791e+01	2.8255298845490267e+02
3.6520065922744990e+01	2.6309089951944719e+02
3.6540072280474533e+01	2.5137141217713116e+02
3.6560099786724997e+01	2.6414776306968156e+02
3.6580065754995324e+01	2.8997066559811736e+02
3.6600007140030073e+01	3.0268561993549133e+02
3.6620095118105915e+01	3.0121642626679869e+02
3.6640093519810989e+01	2.8676992928260802e+02
3.6660086711982039e+01	2.9253880874246926e+02
3.6680056828551898e+01	2.9492915023403953e+02
3.6700040091278801e+01	2.9216393521385277e+02
3.6720037840561851e+01	2.8496669971775117e+02
3.6740103485366419e+01	2.7449095429496339e+02
3.6760097170944768e+01	2.9555239444467861e+02
3.6780054353255750e+01	3.2423573588196325e+02
3.6800059400215680e+01	3.4391337999183258e+02
3.6820081710922295e+01	3.5160617485233990e+02
3.6840044988243541e+01	3.4555383779504325e+02
3.6860093714732400e+01	3.2628872841124331e+02
3.6880014454094130e+01	2.9597200894076173e+02
3.6900088392402324e+01	2.9012695288548178e+02
3.6920071734192511e+01	2.8794764376113125e+02
3.6940032781747682e+01	2.8441308793251812e+02
3.6960059496033935e+01	2.7973765985414440e+02
3.6980066537942832e+01	2.9446907901152639e+02
3.7000037423801828e+01	3.2077531619719736e+02
3.7020051550234562e+01	3.3748299241436666e+02
3.7040006055888206e+01	3.4520611371927100e+02
3.7060011037848312e+01	3.4545612338955925e+02
3.7080091075151003e+01	3.3951101822317310e+02
3.7100020577408920e+01	3.2843904251141862e+02
3.7120067535133686e+01	3.1448071670470364e+02
3.7140035030740215e+01	3.3629546461343028e+02
3.7160009802037749e+01	3.5237936419189407e+02
3.7180027942217357e+01	3.6329594150748409e+02
3.7200031395769578e+01	3.6881692995310959e+02
3.7220056931097297e+01	3.6866952873500759e+02
3.7240002993567046e+01	3.6188333407155881e+02
3.7260087705525457e+01	3.4773433444593445e+02
3.7280080303857780e+01	3.2716758283044430e+02
3.7300070745353601e+01	3.1007118117561379e+02
3.7320061098516007e+01	3.1526466696704296e+02
3.7340000666512722e+01	3.1810119227252824e+02
3.7360010453372546e+01	3.1944617601108234e+02
3.7380067247077903e+01	3.1965080778624883e+02
3.7400068760473168e+01	3.1783768281187901e+02
3.7420045977735072e+01	3.2189202713562781e+02
3.7440012585123917e+01	3.3468627971720974e+02
3.7460037615845096e+01	3.4209116939347626e+02
3.7480074191909615e+01	3.4378908438409911e+02
3.7500076457181500e+01	3.4021974470024355e+02
3.7520043456266784e+01	3.3241516563854157e+02
3.7540056718168806e+01	3.3922187813445214e+02
3.7560001705485760e+01	3.5367722280686797e+02
3.7580017487905927e+01	3.6540748003462863e+02
3.7600076581168310e+01	3.7419859494726381e+02
3.7620025634793933e+01	3.7889862813305695e+02
3.7640016121710474e+01	3.7905664824652746e+02
3.7660028141273280e+01	3.7500251519349479e+02
3.7680013004974491e+01	3.6755035844737239e+02
3.7700039730157904e+01	3.5777272365472504e+02
3.7720042142014194e+01	3.4619837851136333e+02
3.7740077721149270e+01	3.4888708982361743e+02
3.7760074951773142e+01	3.5508054070583677e+02
3.7780018054912503e+01	3.5700472293072266e+02
3.7800007385080903e+01	3.5298049111455998e+02
3.7820080774898898e+01	3.4104284146101770e+02
3.7840078943820771e+01	3.2034304557690456e+02
3.7860007308729173e+01	3.1350475536800286e+02
3.7880019573647104e+01	3.4313716268472291e+02
3.7900043075481896e+01	3.6633372275325007e+02
3.7920013093365064e+01	3.7961749131313951e+02
3.7940076823165974e+01	3.8267799560578266e+02
3.7960018173236485e+01	4.1655975332005426e+02
3.7980053566075568e+01	4.4539337904907984e+02
3.8000000447489867e+01	4.6815115033135748e+02
3.8020004788964812e+01	4.8383051096571751e+02
3.8040053762845169e+01	4.9124118726705694e+02
3.8060040180340508e+01	4.9005688728292012e+02
3.8080050532251036e+01	4.8052160491402657e+02
3.8100017489790481e+01	4.6353378453825235e+02
3.8120050477424257e+01	4.7721035296678861e+02
3.8140038663655162e+01	5.0516708860554240e+02
3.8160050041464011e+01	5.2990606992468179e+02
3.8180035867024152e+01	5.5065268484356545e+02
3.8200044542513673e+01	5.6655310982460162e+02
3.8220029704443625e+01	5.7734684297355250e+02
3.8240051085424831e+01	5.8322479906996728e+02
3.8260015055165773e+01	5.8358882149851991e+02
3.8280014569949188e+01	5.7783661145380836e+02
3.8300044224715734e+01	5.6603366059240045e+02
3.8320022948350264e+01	5.4909020835462411e+02
3.8340004329939511e+01	5.2779252962075793e+02
3.8360013321429534e+01	5.5008668622425228e+02
3.8380054146020044e+01	5.8127369252668484e+02
3.8400038005656832e+01	6.1014843242582572e+02
3.8420038091149742e+01	6.3406394145856757e+02
3.8440040304094801e+01	6.5102632951677811e+02
3.8460018002211456e+01	6.6107042526311852e+02
3.8480024394820099e+01	6.6532556293786661e+02
3.8500021623436233e+01	6.6481895563959711e+02
3.8520015477044964e+01	6.5896654896493408e+02
3.8540043159555559e+01	6.4655490329452414e+02
3.8560013059542072e+01	6.2801656881259589e+02
3.8580046119700938e+01	6.0461580659882634e+02
3.8600018001872456e+01	5.7799184950029360e+02
3.8620011712867594e+01	5.4942206700516613e+02
3.8640029053787103e+01	5.1962423204731272e+02
3.8660025022963367e+01	5.4708803886875455e+02
3.8680024066261844e+01	5.8342081052499384e+02
3.8700026610013431e+01	6.1679816414602374e+02
3.8720033737958907e+01	6.4670070329599002e+02
3.8740017156219722e+01	6.7222735374234094e+02
3.8760025020237315e+01	6.9269365479717590e+02
3.8780027604301395e+01	7.0745798239098394e+02
3.8800014122716497e+01	7.1599820807902927e+02
3.8820031251534310e+01	7.1788174925113719e+02
3.8840005328516604e+01	7.1274632599188249e+02
3.8860043438743425e+01	7.0065016214173238e+02
3.8880022311498905e+01	6.8199797198532235e+02
3.8900032077640795e+01	6.5732955369723345e+02
3.8920002152588438e+01	6.2741939983269560e+02
3.8940031935958594e+01	5.9343768043517468e+02
3.8960011112357073e+01	6.0385456029291868e+02
3.8980044611649149e+01	6.3876000871292354e+02
3.9000016231727130e+01	6.6804613591184932e+02
3.9020009807507499e+01	6.9126409446901539e+02
3.9040022472659338e+01	7.0805236729171872e+02
3.9060009758756699e+01	7.1841045385333871e+02
3.9080022509145095e+01	7.2205645418891322e+02
3.9100033814598525e+01	7.1842982006948091e+02
3.9120025949523161e+01	7.0757592661063882e+02
3.9140017512263626e+01	6.8986646864127738e+02
3.9160016559537283e+01	6.6574525959150606e+02
3.9180017084293958e+01	6.3579553222594029e+02
3.9200048255082301e+01	6.0034103155200501e+02
3.9220010722838722e+01	5.6081262602884215e+02
3.9240034475551724e+01	5.5280702399867766e+02
3.9260022117163267e+01	5.8789684421960612e+02
3.9280009636678059e+01	6.1958491032562142e+02
3.9300023469782367e+01	6.4649927956045235e+02
3.9320038444513436e+01	6.6687008493474332e+02
3.9340040292696330e+01	6.7918726472006290e+02
3.9360044991615304e+01	6.8263840383167826e+02
3.9380044029395961e+01	6.7608068450497194e+02
3.9400014257427848e+01	6.5903871986421029e+02
3.9420031143761932e+01	6.3170393352066276e+02
3.9440014654721381e+01	5.9439633035451277e+02
3.9460010501094033e+01	5.4869065650045741e+02
3.9480031105232065e+01	5.7388089219988387e+02
3.9500000115855620e+01	6.1850527615343037e+02
3.9520036265664984e+01	6.5515847495445757e+02
3.9540036686883397e+01	6.8094680154722823e+02
3.9560016651225311e+01	6.9460248214621970e+02
3.9580028823432720e+01	6.9454492872534297e+02
3.9600021482102299e+01	6.8000956000301312e+02
3.9620005084080667e+01	6.5049384577073874e+02
3.9640041958551144e+01	6.0704778033922014e+02
3.9660030426031149e+01	5.5238604267573351e+02
3.9680047249105684e+01	5.5531488449401058e+02
3.9700013532859806e+01	6.0583299818566604e+02
3.9720003904230843e+01	6.4875136488307658e+02
3.9740024131743489e+01	6.7960102003146267e+02
3.9760005645109992e+01	6.9546416881690459e+02
3.9780013442113351e+01	6.9354000795198692e+02
3.9800017812031086e+01	6.7345728748020645e+02
3.9820037457408496e+01	6.3534880774264661e+02
3.9840029105895077e+01	5.8009792638155864e+02
3.9860059445992427e+01	5.2708637869633492e+02
3.9880020809610038e+01	5.9331134200753945e+02
3.9900046591286568e+01	6.5238600336670606e+02
3.9920006244845489e+01	6.9504590634261388e+02
3.9940014584229544e+01	7.1521099887235573e+02
3.9960027137363269e+01	7.1056802023904231e+02
3.9980029503786056e+01	6.8093813321843777e+02
4.0000000000000000e+01	6.2741801121113258e+02
