0.0000000000000000e+00	2.4867388481431076e+00
4.0178718312942245e-03	2.4787072444402147e+00
8.0098489250736479e-03	2.4560675157394956e+00
1.2000974846262946e-02	2.4471578239147171e+00
1.6016141989973462e-02	2.4702683594965866e+00
2.0005878602286906e-02	2.4889083910311185e+00
2.4019854945330960e-02	2.4956714771940232e+00
2.8008499333601951e-02	2.4979062102718603e+00
3.2021357038977141e-02	2.4745090304195467e+00
3.6008964028493198e-02	2.4380362805461639e+00
4.0020788391127847e-02	2.4724401922946280e+00
4.4007253098823383e-02	2.5072136630714779e+00
4.8018152045852601e-02	2.5322278696977518e+00
5.2003928683319628e-02	2.5326718013810039e+00
5.6014169959271332e-02	2.4441274307931997e+00
6.0024158339735477e-02	2.4136452938857813e+00
6.4009042343103631e-02	2.4798427864014223e+00
6.8018329316533191e-02	2.5278868921280040e+00
7.2002450492938477e-02	2.5259764926904196e+00
7.6010879609433563e-02	2.4118781029973206e+00
8.0018886852222387e-02	2.2856284110427052e+00
8.4001775473510856e-02	2.3704059946865712e+00
8.8009059238232656e-02	2.4141587561825251e+00
9.2015924472579086e-02	2.3882016920536695e+00
9.6022367604332193e-02	2.4311042483219971e+00
1.0000368600960283e-01	2.3699503070489061e+00
1.0400919901266813e-01	2.3091588910500569e+00
1.0801421735494005e-01	2.3351853539130172e+00
1.1201896348908874e-01	2.3740410705651054e+00
1.1602348018295239e-01	2.3628375745326373e+00
1.2000289961262400e-01	2.4225438015390934e+00
1.2400678440851526e-01	2.4062542550686636e+00
1.2801037537290769e-01	2.3060173222982381e+00
1.3201369154766340e-01	2.3914953012645581e+00
1.3601679708944517e-01	2.4759052268471806e+00
1.4001977118196932e-01	2.4687551759524688e+00
1.4402275746703150e-01	2.3920895912991194e+00
1.4800102001528537e-01	2.3367811394200793e+00
1.5200396597937069e-01	2.3617516580570279e+00
1.5600687327802393e-01	2.3040002405226225e+00
1.6000973546477734e-01	2.2966447297652435e+00
1.6401263499250138e-01	2.3520492767077625e+00
1.6801549067096666e-01	2.3377814052388479e+00
1.7201808923864004e-01	2.2933777099199193e+00
1.7602046907174432e-01	2.3036538006610416e+00
1.8002269235923363e-01	2.3720751855824695e+00
1.8400003823993125e-01	2.3913926784203188e+00
1.8800186782534284e-01	2.3471543479995676e+00
1.9200353488962840e-01	2.3575100953869201e+00
1.9600507759951555e-01	2.3928755128768877e+00
2.0000652263986970e-01	2.4779829299351110e+00
2.0400788911140286e-01	2.5391427444134913e+00
2.0800916966581182e-01	2.5515582177093652e+00
2.1201042237198786e-01	2.4911376118639157e+00
2.1601169789898919e-01	2.3769769594521901e+00
2.2001301181192939e-01	2.4708546659194086e+00
2.2401432497494625e-01	2.5572143916565153e+00
2.2801561057627803e-01	2.5888848862851415e+00
2.3201686615677777e-01	2.5374119199612308e+00
2.3601814225814674e-01	2.4127245907769281e+00
2.4001946958232126e-01	2.4738881296672983e+00
2.4402072900712643e-01	2.4704488801549851e+00
2.4802199766366573e-01	2.4851922199473373e+00
2.5202330432905512e-01	2.5110606727355282e+00
2.5600004130289872e-01	2.4864335651490785e+00
2.6000170806762452e-01	2.3620479620771904e+00
2.6400350679630280e-01	2.3878152512397648e+00
2.6800547752444132e-01	2.3919704423866297e+00
2.7200787824966571e-01	2.5090060264155327e+00
2.7601040111549385e-01	2.6309674141890138e+00
2.8001308382315698e-01	2.5665992726766262e+00
2.8401587232750325e-01	2.4646720037354171e+00
2.8801874233990626e-01	2.7067893119187487e+00
2.9202163844359469e-01	2.8668294348057533e+00
2.9602454015854823e-01	2.8367400575718169e+00
3.0000276572366935e-01	2.6866364549718038e+00
3.0400583110850016e-01	2.4717036215285364e+00
3.0800912359302357e-01	2.6592420156419583e+00
3.1201255260557098e-01	2.6915317420172782e+00
3.1601610326981983e-01	2.6308498956708450e+00
3.2001975221075402e-01	2.5171225546728433e+00
3.2402342551775859e-01	2.7493840411800714e+00
3.2800244679958623e-01	2.8604927404856744e+00
3.3200623743495206e-01	2.8137866137230696e+00
3.3601011007119419e-01	2.6671534444345131e+00
3.4001403548011988e-01	2.6953899743159213e+00
3.4401807053410738e-01	2.8929655745102894e+00
3.4802228067948265e-01	2.9633105831953284e+00
3.5200182280747488e-01	2.9132516066033576e+00
3.5600628000235185e-01	2.7905655161947176e+00
3.6001122086315696e-01	2.6121238470802908e+00
3.6401663569794551e-01	2.5031241771993269e+00
3.6802219832407762e-01	2.6613695480779866e+00
3.7200283340800394e-01	2.6849590008384800e+00
3.7600809691839321e-01	2.6036648909862770e+00
3.8001315209178887e-01	2.6991422235213247e+00
3.8401791716106826e-01	2.9193224838527496e+00
3.8802212418650528e-01	3.0544294748932952e+00
3.9200120650308551e-01	3.0654060730740125e+00
3.9600467480606949e-01	2.9729448969263355e+00
4.0000764812443995e-01	2.8113616001033930e+00
4.0401022463381969e-01	2.8202205727199501e+00
4.0801226511117372e-01	2.9392639949771264e+00
4.1201368872326688e-01	2.9578734087449927e+00
4.1601467096762518e-01	2.8839553325574223e+00
4.2001537915506515e-01	2.7411192087248337e+00
4.2401584853118168e-01	2.5217403735408865e+00
4.2801592628101143e-01	2.5613455953676150e+00
4.3201563954847555e-01	2.6849203981345329e+00
4.3601506292937070e-01	2.6956384021782478e+00
4.4001434345329166e-01	2.6106500390522194e+00
4.4401295341947794e-01	2.7319728724048469e+00
4.4801096930579976e-01	2.9202171901334149e+00
4.5200840760155037e-01	3.0329460438301816e+00
4.5600526081090254e-01	3.0296040146388403e+00
4.6000168089538673e-01	2.9221234876686504e+00
4.6402216949459113e-01	2.8860245446104629e+00
4.6801737888712591e-01	3.0521433989440681e+00
4.7201206270244278e-01	3.1486137123779967e+00
4.7600611705493939e-01	3.1398004928750169e+00
4.8002394686231109e-01	3.0223558967224919e+00
4.8401654477499673e-01	2.8511986875527975e+00
4.8800840813455454e-01	3.0106103230582240e+00
4.9202368819653969e-01	3.0967948702818688e+00
4.9601278513541180e-01	3.0820240629026889e+00
5.0000068203514869e-01	2.9653970523939348e+00
5.0401210666435414e-01	2.7770018086941373e+00
5.0802255697870691e-01	2.9233937180464595e+00
5.1200773699139435e-01	2.9948929197579943e+00
5.1601743747519080e-01	2.9704625542699890e+00
5.2000178769494898e-01	2.8522333865001488e+00
5.2400992363916843e-01	2.7053197881555242e+00
5.2801797496551062e-01	2.8387700448563877e+00
5.3200165695644996e-01	2.8906552656994178e+00
5.3601017342248036e-01	2.8538928543834965e+00
5.4001867173846407e-01	2.7220144068940630e+00
5.4400208975772013e-01	2.6512601346894002e+00
5.4800928011402594e-01	2.7681890648875025e+00
5.5201584888228517e-01	2.8485759634773085e+00
5.5602236817208750e-01	2.8885873783703815e+00
5.6000491176099543e-01	2.7968388117833936e+00
5.6401283548762804e-01	2.6252657717519807e+00
5.6802118845672145e-01	2.8772476920336274e+00
5.7200551874945627e-01	3.0273606620085940e+00
5.7601467762244762e-01	3.0463162012305145e+00
5.8002394304285654e-01	2.8956656761329835e+00
5.8400860194698756e-01	2.7624827914654810e+00
5.8801800507719160e-01	3.0197750896376658e+00
5.9200254961131915e-01	3.1571932063950716e+00
5.9601172449599038e-01	3.1385936888729709e+00
6.0002065237777391e-01	2.9110144482455600e+00
6.0400482305848147e-01	2.8878298656739170e+00
6.0801425261226849e-01	3.1351499860252345e+00
6.1202453707267823e-01	3.2419684561940105e+00
6.1601032776859366e-01	3.1469865321134023e+00
6.2002071227036182e-01	2.8267513244221578e+00
6.2400637579529084e-01	3.0035895405354482e+00
6.2801674243005878e-01	3.2201372273691766e+00
6.3200248791208480e-01	3.2650688448986620e+00
6.3601264364444854e-01	3.0635775432792416e+00
6.4002287642875044e-01	2.7777385565683352e+00
6.4400811200715768e-01	3.1075905435474245e+00
6.4801753057929945e-01	3.2662225483579852e+00
6.5200282379008889e-01	3.1867869576827288e+00
6.5601331315543621e-01	2.8370857996085834e+00
6.6002441505764098e-01	2.9198808004368040e+00
6.6401131261131963e-01	3.1882282826850110e+00
6.6802155661293261e-01	3.2081623672471142e+00
6.7200700563951621e-01	2.9400493855045728e+00
6.7601725443815908e-01	2.6894885344896440e+00
6.8000325270010198e-01	3.0513079368619902e+00
6.8401340318213000e-01	3.1608985233413112e+00
6.8802325908934459e-01	2.9534841893951760e+00
6.9200817140020721e-01	2.7296063289406076e+00
6.9601724306739443e-01	2.8630070820724209e+00
7.0000144411372678e-01	3.0636614518229965e+00
7.0401012236516725e-01	2.9209096887098900e+00
7.0801855507282596e-01	2.5952893000227228e+00
7.1200167306541462e-01	2.6521522719995239e+00
7.1600872423083284e-01	2.9178105344012732e+00
7.2001528948156857e-01	2.8393400144086107e+00
7.2402170961618872e-01	2.4841210919762169e+00
7.2800333554318664e-01	2.5440437847587472e+00
7.3200866911392881e-01	2.7291228794923388e+00
7.3601358746192946e-01	2.6971582338591134e+00
7.4001831318278877e-01	2.8262148741274427e+00
7.4402286911537696e-01	2.7075425448436286e+00
7.4800255623829659e-01	2.7533157017638712e+00
7.5200695317358590e-01	2.6672663851483986e+00
7.5601120595737870e-01	2.9763715976144085e+00
7.6001466640940207e-01	3.0756034228216929e+00
7.6401632309154011e-01	2.9122817244841426e+00
7.6801720958695263e-01	3.2216524160479532e+00
7.7201719352159848e-01	3.2379936024852940e+00
7.7601770608515142e-01	3.1276572902996929e+00
7.8001939859399561e-01	3.3468519082657600e+00
7.8402186161428900e-01	3.1408845991432335e+00
7.8802373265891978e-01	3.3266343456980776e+00
7.9200082454734488e-01	3.1858475327977440e+00
7.9600291361775766e-01	3.4152199082786239e+00
8.0000537691721418e-01	3.6265173286168588e+00
8.0400853360404623e-01	3.6764646732066462e+00
8.0801075955916180e-01	3.7157499440659012e+00
8.1201107877354273e-01	4.0121512784084503e+00
8.1600976486235477e-01	4.0260278191431995e+00
8.2000695727199302e-01	3.8314148551822571e+00
8.2400306100123588e-01	4.0705379462873692e+00
8.2802293087855439e-01	3.9599645490106679e+00
8.3201744765313401e-01	4.1319762888576985e+00
8.3601154791678955e-01	4.3487389476851908e+00
8.4000582496589382e-01	4.5930456705844191e+00
8.4400020676354870e-01	4.8585926461933431e+00
8.4801911634133154e-01	5.0834065769781471e+00
8.5201307422977934e-01	5.1927265390469559e+00
8.5600633805324600e-01	5.5014030743190414e+00
8.6002287039279834e-01	5.7988350782180511e+00
8.6401436187960601e-01	5.7214874607633019e+00
8.6800526617043572e-01	5.6170847516105864e+00
8.7202023611122570e-01	5.5331924379421453e+00
8.7601010177545457e-01	5.2634483313557556e+00
8.8002382728420470e-01	5.2103967077268720e+00
8.8401315414682791e-01	5.2279741934483823e+00
8.8800232436008120e-01	5.4448859687494702e+00
8.9201518919637324e-01	5.5115634536007567e+00
8.9600255413946073e-01	5.6465373731169795e+00
9.0001301542582435e-01	5.5091781860033038e+00
9.0402229224468245e-01	5.6097135818311443e+00
9.0800694081518007e-01	5.7596606257281495e+00
9.1201672502596309e-01	5.8679684399591796e+00
9.1600147792430875e-01	6.2081696335201766e+00
9.2001031630433106e-01	6.3415078517748951e+00
9.2401986339166375e-01	6.3405115022985576e+00
9.2800478519773544e-01	6.7856009945581572e+00
9.3201479967996448e-01	6.9506060553047808e+00
9.3600115084617552e-01	6.9280325035427932e+00
9.4001197808391068e-01	6.7436011875361901e+00
9.4402249442989572e-01	7.0417957435112193e+00
9.4800859849173469e-01	7.3280955309498390e+00
9.5201908096898769e-01	7.4288326658482822e+00
9.5600524860015501e-01	7.3682201838171562e+00
9.6001623772693223e-01	7.2328318454897857e+00
9.6400354772960006e-01	7.0453552752165578e+00
9.6801647983027694e-01	7.1824012407500417e+00
9.7200561235097727e-01	7.4867811375860853e+00
9.7601992876080657e-01	7.7080809766648208e+00
9.8001018200609968e-01	7.7571529032406055e+00
9.8400084520083364e-01	7.5645735794070941e+00
9.8801595344192195e-01	7.1788476912355259e+00
9.9200603104668106e-01	7.2719754566138546e+00
9.9602010593432855e-01	7.4442384277317677e+00
1.0000086951376079e+00	7.4061567530136561e+00
1.0040210885748164e+00	7.1790889710174914e+00
1.0080078594093522e+00	6.7927063210513188e+00
1.0120191803922500e+00	6.4873357895966510e+00
1.0160068093298169e+00	6.4754256896107236e+00
1.0200182119736509e+00	6.8214826163569349e+00
1.0240062138140307e+00	6.4640243661256136e+00
1.0280194596077434e+00	6.9022834965442170e+00
1.0320082438667146e+00	8.0544356504050505e+00
1.0360230597040065e+00	8.5883909813471728e+00
1.0400141505814806e+00	8.6917498067219068e+00
1.0440056464323093e+00	9.1730490248252003e+00
1.0480224051384162e+00	9.0105825945135205e+00
1.0520162715915320e+00	9.3190124864856152e+00
1.0560112714818020e+00	1.1302300791964306e+01
1.0600078211488970e+00	1.0059964988551744e+01
1.0640035275595388e+00	1.1008163161381487e+01
1.0680224530405977e+00	9.5673968708975092e+00
1.0720156068725957e+00	1.0779515767448945e+01
1.0760079424054709e+00	1.0005049953576751e+01
1.0800238582306823e+00	1.1310254041523049e+01
1.0840141047705181e+00	1.1158583822762628e+01
1.0880032483542914e+00	1.1017420663397447e+01
1.0920156233968925e+00	1.2446587688043406e+01
1.0960025866228040e+00	1.1541226253639664e+01
1.1000129889510610e+00	1.0946693317289999e+01
1.1040221944113342e+00	1.2671246796291449e+01
1.1080052340689077e+00	1.2784588691541463e+01
1.1120113775840763e+00	1.0263287841728980e+01
1.1160158452476070e+00	1.3602110995480361e+01
1.1200191368131434e+00	1.1699726271958047e+01
1.1240222106345139e+00	1.3009778987147337e+01
1.1280002986673237e+00	1.2118336520011718e+01
1.1320021993942193e+00	1.2145714485109135e+01
1.1360030553059188e+00	1.2437733886689529e+01
1.1400021239499976e+00	1.1477205135921341e+01
1.1440240034514413e+00	1.2470560762032800e+01
1.1480207539974632e+00	1.1141447287339801e+01
1.1520169718168352e+00	1.2281243275328217e+01
1.1560123999134859e+00	1.1307500602681372e+01
1.1600068520908720e+00	1.1868462990377932e+01
1.1640011184037182e+00	1.1751665430748353e+01
1.1680195340312345e+00	1.1021790798115092e+01
1.1720141879261803e+00	1.2042426157849039e+01
1.1760089000587746e+00	9.6174244524682901e+00
1.1800031864846743e+00	1.1813025338713151e+01
1.1840215854806200e+00	9.4782946405695512e+00
1.1880162470166657e+00	1.1328557310160045e+01
1.1920114811018820e+00	1.0272845968776899e+01
1.1960069018716628e+00	1.1060997301942129e+01
1.2000020893750252e+00	1.0566043791099112e+01
1.2040215086190660e+00	9.6073729852767773e+00
1.2080161401145293e+00	1.0346327754905394e+01
1.2120094284584961e+00	9.4375386948406987e+00
1.2160014790316083e+00	1.0700420784033192e+01
1.2200170110754194e+00	1.0203501843852255e+01
1.2240070017839288e+00	1.1568397463396520e+01
1.2280195578035933e+00	1.0949543228851947e+01
1.2320065591064608e+00	1.0338892493515516e+01
1.2360173736209925e+00	1.1627315019712663e+01
1.2400032507292935e+00	9.2374423343202974e+00
1.2440127105958130e+00	1.2185992112435960e+01
1.2480213260406183e+00	1.0892398384258732e+01
1.2520051719925436e+00	1.2375129862226064e+01
1.2560128360709850e+00	1.0823350135904287e+01
1.2600193906098485e+00	1.1386457552749187e+01
1.2640012250484971e+00	9.3781629318387161e+00
1.2680078238619401e+00	1.0471897014022328e+01
1.2720154811896827e+00	9.1973152615604405e+00
1.2760228141778180e+00	1.0638710492113173e+01
1.2800057057540750e+00	1.0245039928438775e+01
1.2840123166507786e+00	1.1974207360213823e+01
1.2880176354763855e+00	1.1848509753691756e+01
1.2920217880222380e+00	1.2625054571321259e+01
1.2960004098444653e+00	1.3796396562860537e+01
1.3000011353504053e+00	1.1980780124461035e+01
1.3040001602656233e+00	1.5668808623997680e+01
1.3080227992962181e+00	1.2392499343728494e+01
1.3120204646775668e+00	1.6852648681930777e+01
1.3160184281723755e+00	1.3895220199016860e+01
1.3200169915974782e+00	1.7167312477100072e+01
1.3240160558775336e+00	1.5084323992488955e+01
1.3280146539059077e+00	1.6411426091865135e+01
1.3320123863038993e+00	1.5203924351636823e+01
1.3360096706675377e+00	1.5831707192401577e+01
1.3400073066374292e+00	1.4281311918601705e+01
1.3440046483839294e+00	1.7233530144004494e+01
1.3480018440567676e+00	1.3817080579156475e+01
1.3520230892589342e+00	1.7277900204701353e+01
1.3560202051065580e+00	1.5364321387026145e+01
1.3600174415908606e+00	1.5517756640434095e+01
1.3640147600257810e+00	1.7093214365244364e+01
1.3680118463486244e+00	1.3699197384289706e+01
1.3720093074438695e+00	1.6144118274344549e+01
1.3760074081810942e+00	1.6176066334594871e+01
1.3800056403064149e+00	1.3071992985625185e+01
1.3840040528491642e+00	1.4987182148406395e+01
1.3880026739748021e+00	1.5252964939647853e+01
1.3920010008564367e+00	1.5116127386599777e+01
1.3960229487057723e+00	1.5161191627039186e+01
1.4000208470308610e+00	1.4992402122417548e+01
1.4040192197406745e+00	1.3503272400363782e+01
1.4080183301195541e+00	1.3222848598518899e+01
1.4120179130986019e+00	1.2828052364893811e+01
1.4160177325041376e+00	1.4198260583330081e+01
1.4200175657185043e+00	1.5163904287982630e+01
1.4240172553295274e+00	1.5331570141409475e+01
1.4280165285800170e+00	1.4643426413863359e+01
1.4320149127386788e+00	1.3067367050438943e+01
1.4360116445917475e+00	1.3602081805958234e+01
1.4400073321933338e+00	1.5740498802667224e+01
1.4440026592428810e+00	1.5939183281441103e+01
1.4480215788116826e+00	1.3909813670422517e+01
1.4520154496580997e+00	1.5240106147947865e+01
1.4560094857005059e+00	1.6137004179801362e+01
1.4600034742900125e+00	1.4347001851284070e+01
1.4640215240941759e+00	1.4566307330571380e+01
1.4680164676003737e+00	1.4822672457957539e+01
1.4720125421346149e+00	1.4316450911246806e+01
1.4760090031297164e+00	1.4009268929923234e+01
1.4800046480667690e+00	1.3727834123209316e+01
1.4840235210937620e+00	1.4705095895975816e+01
1.4880173986135132e+00	1.5687369571564643e+01
1.4920104715586706e+00	1.6459783034669478e+01
1.4960025425043335e+00	1.6869833990150550e+01
1.5000180427275558e+00	1.7468967646341646e+01
1.5040091917967506e+00	1.7251292000106279e+01
1.5080013048800192e+00	1.6423022936467554e+01
1.5120186165751333e+00	1.9123617354059348e+01
1.5160109942750495e+00	2.0311155523777252e+01
1.5200000390352260e+00	2.2039754402766409e+01
1.5240096029138588e+00	2.2301014110100535e+01
1.5280160338940136e+00	2.1177071651485189e+01
1.5320197134711309e+00	2.1586428519497868e+01
1.5360215897711769e+00	2.1558984320767305e+01
1.5400226037990157e+00	1.7793157202970797e+01
1.5440223839342209e+00	1.8454609028332044e+01
1.5480205642454719e+00	1.9749408628590366e+01
1.5520180855089978e+00	1.9454037741362171e+01
1.5560153094644218e+00	1.8336915150211183e+01
1.5600127929114858e+00	2.2301657506963203e+01
1.5640097834620952e+00	2.0448372616335437e+01
1.5680068287517948e+00	1.7752341305602009e+01
1.5720048076769517e+00	2.0239341172055358e+01
1.5760034723535563e+00	1.9529055014846861e+01
1.5800021444319314e+00	1.7930234146070504e+01
1.5840010637704052e+00	1.8471198008294895e+01
1.5880233341496641e+00	1.8115667689585873e+01
1.5920202565407027e+00	1.8443680792413460e+01
1.5960165151676229e+00	1.6985579206131142e+01
1.6000130395035836e+00	1.6573915966518506e+01
1.6040089626486365e+00	1.7156750303872847e+01
1.6080046213602799e+00	1.6710159238874404e+01
1.6120013204451080e+00	1.5660326832710492e+01
1.6160006632057426e+00	1.6365572525915564e+01
1.6200038243006609e+00	1.5775414269207500e+01
1.6240105049125051e+00	1.6345429172337909e+01
1.6280200633886139e+00	1.6541636013791152e+01
1.6320046231710605e+00	1.6256010784821935e+01
1.6360114490463660e+00	1.6758386653982772e+01
1.6400161223664111e+00	1.5163100742937196e+01
1.6440184113690048e+00	1.6983567805613639e+01
1.6480185459991070e+00	1.5755531257046353e+01
1.6520172416290286e+00	1.4629428790156462e+01
1.6560148879419516e+00	1.5385461803289763e+01
1.6600121890374184e+00	1.6604490309759022e+01
1.6640097551548998e+00	1.7174774170948162e+01
1.6680083534119370e+00	1.6764417518838119e+01
1.6720087038474445e+00	1.7175858504768335e+01
1.6760092911672102e+00	1.6478716146278682e+01
1.6800081622458090e+00	1.6615427743766773e+01
1.6840056000502039e+00	1.6831373294003669e+01
1.6880016071231345e+00	1.8728795227242117e+01
1.6920204168951689e+00	1.9981484621192639e+01
1.6960145619889595e+00	2.0108886380368119e+01
1.7000087572767388e+00	1.9436677953177231e+01
1.7040035983752724e+00	1.8038071194132886e+01
1.7080224321740440e+00	1.7673141429703154e+01
1.7120163416395646e+00	1.9150022136205862e+01
1.7160093444253461e+00	2.0214276854969583e+01
1.7200015655626022e+00	2.0155445716911739e+01
1.7240163308002341e+00	1.8980660589863145e+01
1.7280052557647867e+00	1.8287551741516722e+01
1.7320172116367945e+00	1.9601933601769957e+01
1.7360051081861549e+00	1.7505477857730845e+01
1.7400173840029842e+00	2.0199392035500676e+01
1.7440068980245804e+00	2.3166776409795862e+01
1.7480227177631467e+00	2.1386700349467610e+01
1.7520172330821913e+00	1.7552957621036960e+01
1.7560146280216380e+00	2.0054271610429414e+01
1.7600154637001726e+00	1.9178653917595213e+01
1.7640201787681831e+00	1.8684547768699442e+01
1.7680018139517424e+00	1.8787139429848249e+01
1.7720068060430152e+00	1.7506609309957728e+01
1.7760109774080484e+00	1.7651423371134594e+01
1.7800138619871972e+00	1.9589094971821947e+01
1.7840155535274744e+00	2.0384505574491218e+01
1.7880167081893006e+00	1.9305967365065399e+01
1.7920173388125746e+00	1.6879991552811770e+01
1.7960160716485249e+00	1.6477048277049938e+01
1.8000125166614169e+00	1.5509120421307925e+01
1.8040099146565141e+00	1.7200708016632504e+01
1.8080072947320609e+00	1.8147326653090381e+01
1.8120038688393705e+00	1.8414369940726054e+01
1.8160006225937932e+00	1.7934829152667881e+01
1.8200222952154703e+00	1.6629310742791890e+01
1.8240172784633306e+00	1.6173947598908722e+01
1.8280094489136731e+00	1.6572953430481824e+01
1.8320232839443311e+00	1.5677275207525277e+01
1.8360109636609341e+00	1.7160117986208526e+01
1.8400208690983137e+00	1.9204428389539089e+01
1.8440043565288891e+00	1.7374845753364283e+01
1.8480079708125126e+00	1.7673784785221265e+01
1.8520077827333512e+00	1.7808840074729741e+01
1.8560042940220136e+00	1.9525490191438585e+01
1.8600215087574541e+00	1.6994515394130975e+01
1.8640108884619857e+00	1.9913473571169650e+01
1.8680190453285141e+00	1.8921011437645177e+01
1.8720220494983029e+00	2.3460438640315825e+01
1.8760203199727417e+00	2.3532608768165488e+01
1.8800145025977244e+00	2.3298269452696150e+01
1.8840053628503313e+00	2.6324712836174367e+01
1.8880172611976427e+00	2.6722042808500504e+01
1.8920034794449319e+00	2.9783909709514123e+01
1.8960116735983672e+00	3.1665408657820006e+01
1.9000186044292280e+00	3.2064870144595808e+01
1.9040010458111118e+00	2.9776577134286345e+01
1.9080058325591225e+00	2.7168944797860135e+01
1.9120081262934112e+00	2.8026397012784155e+01
1.9160083925702978e+00	2.8246152797451437e+01
1.9200059462957415e+00	2.6003090610421918e+01
1.9240025565325611e+00	2.4969560039434118e+01
1.9280001578703365e+00	2.2432603137892208e+01
1.9320215215028540e+00	2.2716944660101486e+01
1.9360220654608760e+00	2.3887410415405014e+01
1.9400005297735730e+00	2.0363254924911953e+01
1.9440069914431790e+00	2.5151744566445746e+01
1.9480169193421961e+00	2.2151247116762818e+01
1.9520067496374511e+00	2.6279779355023301e+01
1.9560222324462950e+00	2.0463089983106556e+01
1.9600174192410880e+00	2.0912358427559170e+01
1.9640181461513417e+00	1.9839092712707632e+01
1.9680004531235560e+00	2.4229692585316304e+01
1.9720086591454791e+00	2.5117843430047870e+01
1.9760162675288930e+00	2.3417442422336450e+01
1.9800220503216730e+00	2.5952819427527785e+01
1.9840011302106422e+00	2.3220624852336950e+01
1.9880009996291110e+00	2.3416013560032152e+01
1.9920225927545898e+00	2.5448419858943382e+01
1.9960161134104606e+00	2.6323031937160561e+01
2.0000031603979926e+00	2.7632478085166149e+01
2.0040073176634006e+00	3.0036825484517969e+01
2.0080052692707948e+00	2.6479698810669234e+01
2.0120210973803982e+00	2.4725420047340865e+01
2.0160087101002317e+00	2.1344133716924784e+01
2.0200162131238883e+00	2.3965050968052029e+01
2.0240205289468327e+00	2.3264060589584595e+01
2.0280017526451832e+00	2.6278691289341925e+01
2.0320091878265512e+00	2.7019078733759539e+01
2.0360203416318305e+00	2.6171323245449905e+01
2.0400147152125689e+00	2.4286957711400053e+01
2.0440174436468408e+00	2.4210291182741575e+01
2.0480038213717706e+00	2.1437070124880638e+01
2.0520213464364456e+00	2.5459655612603019e+01
2.0560197697270959e+00	2.4875746781811021e+01
2.0600218925100404e+00	2.7756608234897964e+01
2.0640047041919933e+00	2.7131377802794912e+01
2.0680127985311216e+00	2.4564373889573542e+01
2.0720157834967052e+00	2.2294609513933132e+01
2.0760139327535398e+00	2.5800823201349822e+01
2.0800078958674706e+00	2.9158295919663821e+01
2.0840223642968465e+00	2.9302594662580976e+01
2.0880109148879749e+00	2.7490648668242610e+01
2.0920203585288659e+00	2.5652649005659519e+01
2.0960049583341878e+00	2.8417405388031256e+01
2.1000135379769334e+00	2.8711274690481932e+01
2.1040236120310549e+00	2.9454380746920510e+01
2.1080085157443667e+00	3.0919040930140589e+01
2.1120155472173190e+00	3.1291526924175464e+01
2.1160228788067945e+00	2.7918931970873178e+01
2.1200085141683402e+00	3.3576376060461044e+01
2.1240213307179001e+00	3.0853094874776342e+01
2.1280105711591015e+00	3.1522146853831082e+01
2.1320232973044124e+00	2.9720581134535944e+01
2.1360135259193611e+00	2.9291420702957488e+01
2.1400064178275242e+00	2.6102169027378292e+01
2.1440021834637486e+00	3.2929316852396738e+01
2.1480230805297826e+00	2.8450739679584611e+01
2.1520188785161465e+00	2.9227082684813244e+01
2.1560135025061777e+00	3.1651460633834652e+01
2.1600070596157006e+00	2.7380803539080709e+01
2.1640000338295429e+00	3.1037753818879771e+01
2.1680168475176509e+00	3.0392889898644114e+01
2.1720103616759205e+00	3.5421161308295716e+01
2.1760041262844179e+00	2.9801628433244673e+01
2.1800222570421091e+00	3.8656327618343774e+01
2.1840189702920552e+00	2.9252760990874982e+01
2.1880169627786725e+00	3.2758578434032941e+01
2.1920166939094194e+00	3.0970722676564765e+01
2.1960186161040220e+00	2.5449858134979614e+01
2.2000194176320305e+00	2.8958043132294893e+01
2.2040151484427954e+00	2.9804179174149301e+01
2.2080063774278829e+00	2.5471654587509761e+01
2.2120169712360664e+00	2.9273770159122353e+01
2.2160236203807315e+00	2.7817990990431767e+01
2.2200027727477676e+00	2.9915348930182464e+01
2.2240041903497372e+00	2.5738659423687345e+01
2.2280050349294145e+00	2.4068343944712097e+01
2.2320047504280587e+00	2.3766240502959537e+01
2.2360058732251624e+00	2.2288617560157267e+01
2.2400091592986109e+00	2.4234781324445745e+01
2.2440108509947136e+00	2.5861182888849193e+01
2.2480073970921870e+00	2.3094202145639876e+01
2.2520005372593177e+00	2.3939298436428196e+01
2.2560156703818759e+00	2.3124853207569259e+01
2.2600056500391346e+00	2.6644100225539479e+01
2.2640178543654574e+00	2.5614569529433329e+01
2.2680039189035357e+00	2.6032069174745342e+01
2.2720130279110045e+00	2.6466299197765679e+01
2.2760004413163615e+00	2.8897164159363825e+01
2.2800117123447361e+00	2.9337197235733584e+01
2.2840010149466852e+00	3.4361723117270934e+01
2.2880161095598686e+00	3.8147895389537055e+01
2.2920089454315749e+00	3.8828380666718786e+01
2.2960047383672402e+00	3.6194986157413481e+01
2.3000026719924511e+00	3.3364560264516001e+01
2.3040044376776363e+00	3.8246666359415670e+01
2.3080080666737359e+00	4.2646720291534557e+01
2.3120103854109972e+00	4.3340201604451259e+01
2.3160103608777214e+00	3.9625914114976290e+01
2.3200090007709036e+00	3.2661715873669806e+01
2.3240062475841965e+00	2.9900297332135864e+01
2.3280032559132153e+00	2.9042707063186864e+01
2.3320007905769691e+00	2.9237655073451137e+01
2.3360013549262604e+00	2.8513542602242197e+01
2.3400070789560119e+00	3.0531042406521241e+01
2.3440161712569894e+00	3.0610591808526753e+01
2.3480017646230857e+00	2.8401299964514415e+01
2.3520136295127192e+00	3.0348046854714845e+01
2.3560039509412478e+00	3.1684831817373329e+01
2.3600218270507924e+00	3.2932529466475351e+01
2.3640156036472706e+00	3.3338916851877400e+01
2.3680082744254065e+00	3.3206603110728786e+01
2.3720000489185380e+00	3.2946273730512360e+01
2.3760154535624483e+00	3.3059125953226541e+01
2.3800082950430812e+00	3.3573278628458873e+01
2.3840235417695985e+00	3.4154493839622965e+01
2.3880098971552877e+00	3.4058882195839423e+01
2.3920146068002488e+00	3.2879963577937225e+01
2.3960148084722657e+00	3.3476288244754805e+01
2.4000105277831549e+00	3.4577082938637815e+01
2.4040018716331679e+00	3.4592584361672280e+01
2.4080134704347587e+00	3.1432265010602780e+01
2.4120225380957394e+00	3.2744050354211758e+01
2.4160073379784279e+00	3.4362626485357879e+01
2.4200160061313039e+00	2.8107866761112430e+01
2.4240033535092960e+00	3.4268412631836917e+01
2.4280194738563248e+00	2.9604992219799978e+01
2.4320185844474538e+00	3.0083723052614470e+01
2.4360235003089037e+00	3.0381958119173284e+01
2.4400052688933584e+00	2.5858014261356281e+01
2.4440124808519492e+00	2.8972757142615198e+01
2.4480216449601833e+00	2.7327761544177100e+01
2.4520093464339396e+00	2.7955399938050206e+01
2.4560217596538463e+00	3.0321772407193833e+01
2.4600063224106683e+00	3.2343474762629164e+01
2.4640104521104176e+00	3.4025856972799268e+01
2.4680124195682525e+00	3.2769110078119262e+01
2.4720134800570546e+00	3.0411352494738448e+01
2.4760153168721870e+00	2.6544744201192184e+01
2.4800207462688921e+00	2.7541019434027540e+01
2.4840044838367685e+00	2.9009387350272856e+01
2.4880113755723583e+00	2.7439441270594347e+01
2.4920181715088927e+00	3.4431337317622862e+01
2.4960015549245593e+00	3.2880261649641078e+01
2.5000083114820280e+00	2.9731447114727573e+01
2.5040110046363822e+00	3.4496787764821249e+01
2.5080114086093208e+00	2.6611332811404839e+01
2.5120103590311764e+00	2.9775839465391883e+01
2.5160058289301128e+00	3.2436241199503002e+01
2.5200011613007445e+00	3.4379122962044455e+01
2.5240177828761792e+00	3.3937918755170621e+01
2.5280095166940488e+00	3.1042653551737104e+01
2.5320014987655406e+00	2.6545992466127551e+01
2.5360170689508643e+00	2.5750004370299088e+01
2.5400104200464839e+00	2.7239062074515690e+01
2.5440067105260695e+00	3.1990702654711647e+01
2.5480056878047437e+00	3.2165427116819330e+01
2.5520067329489207e+00	2.7008955893300456e+01
2.5560068826166757e+00	2.9556516074093725e+01
2.5600059876829175e+00	2.6053305617349039e+01
2.5640027983054292e+00	2.3614019567123645e+01
2.5680207028961406e+00	2.7156922405256392e+01
2.5720128228387003e+00	2.9009292942835970e+01
2.5760032345596384e+00	3.1513863763124991e+01
2.5800158072327259e+00	3.3553393254376175e+01
2.5840040271244211e+00	2.7768581517594360e+01
2.5880163995782794e+00	2.6182219896002223e+01
2.5920060837335566e+00	2.5539912649826537e+01
2.5960199232526664e+00	2.9173050784902131e+01
2.6000129500021951e+00	3.0647987074887677e+01
2.6040102064718149e+00	2.9989368307502861e+01
2.6080137222739967e+00	2.7665100951046963e+01
2.6120015891685457e+00	2.6860965901359542e+01
2.6160221841300730e+00	2.7614557773613789e+01
2.6200020506767578e+00	2.5873676961044605e+01
2.6240060476582689e+00	2.5107333824108139e+01
2.6280087372696284e+00	2.7402435217755272e+01
2.6320100423564416e+00	3.0143151139995517e+01
2.6360105818084074e+00	2.9567386184539849e+01
2.6400088602718292e+00	2.6954619375834938e+01
2.6440008994800714e+00	2.8520507989578633e+01
2.6480098731665702e+00	3.0786379308852950e+01
2.6520134708749197e+00	2.8202021917177913e+01
2.6560114899242886e+00	2.6413235179391815e+01
2.6600049778393786e+00	2.8014788590144889e+01
2.6640200640979024e+00	2.5567430727776795e+01
2.6680095597149220e+00	2.6582067949339709e+01
2.6720206804508519e+00	2.7203936621717904e+01
2.6760083261694527e+00	2.7388788056565705e+01
2.6800225032300067e+00	2.7061513858555884e+01
2.6840133928136742e+00	2.5920553143782698e+01
2.6880084827087876e+00	2.3938017953033125e+01
2.6920090148550582e+00	2.4695455211480787e+01
2.6960159986924825e+00	2.5617734646328639e+01
2.7000029808782959e+00	2.7426292035487844e+01
2.7040148759016605e+00	2.6238853952913665e+01
2.7080054118433199e+00	2.5688997188628250e+01
2.7120212826621204e+00	2.6820572324634536e+01
2.7160116584098550e+00	3.1844215789156742e+01
2.7200235453974382e+00	3.5767932882015721e+01
2.7240098816706997e+00	3.4438632915759790e+01
2.7280187411600596e+00	3.5099182478085773e+01
2.7320041181303529e+00	3.7071751774471331e+01
2.7360154298432602e+00	3.4981329794887799e+01
2.7400043818922040e+00	3.6587640075358919e+01
2.7440198926181116e+00	4.0990380819118414e+01
2.7480163376218947e+00	3.5445309603604677e+01
2.7520161085880313e+00	4.3814050977830178e+01
2.7560137160194671e+00	4.2568616854082357e+01
2.7600095039526877e+00	4.5250494850885929e+01
2.7640027522787105e+00	4.5347967109225266e+01
2.7680178058136238e+00	4.1161746020121434e+01
2.7720074126180507e+00	4.6150198330490255e+01
2.7760175188363156e+00	4.4628551921401289e+01
2.7800018900663450e+00	3.9221271351781297e+01
2.7840089986088041e+00	4.1979450802486333e+01
2.7880134503583300e+00	3.9329602881122462e+01
2.7920169066009546e+00	3.9206954318602300e+01
2.7960187329269974e+00	4.3000587790176624e+01
2.8000203249998079e+00	4.2931868196827956e+01
2.8040217706058947e+00	3.9031817298139707e+01
2.8080005582300247e+00	3.8121334551230149e+01
2.8120040834354310e+00	4.1146901390193591e+01
2.8160094266493561e+00	4.1630215759434378e+01
2.8200180887229993e+00	3.9604873128791297e+01
2.8240071646463636e+00	3.9789249493088853e+01
2.8280237297410054e+00	3.9711135945036659e+01
2.8320187932403238e+00	4.2611679800167458e+01
2.8360125349870140e+00	4.3221658815454809e+01
2.8400051142718259e+00	3.7830896485099409e+01
2.8440209051623682e+00	3.8589273533573518e+01
2.8480154251359582e+00	3.6035185295357458e+01
2.8520145643313524e+00	3.5570751197284544e+01
2.8560131981269454e+00	3.9671521406784876e+01
2.8600083882437639e+00	3.6539768165437664e+01
2.8640014305526469e+00	3.9393477511329046e+01
2.8680170334323494e+00	3.5073792025455624e+01
2.8720071291033311e+00	3.1886211872283695e+01
2.8760191497221466e+00	4.0749766675678828e+01
2.8800066315500836e+00	3.6725607769402238e+01
2.8840183938412554e+00	3.1330715461851447e+01
2.8880058374686683e+00	3.7055188106641978e+01
2.8920089761015535e+00	3.2266773845126259e+01
2.8960109201287798e+00	2.9799712173728949e+01
2.9000154941056207e+00	3.3095111798108434e+01
2.9040026861600921e+00	3.4068919678220290e+01
2.9080220191480479e+00	3.3303061539591887e+01
2.9120150282068971e+00	3.2810855879974802e+01
2.9160052689596228e+00	3.3768919837892795e+01
2.9200167814677500e+00	3.3101076675205185e+01
2.9240020252606165e+00	2.8687650668095966e+01
2.9280087715849135e+00	3.6378589621167713e+01
2.9320143447918938e+00	3.6228223805895340e+01
2.9360188469031661e+00	3.1009639958638097e+01
2.9400228417170138e+00	3.3887064300171048e+01
2.9440034439903355e+00	2.9597504432221566e+01
2.9480088840250258e+00	2.8988799227464849e+01
2.9520167601009959e+00	3.1063215291127069e+01
2.9560046481243485e+00	2.6239849074809630e+01
2.9600220809712043e+00	2.8012029768161817e+01
2.9640209784745428e+00	2.6573936857297166e+01
2.9680212835079209e+00	2.8193236940652096e+01
2.9720009646839238e+00	2.9260456410462979e+01
2.9760107858531071e+00	3.1877146004852833e+01
2.9800010037075397e+00	3.4114000618974210e+01
2.9840151396578118e+00	4.2098156973414703e+01
2.9880036746985796e+00	3.8740042013478941e+01
2.9920133055537836e+00	4.6156795607645627e+01
2.9960195812177655e+00	4.5173657069962587e+01
3.0000216643657738e+00	3.3586305238890304e+01
3.0040210322441094e+00	4.4850674260269024e+01
3.0080192031159658e+00	5.1525728722795435e+01
3.0120179844467629e+00	3.9572023770778301e+01
3.0160204313241237e+00	3.6696820041913732e+01
3.0200025571260398e+00	4.5160013641903667e+01
3.0240018956069146e+00	4.4237874568410227e+01
3.0280191100724783e+00	4.6959455758047454e+01
3.0320082421938728e+00	4.7334230664653717e+01
3.0360168306841366e+00	3.9852114493506100e+01
3.0400221086276300e+00	3.8082688261072001e+01
3.0440014022968946e+00	3.6482685619690322e+01
3.0480073424563323e+00	3.2663842481609336e+01
3.0520187875634677e+00	3.1947668849317161e+01
3.0560137971594701e+00	3.1307174146078498e+01
3.0600161760602291e+00	2.9800670140581548e+01
3.0640187985561131e+00	2.8889803830015310e+01
3.0680198711137701e+00	2.8040951139001837e+01
3.0720194259072096e+00	2.7229481812418282e+01
3.0760174603974568e+00	2.9672340518022541e+01
3.0800150519576901e+00	3.3589607132412908e+01
3.0840128708399503e+00	3.5671437084278068e+01
3.0880082396702355e+00	3.5505545342693310e+01
3.0920012176488241e+00	3.6476046049937111e+01
3.0960163135112042e+00	3.5582145722147231e+01
3.1000036593360671e+00	3.5507483107728156e+01
3.1040110943566162e+00	3.6342923486837051e+01
3.1080172973579603e+00	3.4672778476122467e+01
3.1120207436486740e+00	3.7994253022755579e+01
3.1160221309453502e+00	3.2688641231308473e+01
3.1200008406794812e+00	3.6568641025617723e+01
3.1240039574697289e+00	3.7734167905399580e+01
3.1280041472066809e+00	3.9984767195907871e+01
3.1320007610566880e+00	4.8462817543234614e+01
3.1360166176174071e+00	4.5428622878951920e+01
3.1400076012819884e+00	4.1412709957017043e+01
3.1440192450550528e+00	4.1231305583913652e+01
3.1480007304040800e+00	4.4108029510357717e+01
3.1520229768362227e+00	3.4050295274048082e+01
3.1560171116490077e+00	3.4042697742538699e+01
3.1600075476355838e+00	3.2293077357966460e+01
3.1640189885897465e+00	3.4870568761844012e+01
3.1680098061134419e+00	3.6661642037962778e+01
3.1720047609823130e+00	3.9329392939916787e+01
3.1760035063954648e+00	3.4235260606568154e+01
3.1800085158317986e+00	3.4794299618675794e+01
3.1840210414251886e+00	3.2405553883993989e+01
3.1880152299932618e+00	3.3187352101121270e+01
3.1920150843534936e+00	3.4616021335182424e+01
3.1960196884772687e+00	3.7938023529770426e+01
3.2000064415428775e+00	3.2695614324324438e+01
3.2040210276524843e+00	3.5628142422845734e+01
3.2080119060575787e+00	3.6580727265528381e+01
3.2120026058493929e+00	3.3725190091253076e+01
3.2160154263773184e+00	3.9572527174748927e+01
3.2200036727641677e+00	2.8750119801341171e+01
3.2240159962029069e+00	3.2273645992754020e+01
3.2280055789082169e+00	3.1110874179009649e+01
3.2320199242523033e+00	2.9501205132459067e+01
3.2360115485649592e+00	2.8900768230116988e+01
3.2400050323090013e+00	2.4673396192131847e+01
3.2440007862839924e+00	3.0951212833291834e+01
3.2480226996042298e+00	2.7941112588370448e+01
3.2520234850958221e+00	3.0129816579861671e+01
3.2560031829579890e+00	2.9580387626363382e+01
3.2600050050986695e+00	3.1826738886888773e+01
3.2640044697727228e+00	2.9259006922118726e+01
3.2680022902926167e+00	3.4965462957024556e+01
3.2720001743803846e+00	3.3564607632820071e+01
3.2760231424728095e+00	3.2871947294383773e+01
3.2800010048361106e+00	3.9088138871228246e+01
3.2840073965554586e+00	3.6911809088125828e+01
3.2880191415435678e+00	3.7832231622143020e+01
3.2920106099627575e+00	4.0799934163507409e+01
3.2960001776009968e+00	3.6280014175123462e+01
3.3000111143846196e+00	4.1920809396550247e+01
3.3040180608730036e+00	3.6109196478861506e+01
3.3080202595182451e+00	3.7691994306079359e+01
3.3120184446221899e+00	3.5175963644471345e+01
3.3160141421619866e+00	3.9118515973948334e+01
3.3200072357853587e+00	3.2524681782538657e+01
3.3240234154346173e+00	3.4549267846505444e+01
3.3280172561431747e+00	3.5502769561119344e+01
3.3320132279855348e+00	3.1920829768966986e+01
3.3360122615971619e+00	3.3570758289979103e+01
3.3400136787352697e+00	3.0786622051003818e+01
3.3440117974172265e+00	2.8584018025249360e+01
3.3480066211787833e+00	3.0077498359558554e+01
3.3520231958579680e+00	2.8861676853213812e+01
3.3560153380100157e+00	2.9517960773529619e+01
3.3600066998052509e+00	2.9665966125879375e+01
3.3640215606811092e+00	3.2172321525200850e+01
3.3680124433578480e+00	3.1206432857103241e+01
3.3720052028518599e+00	2.7980339974089183e+01
3.3760235207102522e+00	2.7900509155363789e+01
3.3800202184095913e+00	2.7890465349743838e+01
3.3840176952684926e+00	2.6737159012666119e+01
3.3880128260974010e+00	2.9254771601450500e+01
3.3920051268547020e+00	2.9030171501201536e+01
3.3960195319932125e+00	2.6339054224537403e+01
3.4000085203064252e+00	2.7476848424031118e+01
3.4040203344241733e+00	2.6689045082844487e+01
3.4080086401135530e+00	2.9965003748922047e+01
3.4120209257369249e+00	2.8456633194533474e+01
3.4160094521418611e+00	3.0331121673908115e+01
3.4200227443674005e+00	2.6446780835479860e+01
3.4240143241505780e+00	3.1316916195600736e+01
3.4280063676056014e+00	3.2698701466714439e+01
3.4320192611680183e+00	3.9004268892795245e+01
3.4360043333576886e+00	3.3992881452310634e+01
3.4400118793553105e+00	2.7107702344785306e+01
3.4440172736500694e+00	3.3394700678761268e+01
3.4480235323580053e+00	3.3122463364700458e+01
3.4520067260442451e+00	3.1597571403344951e+01
3.4560149640316200e+00	3.2118336151278065e+01
3.4600028231096620e+00	2.6567648269619820e+01
3.4640189626984150e+00	2.6203582778070675e+01
3.4680145800724747e+00	2.5856705642302163e+01
3.4720069739380972e+00	2.6448925683391828e+01
3.4760210600803170e+00	2.7511562531443115e+01
3.4800093964987848e+00	2.8417104472015303e+01
3.4840203215568235e+00	2.8977569940728038e+01
3.4880088384260488e+00	2.8933459559274791e+01
3.4920010975230427e+00	2.8104872907960118e+01
3.4960213961154634e+00	2.6688638930607439e+01
3.5000216977798959e+00	2.7497491841103201e+01
3.5040010307002571e+00	3.1336235055035775e+01
3.5080043159160565e+00	3.4379121347134529e+01
3.5120112481785131e+00	3.5033997858501010e+01
3.5160230393833780e+00	3.3702508523803523e+01
3.5200131845792360e+00	3.1221277731590618e+01
3.5240046021578686e+00	2.9121009235457404e+01
3.5280209163178426e+00	2.9428126354595239e+01
3.5320146773344931e+00	2.9452596200216416e+01
3.5360095890354235e+00	2.7908615239307906e+01
3.5400051426780585e+00	2.6641356392569495e+01
3.5440006488827160e+00	2.5459075369027676e+01
3.5480198410740309e+00	2.4485427002243529e+01
3.5520155584706417e+00	2.3768296421587245e+01
3.5560072360782620e+00	2.6699213028922060e+01
3.5600181507270263e+00	2.6750224495226792e+01
3.5640005128808721e+00	2.3387148722540964e+01
3.5680021597372904e+00	2.9658739638513957e+01
3.5720010047462449e+00	2.8873521935959275e+01
3.5760204815286043e+00	3.1333816912409521e+01
3.5800123575818552e+00	2.7156262996436503e+01
3.5840013319263617e+00	2.6118504026814438e+01
3.5880126985983853e+00	2.6364714089952521e+01
3.5920016974780720e+00	2.7258481206991753e+01
3.5960209608290530e+00	2.4173435389728997e+01
3.6000229145453382e+00	2.1224314694720732e+01
3.6040057792145985e+00	2.3051861104093469e+01
3.6080157604822718e+00	2.3434918943986339e+01
3.6120185901538457e+00	2.4127530494718513e+01
3.6160099421843257e+00	2.3410101723415544e+01
3.6200221409611251e+00	2.3400170689401634e+01
3.6240146623837246e+00	2.2924957771210938e+01
3.6280154703935827e+00	2.7724987158922779e+01
3.6320165633159855e+00	2.9846470892859518e+01
3.6360168350617612e+00	2.8761889784982806e+01
3.6400162395328808e+00	2.5607381288941191e+01
3.6440151126411457e+00	2.6029832513840141e+01
3.6480139676075760e+00	2.5639002295713727e+01
3.6520138563814553e+00	2.8504433323966577e+01
3.6560160851989632e+00	2.4741908788999805e+01
3.6600213665444019e+00	3.1135739648889306e+01
3.6640071242864760e+00	2.5636339321465144e+01
3.6680207314489595e+00	2.9450078398911888e+01
3.6720114386031866e+00	2.4992830312092352e+01
3.6760002399522422e+00	2.8410425271289448e+01
3.6800117048852745e+00	3.3174162146183150e+01
3.6840226131496334e+00	3.5564459433442444e+01
3.6880090622618877e+00	3.4439831483533020e+01
3.6920199774442772e+00	3.1239755365372190e+01
3.6960083738704652e+00	2.8126079193348215e+01
3.7000219233885061e+00	2.4817092646847065e+01
3.7040134950149728e+00	2.1676407663500235e+01
3.7080076157584929e+00	2.3294576729837871e+01
3.7120035569494125e+00	2.3853815258731046e+01
3.7160221680512668e+00	2.2137054921843372e+01
3.7200156316448836e+00	2.8203745961754009e+01
3.7240081379288674e+00	2.5873737127775918e+01
3.7280007087344291e+00	2.7210306070273049e+01
3.7320181376936228e+00	2.3212932832015692e+01
3.7360125956329719e+00	2.3437396661050865e+01
3.7400064097112455e+00	2.3803920392769150e+01
3.7440206136876588e+00	2.5951787937714816e+01
3.7480060276860545e+00	2.4538659042044056e+01
3.7520117109565367e+00	2.6481843700825099e+01
3.7560154597156181e+00	2.3313785005359712e+01
3.7600181414175577e+00	2.6020895653490168e+01
3.7640213881852551e+00	2.4650272852842885e+01
3.7680022918861757e+00	2.1944255867362568e+01
3.7720090464416973e+00	2.0699371662031428e+01
3.7760181116491176e+00	2.0790433081644803e+01
3.7800057086034364e+00	2.3646961462603532e+01
3.7840201822301252e+00	2.5066907561148774e+01
3.7880132093454684e+00	2.1966153765419168e+01
3.7920065120440167e+00	2.3711536654793790e+01
3.7960181840395348e+00	2.4871943290557308e+01
3.8000238098898831e+00	2.5147510434241212e+01
3.8040000468392514e+00	2.4871074210703501e+01
3.8080185797768320e+00	2.4776012352203995e+01
3.8120107289657641e+00	2.4843431991576526e+01
3.8160025679487530e+00	2.7808363095497736e+01
3.8200186129731897e+00	2.9637276545178015e+01
3.8240113252211438e+00	3.0118228210517913e+01
3.8280057494946527e+00	2.9706494704573014e+01
3.8320024150843008e+00	2.8575119716945991e+01
3.8360010507282873e+00	2.6668450127572612e+01
3.8400038613160685e+00	2.7671716594254207e+01
3.8440105668836497e+00	3.0304820862963030e+01
3.8480214665717232e+00	3.1672692987438673e+01
3.8520122257775116e+00	3.1992618418301216e+01
3.8560059868519234e+00	3.1532932076066647e+01
3.8600032274042690e+00	3.0694115911979100e+01
3.8640043984928405e+00	2.9681746744273411e+01
3.8680092138521220e+00	2.8656482832689349e+01
3.8720179959962873e+00	2.8612678324537832e+01
3.8760051910073039e+00	2.9056923326257241e+01
3.8800172437263241e+00	2.9253117216588407e+01
3.8840057641868673e+00	2.9205251093371217e+01
3.8880194943723714e+00	2.8914459780842616e+01
3.8920043146137164e+00	3.0484537396574559e+01
3.8960061781532325e+00	2.8781585516493770e+01
3.9000046767891865e+00	3.0506688648685195e+01
3.9040045084464747e+00	3.2336351101315607e+01
3.9080091411248490e+00	2.9481353632273301e+01
3.9120161516239000e+00	2.7857153876111099e+01
3.9160237644051308e+00	3.2728314647968965e+01
3.9200085672936527e+00	3.2408140737997101e+01
3.9240176212210498e+00	3.0002153132562881e+01
3.9280021764472113e+00	3.2757775612780023e+01
3.9320064807107586e+00	2.9647113619514421e+01
3.9360065254249998e+00	3.0059216982533894e+01
3.9400026890899933e+00	2.7603387665222904e+01
3.9440182731331048e+00	3.0530920555586846e+01
3.9480042595947435e+00	3.0224584915912988e+01
3.9520081388584578e+00	3.4611089513867860e+01
3.9560074654997646e+00	3.4323800283149964e+01
3.9600022294714110e+00	3.7954474894462230e+01
3.9640167599972154e+00	3.9657157650268950e+01
3.9680042351819891e+00	3.6657817790510720e+01
3.9720146861190049e+00	4.0204837383671979e+01
3.9760025480441445e+00	3.4594969910646881e+01
3.9800178440451193e+00	3.6172408100008994e+01
3.9840148935076005e+00	3.1668648108996958e+01
3.9880199479639793e+00	3.0841030962750835e+01
3.9920085941549504e+00	2.8791279828801560e+01
3.9960224212445832e+00	3.5271987056558885e+01
4.0000127526471267e+00	3.0617444456862277e+01
4.0040016257453201e+00	2.8968898338447502e+01
4.0080122640553366e+00	3.0253449773437787e+01
4.0120202347149618e+00	2.8305121302706400e+01
4.0160024450699510e+00	2.7539360389112442e+01
4.0200066336091655e+00	2.9437785470818703e+01
4.0240096798260261e+00	2.6282711923702582e+01
4.0280120167516502e+00	2.5809834325025406e+01
4.0320124760246117e+00	2.9386046538256874e+01
4.0360110555996256e+00	2.6277840748782133e+01
4.0400083532512063e+00	2.7472882172641757e+01
4.0440043397990246e+00	2.4695017615437610e+01
4.0480229476511109e+00	2.8521900016187097e+01
4.0520186129724776e+00	2.7565093942154363e+01
4.0560134222227520e+00	3.0454532396940198e+01
4.0600029236357393e+00	2.9692333989250493e+01
4.0640110406631722e+00	3.1365109577248337e+01
4.0680145477256646e+00	2.7445835492276952e+01
4.0720143675289950e+00	3.2237346613192244e+01
4.0760113348161502e+00	3.4641914936985287e+01
4.0800066458715696e+00	3.5346280870369277e+01
4.0840004299798371e+00	3.8263452866248890e+01
4.0880177722094961e+00	4.0467637952678920e+01
4.0920122544839010e+00	3.7853883984017585e+01
4.0960083012508273e+00	3.4556501339706294e+01
4.1000064452525002e+00	3.6499152860572330e+01
4.1040084728275463e+00	3.9389506632542144e+01
4.1080137114697184e+00	3.6649345510672866e+01
4.1120209225504505e+00	3.6565645672310019e+01
4.1160067225514982e+00	3.7795840952966657e+01
4.1200205781437731e+00	3.2157682166845660e+01
4.1240161950256420e+00	2.9628178412911605e+01
4.1280178892184995e+00	3.0854888471043068e+01
4.1320002663414765e+00	3.2833289544599936e+01
4.1360033179794824e+00	2.8579520743883663e+01
4.1400230615450608e+00	2.9223996479506798e+01
4.1440129407192980e+00	2.9077273736449243e+01
4.1480226391801791e+00	2.8521993540497910e+01
4.1520087411258384e+00	3.0107653873751438e+01
4.1560168107119795e+00	2.7598581214656988e+01
4.1600000752210295e+00	2.8244663940803047e+01
4.1640060807039081e+00	2.5581656290936390e+01
4.1680097136921681e+00	2.3773001766114266e+01
4.1720128656359554e+00	2.4736861406082301e+01
4.1760171757034099e+00	2.5324322460850553e+01
4.1800234050922045e+00	2.8053647715537782e+01
4.1840084720087161e+00	2.6143450649071411e+01
4.1880208100291041e+00	2.6322484016516068e+01
4.1920130546005083e+00	2.5272476567086539e+01
4.1960065314122188e+00	2.3769648169331653e+01
4.2000026587629229e+00	2.3750069629242269e+01
4.2040222829468341e+00	2.4384341835225104e+01
4.2080204129197991e+00	2.6185536594836822e+01
4.2120030614085406e+00	2.4639573361488797e+01
4.2160139153463119e+00	2.7928011159781406e+01
4.2200011715809103e+00	2.9240815575494832e+01
4.2240133932913020e+00	2.5749244737207849e+01
4.2280003831113202e+00	2.4151058558575986e+01
4.2320064997599296e+00	2.4871089981337196e+01
4.2360092431546903e+00	2.4884813828538807e+01
4.2400078783442181e+00	2.4599119823884539e+01
4.2440054451512355e+00	2.3767544420341437e+01
4.2480013371548884e+00	2.4217175381453323e+01
4.2520207657073028e+00	2.4889375273650892e+01
4.2560184919227053e+00	2.5358754842327947e+01
4.2600191914389294e+00	3.0795962465728245e+01
4.2640006465993308e+00	2.7012688467008939e+01
4.2680109137850168e+00	2.7705137624470883e+01
4.2720036242040038e+00	2.8539738827181544e+01
4.2760217971853658e+00	2.8646275606831967e+01
4.2800136362520993e+00	2.7502208670344199e+01
4.2840030080695009e+00	2.4812525382351392e+01
4.2880150507478758e+00	2.2719389245161320e+01
4.2920007445587789e+00	2.4105979424658855e+01
4.2960110046718549e+00	2.6027674248353215e+01
4.3000203436971383e+00	2.4054881474627567e+01
4.3040039386840272e+00	2.6367109617686694e+01
4.3080108256595491e+00	2.5338046212563007e+01
4.3120174086815863e+00	2.5749909658318870e+01
4.3160004116091271e+00	2.6644862522162931e+01
4.3200086205920636e+00	2.5755416230285142e+01
4.3240172035023559e+00	2.2121547407074093e+01
4.3280017821000012e+00	2.3064472588595095e+01
4.3320112789367293e+00	2.5902515200810516e+01
4.3360225069796190e+00	2.6404843885842130e+01
4.3400129163390666e+00	2.7267925039051654e+01
4.3440072318842784e+00	2.9142577877045266e+01
4.3480060900134205e+00	2.5739379914529241e+01
4.3520093620963882e+00	3.0473070403572773e+01
4.3560099094057119e+00	2.5697188840226591e+01
4.3600056658757111e+00	3.0095427138884908e+01
4.3640215031486109e+00	3.2571429537046164e+01
4.3680106600824562e+00	2.9865726578539704e+01
4.3720220365054647e+00	3.0190520076802436e+01
4.3760091199416813e+00	3.7405713658053472e+01
4.3800204175594155e+00	3.8613908733465436e+01
4.3840094473518461e+00	4.1100729564332617e+01
4.3880221869149230e+00	4.2400779990421391e+01
4.3920078991457103e+00	3.8288530455069093e+01
4.3960158959834956e+00	4.2077254254210210e+01
4.4000023228421687e+00	3.7555162134800632e+01
4.4040160532310448e+00	3.9379941291896863e+01
4.4080084270242477e+00	3.7875757007382312e+01
4.4120031340397947e+00	3.3741934969401406e+01
4.4160021950589243e+00	3.3662825138173943e+01
4.4200206499346182e+00	3.1409561589725339e+01
4.4240111516438256e+00	2.7830112672949330e+01
4.4280218725746128e+00	3.0458689917979662e+01
4.4320046565855522e+00	3.2071722815217754e+01
4.4360093127499169e+00	3.2541673820780552e+01
4.4400176310209698e+00	3.2566898720067329e+01
4.4440089562537040e+00	3.2735958471838792e+01
4.4480026694071837e+00	3.2846153554830572e+01
4.4520186811909452e+00	3.2114020135582685e+01
4.4560102846285696e+00	3.0498030423795797e+01
4.4600018878546575e+00	3.1129441959175303e+01
4.4640167729735882e+00	3.1699887482125654e+01
4.4680049332947407e+00	3.0894307938956992e+01
4.4720153565630794e+00	2.8639615699552845e+01
4.4760009772851204e+00	2.8241025368033096e+01
4.4800076110792597e+00	2.9757352089094809e+01
4.4840123191387313e+00	3.0609285379900044e+01
4.4880165830942298e+00	3.1912280274806200e+01
4.4920207521782771e+00	3.4233517528961173e+01
4.4960032900043769e+00	3.6271064202456046e+01
4.5000133492680643e+00	3.5404700078674836e+01
4.5040006197893705e+00	3.4177666478858121e+01
4.5080153778291860e+00	4.1272347117566675e+01
4.5120055697459742e+00	4.1358866987175709e+01
4.5160166198885605e+00	3.8964177948270546e+01
4.5200009240181620e+00	4.0473979699135342e+01
4.5240061450253028e+00	3.3114806116448449e+01
4.5280089764990423e+00	3.4754817143533934e+01
4.5320096328907491e+00	3.3278834507138839e+01
4.5360092082837724e+00	4.1270650596580474e+01
4.5400083953498189e+00	3.6866493766310548e+01
4.5440085857811825e+00	3.5237123046551950e+01
4.5480105562006257e+00	3.4197525172843584e+01
4.5520155102994355e+00	3.1429074983669203e+01
4.5560232180154694e+00	3.2641805598542724e+01
4.5600072441030637e+00	3.3222611646325348e+01
4.5640143776800484e+00	3.0000479534205091e+01
4.5680188623060936e+00	2.9533962860822434e+01
4.5720212777953542e+00	2.8416842803354378e+01
4.5760224698677865e+00	2.6777180465451760e+01
4.5800228169866113e+00	2.6020355487280458e+01
4.5840221968060693e+00	2.8726358341325689e+01
4.5880201710693589e+00	3.0741855804928750e+01
4.5920175257740627e+00	3.1844818904261590e+01
4.5960148475374503e+00	3.2601132100753816e+01
4.6000128507482509e+00	3.3843124337792176e+01
4.6040106518298964e+00	3.4376475974916033e+01
4.6080084156232264e+00	3.2779473595927477e+01
4.6120073800781265e+00	3.2584706874549269e+01
4.6160086548134780e+00	3.6352365194134038e+01
4.6200135540915896e+00	3.3081830877459048e+01
4.6240232848090130e+00	3.7645746815523559e+01
4.6280130942400435e+00	4.2556097543471040e+01
4.6320037087444437e+00	3.9353644122367498e+01
4.6360186549630509e+00	3.3336286600226870e+01
4.6400101158748779e+00	3.4099613142970099e+01
4.6440005692571091e+00	3.8033722215294382e+01
4.6480114208518613e+00	3.1614004097985262e+01
4.6520213779646920e+00	2.8563162922292765e+01
4.6560069737310927e+00	3.3141194793267267e+01
4.6600167071990306e+00	3.1238538110818787e+01
4.6640040851597657e+00	2.8765557705565030e+01
4.6680178447190244e+00	2.8607349882021541e+01
4.6720109199457385e+00	2.8441971560941898e+01
4.6760073284921022e+00	2.6987785181051983e+01
4.6800033390717619e+00	2.5215943697421167e+01
4.6840216376017159e+00	2.5490213196051254e+01
4.6880156049350639e+00	2.5578314764474165e+01
4.6920109681024531e+00	2.9060377692661760e+01
4.6960098207376628e+00	2.7604596078793353e+01
4.7000140134055091e+00	2.6676690146311248e+01
4.7040182538928432e+00	3.2735828876587895e+01
4.7080109537349992e+00	2.7721416162701690e+01
4.7120158793753282e+00	2.5978743350227198e+01
4.7160201513332005e+00	3.2316989138301743e+01
4.7200078640418681e+00	2.6107212645299651e+01
4.7240022960070576e+00	2.8923206251585164e+01
4.7280026986259100e+00	2.8644621731035318e+01
4.7320031485239094e+00	2.6494600124554296e+01
4.7360014701134254e+00	2.4853971053616654e+01
4.7400238178676712e+00	2.7136157147331847e+01
4.7440017725444292e+00	2.5410251098686501e+01
4.7480062388080775e+00	2.6702802218917761e+01
4.7520117260320900e+00	2.8361736141054728e+01
4.7560152184415569e+00	2.7290247452262292e+01
4.7600163034498966e+00	2.5080882906161651e+01
4.7640152459127840e+00	2.6058133158717538e+01
4.7680132736862157e+00	2.6157474839577020e+01
4.7720114373657081e+00	2.6397464686317022e+01
4.7760060170433674e+00	2.5772279554228085e+01
4.7800158768412748e+00	2.3549233421755670e+01
4.7840183591514389e+00	2.5621070636410359e+01
4.7880147462384102e+00	2.4291786793542194e+01
4.7920084966960976e+00	2.4372805696078977e+01
4.7960003382495007e+00	2.3107221455808119e+01
4.8000157239379835e+00	2.5358443540599136e+01
4.8040097451914763e+00	2.5975907729554788e+01
4.8080104449284633e+00	2.8017944783964335e+01
4.8120215550711185e+00	2.7381215046344423e+01
4.8160150195712905e+00	2.6329888602935537e+01
4.8200074315635550e+00	2.8631144891834602e+01
4.8240223645062850e+00	3.0495881795330895e+01
4.8280127409890250e+00	3.2416318536607555e+01
4.8320037064755574e+00	2.9305779851850236e+01
4.8360199818359391e+00	2.7900453065594007e+01
4.8400145779857873e+00	2.5295405669752729e+01
4.8440110721862286e+00	3.0924882355984110e+01
4.8480097852506239e+00	3.1853674656308073e+01
4.8520109685336159e+00	2.8632656085231332e+01
4.8560138648709890e+00	3.4256274320375468e+01
4.8600158708150722e+00	3.3410284781798794e+01
4.8640152639248271e+00	3.1637787311689042e+01
4.8680120415375088e+00	2.8641133581524169e+01
4.8720049598654560e+00	2.8424370455730280e+01
4.8760180497490087e+00	2.7275860408123112e+01
4.8800034673664969e+00	2.6693711246948116e+01
4.8840096882910631e+00	2.6125271983265389e+01
4.8880129267075745e+00	2.4722389426696846e+01
4.8920130935565966e+00	2.5830297211490098e+01
4.8960093353081628e+00	2.3654257425896247e+01
4.9000025158744380e+00	2.5875285094998297e+01
4.9040177481867833e+00	2.7109071275632438e+01
4.9080082358755091e+00	2.7850150971744235e+01
4.9120217267681721e+00	2.8230148374803889e+01
4.9160105775445375e+00	2.7556491021697191e+01
4.9200228692113859e+00	2.9019546474895083e+01
4.9240121174475950e+00	2.8103437411131228e+01
4.9280028625357728e+00	2.3267186771453133e+01
4.9320166751316705e+00	2.4974643568687124e+01
4.9360050593009168e+00	2.5264207465219048e+01
4.9400168864711418e+00	2.4204292505816476e+01
4.9440068356613693e+00	2.5591636610350459e+01
4.9480217370982826e+00	2.4658788921246828e+01
4.9520126265281519e+00	2.4282363816813362e+01
4.9560035077924489e+00	2.3672756131350319e+01
4.9600189802147359e+00	2.6234598835303423e+01
4.9640126871573225e+00	2.8531600583998465e+01
4.9680092330510472e+00	2.9954868893254378e+01
4.9720090210531760e+00	3.0485213240807635e+01
4.9760133412965137e+00	3.0267496165472245e+01
4.9800215722046879e+00	2.9479838276806053e+01
4.9840080808201819e+00	2.8195198585772740e+01
4.9880195199071382e+00	2.6269715832166352e+01
4.9920065930879804e+00	2.8444659151366565e+01
4.9960184365445564e+00	2.7801747630245909e+01
5.0000079293258155e+00	2.6838444649247577e+01
5.0040001350074137e+00	2.7462311092010495e+01
5.0080197407961471e+00	2.6941112410700054e+01
5.0120169226747269e+00	2.7119966849501996e+01
5.0160158181193406e+00	2.9836980672476027e+01
5.0200172455084164e+00	2.5721703260368436e+01
5.0240166847747698e+00	3.1795085412119136e+01
5.0280112232700169e+00	2.8460196686388514e+01
5.0320027180400615e+00	3.0436436438290954e+01
5.0360157111864687e+00	3.3560488735600828e+01
5.0400007774217404e+00	3.5125287825777725e+01
5.0440072638218387e+00	3.5967093392437960e+01
5.0480113608584825e+00	3.4323179488059637e+01
5.0520117871902928e+00	2.9075435936001888e+01
5.0560085606008220e+00	3.7407198724262287e+01
5.0600016302958579e+00	3.5658066324934495e+01
5.0640146513950119e+00	2.7381418139888602e+01
5.0680008925730879e+00	3.7479939362263750e+01
5.0720073703952036e+00	3.5024537360343217e+01
5.0760128611015940e+00	2.8908697124621778e+01
5.0800210073672813e+00	3.5134109321142972e+01
5.0840077288453989e+00	3.3131185989224967e+01
5.0880236334232221e+00	2.8911203285626126e+01
5.0920206976607707e+00	2.9349086904683411e+01
5.0960195090204579e+00	3.0071988829457553e+01
5.1000169961826431e+00	2.8504574270704840e+01
5.1040120730867002e+00	2.8958997253297035e+01
5.1080033029409098e+00	2.6409080064550995e+01
5.1120143147835062e+00	2.5861529964076137e+01
5.1160018950538548e+00	2.7500095689491996e+01
5.1200140020839724e+00	2.6719008879278338e+01
5.1240028362335641e+00	2.6856483780654365e+01
5.1280172485125117e+00	2.5735296901040613e+01
5.1320124339964801e+00	2.8989706315242643e+01
5.1360130667882293e+00	3.0754762806094490e+01
5.1400166462225050e+00	3.0897800649899494e+01
5.1440234930180262e+00	2.9683190480193804e+01
5.1480096406007503e+00	2.7495711942194664e+01
5.1520192670571312e+00	3.0310780718806576e+01
5.1560047259317487e+00	3.6095820164549018e+01
5.1600157035115357e+00	3.8919163992391134e+01
5.1640029640736191e+00	3.2506846680937009e+01
5.1680133395180317e+00	2.8241383548278289e+01
5.1720227252378788e+00	3.1496197835160476e+01
5.1760071860342407e+00	3.2100386305253245e+01
5.1800102639589554e+00	3.0684455350354988e+01
5.1840084946898370e+00	3.6597292884211853e+01
5.1880032112482972e+00	3.0901546975498970e+01
5.1920188349871461e+00	2.7923310201945874e+01
5.1960098065765177e+00	2.6408762109858273e+01
5.2000233331467509e+00	2.7063567744580709e+01
5.2040130931130939e+00	2.7258066396417188e+01
5.2080022850590346e+00	2.8606806960811138e+01
5.2120155708506468e+00	2.6737621987440285e+01
5.2160045970041251e+00	2.8633595269481471e+01
5.2200141077490381e+00	2.6551535990984537e+01
5.2240207265247980e+00	2.8409184842375080e+01
5.2280016572496404e+00	2.8466874048374716e+01
5.2320052092556626e+00	3.0466817278523337e+01
5.2360099857904885e+00	3.0535973909672016e+01
5.2400177241631791e+00	3.1899036843560861e+01
5.2440051288824030e+00	3.1624698546322261e+01
5.2480193838743787e+00	3.1508467260488572e+01
5.2520122918389838e+00	3.0842676646029837e+01
5.2560081991817329e+00	3.0435250214553839e+01
5.2600063323499668e+00	3.3714377338452259e+01
5.2640049690477539e+00	2.9977150807491739e+01
5.2680057787266783e+00	3.1046621475686905e+01
5.2720094087260732e+00	3.0658029630272555e+01
5.2760130459775327e+00	2.9549347594058865e+01
5.2800180664993652e+00	3.0996544440179207e+01
5.2840011852357218e+00	3.3845852370976836e+01
5.2880099209331934e+00	3.3385049648929567e+01
5.2920204582358412e+00	3.5708058194986094e+01
5.2960091907669433e+00	3.8870079340754650e+01
5.3000192130781896e+00	3.9244649603399331e+01
5.3040020494820448e+00	4.4768064195337217e+01
5.3080057963604101e+00	4.4361478125687235e+01
5.3120081957580823e+00	4.0620800164392115e+01
5.3160104975867206e+00	4.4160871417668233e+01
5.3200133972372425e+00	4.3025709384604887e+01
5.3240187584860967e+00	3.8085136118773079e+01
5.3280050581305014e+00	3.6762277945093906e+01
5.3320165368410919e+00	3.5588083343944270e+01
5.3360018155093396e+00	3.2270706653279042e+01
5.3400087975513522e+00	3.2208143160893194e+01
5.3440142045926677e+00	3.4291621523942993e+01
5.3480179307693207e+00	3.1420813526599431e+01
5.3520194190172736e+00	3.0910596240992241e+01
5.3560207059185840e+00	3.2713904659463005e+01
5.3600210309967462e+00	3.7628648818956030e+01
5.3640016001334230e+00	3.7627858094455931e+01
5.3680089626614080e+00	3.2330298056151697e+01
5.3720202087053268e+00	2.9649611620603487e+01
5.3760131920360648e+00	3.0472316674643746e+01
5.3800060009648885e+00	3.0707335947500980e+01
5.3840223946026367e+00	3.1697298975494324e+01
5.3880158323677803e+00	3.1809525671805364e+01
5.3920116171103887e+00	3.0790046727534516e+01
5.3960076535138146e+00	2.7876563426344376e+01
5.4000036597789087e+00	2.5545884644949304e+01
5.4040011038949496e+00	2.7908932971146726e+01
5.4080013564939202e+00	2.9018700449818539e+01
5.4120020302590435e+00	2.8160334079597419e+01
5.4160010095430442e+00	3.6600935730030926e+01
5.4200222609064053e+00	3.6955271496564201e+01
5.4240195037519285e+00	3.0443858083094199e+01
5.4280164788549303e+00	3.3450511738147739e+01
5.4320148235678012e+00	3.0316016838925631e+01
5.4360127254305670e+00	4.0977664192149994e+01
5.4400087504360473e+00	3.5510882456331323e+01
5.4440029189980255e+00	3.0938276385034012e+01
5.4480204305151805e+00	4.0405422915291979e+01
5.4520152466448870e+00	3.4912299837141823e+01
5.4560113036926321e+00	3.0581065287305918e+01
5.4600087507386768e+00	3.2688816582273823e+01
5.4640080999101608e+00	2.8923614508867416e+01
5.4680044536268309e+00	3.0503272429577116e+01
5.4720202829158211e+00	3.5275176831376200e+01
5.4760084036400807e+00	3.5871628289255241e+01
5.4800161280415196e+00	4.7149407229456983e+01
5.4840210072501190e+00	4.3332027867765014e+01
5.4880003848661554e+00	5.3595022852052892e+01
5.4920043609655602e+00	4.2290544357580949e+01
5.4960124516174664e+00	4.8663755291660941e+01
5.5000233646045409e+00	3.6032276342497539e+01
5.5040137383286778e+00	4.6188795086202141e+01
5.5080057907625477e+00	3.4305654089587414e+01
5.5120159333499688e+00	3.8746436855522859e+01
5.5160203814062427e+00	3.8196729393469454e+01
5.5200192565933017e+00	3.6363362400137511e+01
5.5240133353225422e+00	3.7896256995317998e+01
5.5280030374491931e+00	3.5628349295679747e+01
5.5320128189174529e+00	3.7088704955010165e+01
5.5360193906816013e+00	3.1462481017619275e+01
5.5400006218438245e+00	3.6582862831020940e+01
5.5440048190693743e+00	3.6399020888362642e+01
5.5480092473445044e+00	3.0918232745648695e+01
5.5520160636784288e+00	3.1192813571857670e+01
5.5560016703024973e+00	3.1071341772308056e+01
5.5600161229457719e+00	2.8351351050015090e+01
5.5640107359326318e+00	2.4761169976306782e+01
5.5680071249463632e+00	2.2798944497532826e+01
5.5720057582511204e+00	2.4562274219045232e+01
5.5760069582764498e+00	2.2799721439964351e+01
5.5800101385356076e+00	2.4440500441361234e+01
5.5840092451771390e+00	2.4629378896490508e+01
5.5880058663790297e+00	2.2431072807579760e+01
5.5920047155242409e+00	2.5480066745918737e+01
5.5960052381007381e+00	2.4877276381952875e+01
5.6000069036021127e+00	2.1889030237317950e+01
5.6040096728491724e+00	2.3081335162136615e+01
5.6080137923988822e+00	2.1510546362605162e+01
5.6120191850565027e+00	2.4535390838010354e+01
5.6160020972233813e+00	2.5865659139123071e+01
5.6200096291193553e+00	2.6766299794150665e+01
5.6240174432480217e+00	2.6743546983287899e+01
5.6280029890592358e+00	2.6011940263197509e+01
5.6320161748225930e+00	2.4562428406711486e+01
5.6360120492466503e+00	2.5850354119584196e+01
5.6400134505903132e+00	2.6756540013548349e+01
5.6440193137890660e+00	2.7226328756332506e+01
5.6480021210842715e+00	2.7251746324800450e+01
5.6520063911612235e+00	2.7114085824212840e+01
5.6560094551611684e+00	2.6821125921540975e+01
5.6600133412428670e+00	2.6506244653703245e+01
5.6640159017027374e+00	2.6833587557991518e+01
5.6680155803050232e+00	3.3144285049962392e+01
5.6720124500845595e+00	3.6733708846017500e+01
5.6760068428526482e+00	3.5161549979103512e+01
5.6800229236561712e+00	3.6216709148127521e+01
5.6840136942072217e+00	3.8916114768541973e+01
5.6880037689871950e+00	3.6116832665080345e+01
5.6920166536754229e+00	3.1091818307100972e+01
5.6960046536239783e+00	3.3111048093342880e+01
5.7000163930664289e+00	3.3323463812854733e+01
5.7040039686627981e+00	3.2435055832897305e+01
5.7080122278827323e+00	3.1111506808977673e+01
5.7120155802056081e+00	2.9433098520533491e+01
5.7160138746385067e+00	2.8970048841744731e+01
5.7200093852454525e+00	3.1234604952864256e+01
5.7240046570709371e+00	2.9040356631664025e+01
5.7280008818556052e+00	2.6628265559170533e+01
5.7320212658544119e+00	2.9613580693430713e+01
5.7360185618062145e+00	2.7537250374426701e+01
5.7400175119132015e+00	2.5713164683681210e+01
5.7440189115107563e+00	2.6722850047198484e+01
5.7480229983141653e+00	2.5530735660941492e+01
5.7520077488720220e+00	2.7747168881872106e+01
5.7560196556796539e+00	2.5412629763046187e+01
5.7600081813114876e+00	2.3649907456433798e+01
5.7640211742240437e+00	2.3206091204004089e+01
5.7680117624628320e+00	2.4208838493536589e+01
5.7720040943964026e+00	2.4202233634024228e+01
5.7760192129685688e+00	2.2680821159636348e+01
5.7800070381559250e+00	2.3061108364920113e+01
5.7840153389897093e+00	2.3348267814598739e+01
5.7880212863783891e+00	2.3070480258566736e+01
5.7920020833720915e+00	2.2647570890273197e+01
5.7960071550465333e+00	2.3653160455462409e+01
5.8000109684615930e+00	2.2763940355383738e+01
5.8040121954249955e+00	2.5521340025782717e+01
5.8080094732704177e+00	2.4942375231693124e+01
5.8120027108237142e+00	2.4053011141184328e+01
5.8160163591607779e+00	2.4271941117038541e+01
5.8200031506605212e+00	2.7144030148584424e+01
5.8240118200417257e+00	3.3412250908886108e+01
5.8280194728819152e+00	3.5493042004552763e+01
5.8320045653777211e+00	2.6607350695848691e+01
5.8360147284818025e+00	3.5435976626259396e+01
5.8400043016844405e+00	2.9560007629834573e+01
5.8440228115166413e+00	2.8951408060116055e+01
5.8480230353670306e+00	2.6922088560046582e+01
5.8520021072162569e+00	2.7540673214372500e+01
5.8560045823124014e+00	2.7659118664459491e+01
5.8600072001681491e+00	2.7381137348876550e+01
5.8640114417841422e+00	2.4562250894520815e+01
5.8680193741788420e+00	2.5020479175722770e+01
5.8720082852170830e+00	2.6355121053952910e+01
5.8760027021273915e+00	3.0370624349171397e+01
5.8800041774260503e+00	2.7621861158041721e+01
5.8840118638722467e+00	2.4987959962608681e+01
5.8880200996447485e+00	2.5116271846849962e+01
5.8920034667042760e+00	2.2799227811151603e+01
5.8960103577488550e+00	2.3500339714929378e+01
5.9000153480060913e+00	2.3372424257313916e+01
5.9040170254934443e+00	2.1770846292951493e+01
5.9080177693769711e+00	2.2102245408090678e+01
5.9120180175555417e+00	2.5446427734573195e+01
5.9160172717765729e+00	2.5156403351054742e+01
5.9200151336188602e+00	2.7044463986039283e+01
5.9240126980498431e+00	2.3513056008982876e+01
5.9280053251305542e+00	2.5568793475400216e+01
5.9320185350011245e+00	2.5891012590317011e+01
5.9360063687085498e+00	2.4799937152133598e+01
5.9400183431792533e+00	2.2645101830288343e+01
5.9440085259663320e+00	2.2433902020924805e+01
5.9480027983686510e+00	2.5458816891355777e+01
5.9520018889977049e+00	2.3220600038223846e+01
5.9560232987155874e+00	2.2628768848290502e+01
5.9600176501136026e+00	2.1112974986772421e+01
5.9640083226385956e+00	2.3778895684908754e+01
5.9680189897518092e+00	2.6723008673473416e+01
5.9720027018751249e+00	2.6242031555554558e+01
5.9760062826325733e+00	2.3888204770449232e+01
5.9800064960634183e+00	2.4175950300159620e+01
5.9840046695692912e+00	2.5286154405347300e+01
5.9880235626702554e+00	2.9755038537430448e+01
5.9920135209642451e+00	3.2453974959392312e+01
5.9960232728899454e+00	2.8821560605953749e+01
6.0000109305290010e+00	2.6568035056266165e+01
6.0040001340687059e+00	2.8918988422851374e+01
6.0080170017806802e+00	2.7279904008617965e+01
6.0120127711360665e+00	2.4814944859019114e+01
6.0160128950093394e+00	2.2563104870975419e+01
6.0200130622349119e+00	2.6604584902114727e+01
6.0240139177165064e+00	2.4898451767919628e+01
6.0280127412832432e+00	2.5604052193637980e+01
6.0320123723136101e+00	2.8399887118651385e+01
6.0360134490160107e+00	2.7683564280710470e+01
6.0400138960176761e+00	2.8978450524122131e+01
6.0440163566978997e+00	3.8390700493964424e+01
6.0480187710265287e+00	3.1962795397075876e+01
6.0520194223313908e+00	2.5464328118009330e+01
6.0560191130622369e+00	2.8446023622988402e+01
6.0600179685831508e+00	2.7116921939834661e+01
6.0640159399398161e+00	2.4717627396843927e+01
6.0680134074296515e+00	2.3432223006873485e+01
6.0720113713578536e+00	2.4840781677904687e+01
6.0760113828195141e+00	2.5177769925454626e+01
6.0800145277199524e+00	2.4466340768267042e+01
6.0840218636468650e+00	2.6595252599484517e+01
6.0880100029680984e+00	2.2373673301225441e+01
6.0920003815745449e+00	2.3505079267599889e+01
6.0960156044894429e+00	2.2598814534583912e+01
6.1000047742228292e+00	2.0492609353740537e+01
6.1040060144364041e+00	2.0887363597554295e+01
6.1080191673394362e+00	2.1834380362024842e+01
6.1120217642825123e+00	2.4777095073500323e+01
6.1160158105809002e+00	2.1687196085736510e+01
6.1200037301508372e+00	2.3647408273917453e+01
6.1240133701572370e+00	2.4703571853339874e+01
6.1280219623901155e+00	2.5505922166890258e+01
6.1320033139699284e+00	2.4275275729084971e+01
6.1360119091677312e+00	2.7893157742884714e+01
6.1400034075727365e+00	2.5910375495062077e+01
6.1440025827305380e+00	2.4378081052768046e+01
6.1480137990713422e+00	2.3699303758852210e+01
6.1520151715674789e+00	2.2396364603959817e+01
6.1560036484468466e+00	2.2426972606032617e+01
6.1600013222099097e+00	2.2886054739859567e+01
6.1640060722456482e+00	2.2320182430727773e+01
6.1680084745703825e+00	2.2381616788347294e+01
6.1720057137389981e+00	2.3709175790148272e+01
6.1760196470711826e+00	2.1313140789045502e+01
6.1800019825145691e+00	2.2544869115074714e+01
6.1840006423032481e+00	2.3282520596449807e+01
6.1880168800747457e+00	2.4630401101805312e+01
6.1920060936767012e+00	2.3715446275912967e+01
6.1960153482961555e+00	2.5061414566716032e+01
6.2000210778871336e+00	2.5463522443230094e+01
6.2040045214445261e+00	2.3816500839144602e+01
6.2080154906050735e+00	2.4083250851534419e+01
6.2120068235011416e+00	2.4088191968075986e+01
6.2160047507879215e+00	2.7492758029884051e+01
6.2200076533576505e+00	2.6329207526218877e+01
6.2240165694959151e+00	1.9761089233754152e+01
6.2280088445846919e+00	2.4886842369808409e+01
6.2320028643432339e+00	2.6355929433538325e+01
6.2360212750564479e+00	2.4950269134975713e+01
6.2400130338313451e+00	2.3812833745694189e+01
6.2440008906901170e+00	2.3024522016593419e+01
6.2480104877912543e+00	2.3486042190069810e+01
6.2520168151685018e+00	2.3186299572884945e+01
6.2560201145971952e+00	2.6011279537053763e+01
6.2600221585539337e+00	2.8443943218406652e+01
6.2640000709591357e+00	2.9199367483378364e+01
6.2680005410935689e+00	2.9118191893198070e+01
6.2720006426367592e+00	2.9072499356262565e+01
6.2760023927220008e+00	2.9566177166378257e+01
6.2800071749585138e+00	2.9831626250518376e+01
6.2840161767398612e+00	2.7654435060097633e+01
6.2880045302464262e+00	2.3703010830101256e+01
6.2920160613267644e+00	2.5424852566932543e+01
6.2960063540463249e+00	2.7886971400462123e+01
6.3000214283786420e+00	2.9031568675417681e+01
6.3040131256108234e+00	2.7495729295781238e+01
6.3080074194878657e+00	3.1327824554777035e+01
6.3120041311923849e+00	2.4355947819332993e+01
6.3160021998438252e+00	2.8040964621638885e+01
6.3200007931960238e+00	3.1574923994053663e+01
6.3240235521435668e+00	3.2590445241509343e+01
6.3280235092830006e+00	3.1229247195401403e+01
6.3320006570138565e+00	2.7538281851036672e+01
6.3360030396919571e+00	2.8768987597743681e+01
6.3400073208289971e+00	3.1716552409939514e+01
6.3440134521414233e+00	3.0925183534744427e+01
6.3480222833153181e+00	2.8066980777479937e+01
6.3520076769210769e+00	3.3244561637734044e+01
6.3560146425703126e+00	3.1650833255783184e+01
6.3600220072362630e+00	3.2303240426519601e+01
6.3640061424355805e+00	3.3778412087059337e+01
6.3680123271199811e+00	3.1772722749484146e+01
6.3720150070277768e+00	3.3253077405367392e+01
6.3760142423583934e+00	3.2114757506968999e+01
6.3800104578114416e+00	2.9282327424084720e+01
6.3840041024237086e+00	2.9184973415469830e+01
6.3880193648204884e+00	2.9686923422017610e+01
6.3920086800342872e+00	2.9595512707717926e+01
6.3960196310134245e+00	2.8520186371548483e+01
6.4000053414074056e+00	2.7020387117666196e+01
6.4040135911898268e+00	2.8112606383351071e+01
6.4080216371211272e+00	3.2108752157535754e+01
6.4120058360555303e+00	2.7944769660053076e+01
6.4160122801455683e+00	3.0175982738319647e+01
6.4200164038238174e+00	3.0158497675302002e+01
6.4240188494809507e+00	2.9326842363196910e+01
6.4280201589195389e+00	2.7471164505015135e+01
6.4320213679835296e+00	2.8915612850222910e+01
6.4360228669179325e+00	2.7489816215036779e+01
6.4400008509809847e+00	2.5266840265309241e+01
6.4440042937674962e+00	2.8948060076122168e+01
6.4480107158717708e+00	3.0510230515744226e+01
6.4520212417233491e+00	2.5082302432825490e+01
6.4560094005608661e+00	3.2669813777066224e+01
6.4600196811910537e+00	3.0824317785993653e+01
6.4640028424717793e+00	2.8477046028415746e+01
6.4680083109649651e+00	3.1135132868570285e+01
6.4720133512428220e+00	2.9416834509463680e+01
6.4760160759247301e+00	2.4357447248448175e+01
6.4800166619081612e+00	2.7587332414883491e+01
6.4840162876087684e+00	2.7746332531925081e+01
6.4880151028531809e+00	2.8138712249398573e+01
6.4920141940757610e+00	2.6644301507311038e+01
6.4960133824592807e+00	2.3936631449797524e+01
6.5000137358535515e+00	2.7532541150429413e+01
6.5040155074129480e+00	2.6007574451802125e+01
6.5080189599419116e+00	2.3030807575069232e+01
6.5120214813002830e+00	2.6619466256461969e+01
6.5160228336729888e+00	2.6365967544634007e+01
6.5200226545246949e+00	2.3083423280377044e+01
6.5240009548213767e+00	2.6652742434325273e+01
6.5280009944995863e+00	2.9287363881240069e+01
6.5320003907608459e+00	2.6709962498858957e+01
6.5360229196783752e+00	2.3944689945231264e+01
6.5400212685586210e+00	2.8128810577692398e+01
6.5440195878342378e+00	3.0125503920404842e+01
6.5480165385636084e+00	2.5672985275085949e+01
6.5520110305957369e+00	2.9869571925412451e+01
6.5560029549196823e+00	3.0837649699141934e+01
6.5600161563654202e+00	3.0078615005081648e+01
6.5640012542599244e+00	3.1841414883362845e+01
6.5680059647565967e+00	3.1175564110874490e+01
6.5720072073644111e+00	3.3504746674639328e+01
6.5760058452162529e+00	2.7627394759165686e+01
6.5800033646149432e+00	3.1029883099889521e+01
6.5840224667187099e+00	3.3156257430704159e+01
6.5880128988423019e+00	3.3206456726056160e+01
6.5920219806494629e+00	2.8567284267737310e+01
6.5960033795769020e+00	3.2823596406817408e+01
6.6000056376506944e+00	2.9862812919278696e+01
6.6040065376824213e+00	3.2069746165600506e+01
6.6080071045912634e+00	3.0282674458219706e+01
6.6120072421046068e+00	3.2082860161696736e+01
6.6160064253811264e+00	3.1689724462586351e+01
6.6200048273170031e+00	3.0282565385200140e+01
6.6240036589491433e+00	3.0837641220004205e+01
6.6280026961132146e+00	3.0912494901898466e+01
6.6320019058541391e+00	2.9390931970424049e+01
6.6360234893257077e+00	2.8415512964931022e+01
6.6400212996178789e+00	2.9194456582053906e+01
6.6440195407357514e+00	2.8412569708755136e+01
6.6480174859022840e+00	2.8454538332229383e+01
6.6520144848579541e+00	2.6700942105101600e+01
6.6560112195494643e+00	2.6370126911389224e+01
6.6600089092562147e+00	2.7138096657531037e+01
6.6640085678043590e+00	2.7419793612151651e+01
6.6680113370412473e+00	2.6480873734383152e+01
6.6720173849937598e+00	3.1164701998654873e+01
6.6760225349824953e+00	2.8700088600876295e+01
6.6800019922000757e+00	2.6510744030798730e+01
6.6840044411865422e+00	2.9270809479141484e+01
6.6880058672657050e+00	2.9134128307993944e+01
6.6920077164517533e+00	2.8850086727014382e+01
6.6960103329549598e+00	2.9631503144228660e+01
6.7000151600206461e+00	2.8492795543179376e+01
6.7040232989859581e+00	2.7219314837250430e+01
6.7080129147623344e+00	2.6352947303534815e+01
6.7120081270998000e+00	2.5894404736542420e+01
6.7160093031574970e+00	2.6442646756882155e+01
6.7200126718257271e+00	2.6885935974932980e+01
6.7240169051268692e+00	2.6105277055167722e+01
6.7280218301751544e+00	2.7022684003145358e+01
6.7320034796263384e+00	2.7661810323428686e+01
6.7360093931871292e+00	3.3575078764685600e+01
6.7400156348331173e+00	2.9354956762672472e+01
6.7440220655520440e+00	2.8203996390574638e+01
6.7480059375216621e+00	2.6459986734138845e+01
6.7520154926792006e+00	2.8586092812657110e+01
6.7560019152992350e+00	2.6636039218768889e+01
6.7600081407004282e+00	2.4137199935571630e+01
6.7640108018718301e+00	2.5895272996277079e+01
6.7680102267840230e+00	2.5465629164125019e+01
6.7720065550688489e+00	2.5075809601395267e+01
6.7760009076895580e+00	2.8357683960191356e+01
6.7800175455440490e+00	2.3192626309109293e+01
6.7840107993861265e+00	2.5302071678891775e+01
6.7880059869038227e+00	2.5307709419762425e+01
6.7920041063346419e+00	2.8729772452103372e+01
6.7960038995519678e+00	2.7303337965397397e+01
6.8000037251145580e+00	2.6684432286373575e+01
6.8040043175989391e+00	2.8556908309579985e+01
6.8080059608344428e+00	2.9355687490798680e+01
6.8120096144643139e+00	2.7201830487789639e+01
6.8160160221942299e+00	2.4727523545943683e+01
6.8200009750734738e+00	2.6401958333571134e+01
6.8240120213714359e+00	3.0269959922134703e+01
6.8280020927747032e+00	3.0075867959107061e+01
6.8320193149261321e+00	2.7068671282162232e+01
6.8360138249893057e+00	2.7573135443775904e+01
6.8400106364203124e+00	3.0462168043270939e+01
6.8440112857763964e+00	3.0522910020461595e+01
6.8480123124575023e+00	2.7669076325781887e+01
6.8520135643721298e+00	2.7234899212405733e+01
6.8560154680991436e+00	3.0656727449569981e+01
6.8600188544740188e+00	3.4631168163420043e+01
6.8640202515568873e+00	3.2180316832185014e+01
6.8680165243430977e+00	3.7662996997545044e+01
6.8720086111092078e+00	3.8511440999495960e+01
6.8760203838152023e+00	3.3827561967343435e+01
6.8800050382756925e+00	3.7439149018386786e+01
6.8840106912520787e+00	3.7863108654155205e+01
6.8880145734747344e+00	3.4603023665902789e+01
6.8920182480408414e+00	3.7241666370770140e+01
6.8960218171619054e+00	3.5008631436302274e+01
6.9000032163156524e+00	2.9152505585863793e+01
6.9040101927676814e+00	3.3495972264825312e+01
6.9080192445772681e+00	3.0309881597205628e+01
6.9120071390831521e+00	3.0285970694676379e+01
6.9160204769177227e+00	3.2398073594225345e+01
6.9200108323958398e+00	2.6056696389082067e+01
6.9240022091269866e+00	3.0146206969547400e+01
6.9280200600158146e+00	3.1758959711596738e+01
6.9320123429269840e+00	2.6882829603796225e+01
6.9360234352308696e+00	3.4329503645246241e+01
6.9400065821214589e+00	3.0734541994851750e+01
6.9440095976958700e+00	3.1657327573190045e+01
6.9480095282183019e+00	3.3481757165683078e+01
6.9520084482230944e+00	3.3734355905159603e+01
6.9560081629012478e+00	2.9980916469489980e+01
6.9600099982522705e+00	3.2118222962808730e+01
6.9640153376405740e+00	2.8073191919455159e+01
6.9680005845905333e+00	3.7380920066887022e+01
6.9720132585691408e+00	3.3494332728874802e+01
6.9760064584542905e+00	4.5312378848191770e+01
6.9800059727526333e+00	4.6521128918366053e+01
6.9840092871669217e+00	4.7359657371402299e+01
6.9880139329740985e+00	5.2924992245884809e+01
6.9920156029993317e+00	3.9031237970666226e+01
6.9960159530130968e+00	4.4710733710623536e+01
7.0000137255676274e+00	4.2551229386922820e+01
7.0040093045323859e+00	3.4628787474057440e+01
7.0080065913349232e+00	3.0190611402740483e+01
7.0120066070527489e+00	3.0234976989054573e+01
7.0160099185263824e+00	2.9794894497222401e+01
7.0200170897223995e+00	2.8703253332002326e+01
7.0240031838974613e+00	2.7949059380329352e+01
7.0280172378574512e+00	3.0062749156725104e+01
7.0320098154875197e+00	2.8745637308234233e+01
7.0360015568289818e+00	2.7927306617091521e+01
7.0400167964006455e+00	2.6562482386338019e+01
7.0440080972966550e+00	2.6521505756498133e+01
7.0480233963404624e+00	2.7123328091543371e+01
7.0520161408892621e+00	3.1719162521533701e+01
7.0560097563322870e+00	3.0644192577594342e+01
7.0600046127069742e+00	2.4464510825468153e+01
7.0640025012346763e+00	2.4541545308213660e+01
7.0680013010074276e+00	2.7389025245195167e+01
7.0720236860405663e+00	2.5572499569271432e+01
7.0760200306370145e+00	3.0418603753987806e+01
7.0800129979687645e+00	2.9879156644595813e+01
7.0840025892927727e+00	2.6018545667563817e+01
7.0880126345523662e+00	2.5606148735625187e+01
7.0920190902083862e+00	2.9767250269710793e+01
7.0960230478657120e+00	2.8956181197250643e+01
7.1000014987665079e+00	2.7661026144739445e+01
7.1040044456949305e+00	2.9375521499549208e+01
7.1080085541033604e+00	2.7115073172136764e+01
7.1120149063665981e+00	2.8683965799686423e+01
7.1160238138867271e+00	2.7137852063369728e+01
7.1200110031597283e+00	3.3395459015434525e+01
7.1240021597746850e+00	3.1813331381993230e+01
7.1280204992171150e+00	2.7507726570056569e+01
7.1320206471867005e+00	3.3147310322658491e+01
7.1360235187006449e+00	2.7139993202740715e+01
7.1400238085201684e+00	2.5491169956596988e+01
7.1440221133403856e+00	2.4786428407519370e+01
7.1480164068589112e+00	2.5685810620798357e+01
7.1520085796684034e+00	2.3468524099056907e+01
7.1560006973975998e+00	2.3541269149857698e+01
7.1600178175131717e+00	2.3069853138692974e+01
7.1640127929640665e+00	2.2824957384010077e+01
7.1680058093416807e+00	2.3803919723822812e+01
7.1720160553962202e+00	2.3596894606426595e+01
7.1760201155433219e+00	3.0074051341508667e+01
7.1800202653476504e+00	2.8187660150780815e+01
7.1840217318696382e+00	3.2166585176154825e+01
7.1880006641906773e+00	3.0430875138670629e+01
7.1920033865841591e+00	2.7641202656560765e+01
7.1960103923875947e+00	2.5647973467510692e+01
7.2000183354715892e+00	2.5136708013510464e+01
7.2040236721949080e+00	2.7588885969633882e+01
7.2080042684197565e+00	2.2937801220772148e+01
7.2120093600406223e+00	2.8603075383072976e+01
7.2160170385835389e+00	2.6697276228433758e+01
7.2200197291686505e+00	2.4950917965757945e+01
7.2240119137615704e+00	2.7822646393391107e+01
7.2280170219320441e+00	2.8405798916943837e+01
7.2320124471403346e+00	2.9850680745558154e+01
7.2360150935520968e+00	3.2728029523583075e+01
7.2400034551191821e+00	2.8253649269642480e+01
7.2440009337906766e+00	3.0811769899420739e+01
7.2480092675895147e+00	2.9152035168041117e+01
7.2520165342740928e+00	2.6672636002330172e+01
7.2560220940392997e+00	3.0137739415099546e+01
7.2600016576699353e+00	2.8132450377135513e+01
7.2640045134502591e+00	2.9253027996428361e+01
7.2680064023908697e+00	3.0958364826422283e+01
7.2720078890300943e+00	2.6385375851520887e+01
7.2760100570018622e+00	3.3892231594252117e+01
7.2800123420376952e+00	2.8065156661228620e+01
7.2840157079207497e+00	2.8992835877546455e+01
7.2880221863452599e+00	2.9562923847221317e+01
7.2920054628294446e+00	3.0353483883756272e+01
7.2960152672555987e+00	2.8121071941287479e+01
7.3000014562785642e+00	3.2382806346486035e+01
7.3040080879896694e+00	2.8758081119870049e+01
7.3080121467560542e+00	2.9431406751435283e+01
7.3120151965069518e+00	2.8622183860206235e+01
7.3160174998629017e+00	2.9528908624250469e+01
7.3200198339883720e+00	3.1281246976292071e+01
7.3240230045998471e+00	3.2058556466231572e+01
7.3280038373727443e+00	3.0669740546176733e+01
7.3320048771464714e+00	2.9136260180600814e+01
7.3360005544251479e+00	2.8640547144331574e+01
7.3400153657301033e+00	3.0195252498921807e+01
7.3440031028576609e+00	3.2180046234355999e+01
7.3480128753181901e+00	3.6046618821274926e+01
7.3520231119548427e+00	3.9972288285865119e+01
7.3560119369890069e+00	4.1971630720884761e+01
7.3600030738161042e+00	3.9218582342128201e+01
7.3640162901936277e+00	4.3460356142804606e+01
7.3680081796717962e+00	4.2437565372757405e+01
7.3720050262022916e+00	3.7660520804061576e+01
7.3760079308643505e+00	3.7718612089423537e+01
7.3800128217545913e+00	3.7470865970406564e+01
7.3840207619266565e+00	4.6812686400382290e+01
7.3880068777139138e+00	4.2101719053301011e+01
7.3920167495440001e+00	4.9980542960580102e+01
7.3960026806083921e+00	4.4305615558883730e+01
7.4000131316876319e+00	5.2216303217222674e+01
7.4040232324317277e+00	4.3588525107183656e+01
7.4080113576236641e+00	5.3803568207672349e+01
7.4120015258331939e+00	4.4831522141540383e+01
7.4160174894044930e+00	4.1571052042753458e+01
7.4200107577844907e+00	4.3540643404073620e+01
7.4240033963628163e+00	3.4410503780009947e+01
7.4280178523523581e+00	2.5467505986429259e+01
7.4320053835246211e+00	3.2262161292119018e+01
7.4360156272110656e+00	3.4367289046004409e+01
7.4400236950405523e+00	3.2106845374976338e+01
7.4440078094990243e+00	2.9706817469224060e+01
7.4480135441902675e+00	2.7988329434933110e+01
7.4520171762020633e+00	2.8942828866682376e+01
7.4560195209652314e+00	3.1545201346780633e+01
7.4600206801222244e+00	3.6762590849942058e+01
7.4640210900288535e+00	3.5221562852624189e+01
7.4680210339796265e+00	2.7993729626021107e+01
7.4720213422396826e+00	2.5587362743692768e+01
7.4760231479530841e+00	3.0288865744923193e+01
7.4800030818664798e+00	2.6733326170188352e+01
7.4840093339791700e+00	2.4654793986896340e+01
7.4880182834073423e+00	2.4505077028705482e+01
7.4920066540682075e+00	2.4985868094494140e+01
7.4960194667680842e+00	2.3064164910972465e+01
7.5000039288594698e+00	2.2048861680566308e+01
7.5040070274772992e+00	2.4342634008616965e+01
7.5080061704918020e+00	2.6965156848809666e+01
7.5120025403304158e+00	2.7266098088108468e+01
7.5160208670967927e+00	2.5970993411508971e+01
7.5200140885777813e+00	2.6707908800993092e+01
7.5240057024664937e+00	2.6764430600533540e+01
7.5280203525759779e+00	2.6187109384067732e+01
7.5320110629427610e+00	2.4236023160358094e+01
7.5360019448192528e+00	2.7539516401876046e+01
7.5400175117859938e+00	2.6291119129790104e+01
7.5440107191964501e+00	2.3983735516689126e+01
7.5480054367272071e+00	2.5673518052253037e+01
7.5520023803573739e+00	2.6527657589093558e+01
7.5560029070800798e+00	2.7510349288765990e+01
7.5600087685657016e+00	2.7476313420099594e+01
7.5640150877828463e+00	2.7235815116865822e+01
7.5680183383129620e+00	2.5879933773245007e+01
7.5720165963154686e+00	2.5658917959543658e+01
7.5760110781597119e+00	2.5253259768764305e+01
7.5800051331888207e+00	2.4149193631823945e+01
7.5840013535035347e+00	2.6173964431676847e+01
7.5880029421525865e+00	2.3220820836322265e+01
7.5920045382515653e+00	2.2736177234257298e+01
7.5960040716229047e+00	2.3407554127671318e+01
7.6000053926914202e+00	2.4877363432791590e+01
7.6040131903002397e+00	2.3234693779177235e+01
7.6080055679448542e+00	2.5015185046635658e+01
7.6120188156103517e+00	2.7250825526190184e+01
7.6160023106120018e+00	2.6557117283697153e+01
7.6200078488764698e+00	2.5335479157069209e+01
7.6240141017031640e+00	2.3299490508216703e+01
7.6280181058729735e+00	2.6905026743527138e+01
7.6320179327237856e+00	2.8440440269302339e+01
7.6360146662547184e+00	2.5753310706480011e+01
7.6400086224979500e+00	2.5078338381489729e+01
7.6440013070861710e+00	2.6913257129941915e+01
7.6480172652443841e+00	2.6397327727016890e+01
7.6520079557025298e+00	2.6195382561814185e+01
7.6560223646911192e+00	2.6082622191830431e+01
7.6600138728984302e+00	2.6528563190903110e+01
7.6640052835823997e+00	2.6183189499080676e+01
7.6680214522169399e+00	2.5660448769819947e+01
7.6720134641336371e+00	2.5201516538455106e+01
7.6760204348147889e+00	2.8610816375509948e+01
7.6800162964779117e+00	2.9160611441358338e+01
7.6840015033015936e+00	2.6578028094059878e+01
7.6880014915768564e+00	2.6370934870441292e+01
7.6920183576886387e+00	2.5523524544590593e+01
7.6960078976350230e+00	2.9767357531675106e+01
7.7000222513822330e+00	2.7180156967088482e+01
7.7040179704277616e+00	3.1803024459587370e+01
7.7080182692521069e+00	3.0920414779586903e+01
7.7120194134712188e+00	3.2131863179279549e+01
7.7160227122707905e+00	2.8897501833234113e+01
7.7200053712782557e+00	2.7132072912912243e+01
7.7240151826124626e+00	2.6065269967555498e+01
7.7280065631364581e+00	2.5287929361810026e+01
7.7320208516956637e+00	2.7098793728452932e+01
7.7360118631811421e+00	3.0123415159579011e+01
7.7400026750374309e+00	2.9130835849697633e+01
7.7440183308891983e+00	2.8642776797005894e+01
7.7480103321252729e+00	2.4482693359000933e+01
7.7520006373730990e+00	3.0070475364013575e+01
7.7560140330306488e+00	2.4848189852685167e+01
7.7600045333174545e+00	2.5601080471251507e+01
7.7640179344990123e+00	2.5304104115609690e+01
7.7680085327506623e+00	2.6563579623377610e+01
7.7720201472279902e+00	2.6442207031398247e+01
7.7760086656933360e+00	2.7131800560724731e+01
7.7800005362156490e+00	2.5837470461774441e+01
7.7840213616098133e+00	2.8851755755662985e+01
7.7880036933892338e+00	3.2634169115457468e+01
7.7920132868149281e+00	3.5542920452711797e+01
7.7960233917022741e+00	3.6300927101902928e+01
7.8000101702508360e+00	3.4575575257279091e+01
7.8040199254840870e+00	3.0889672888145853e+01
7.8080069420890466e+00	2.9839963725648484e+01
7.8120167938753262e+00	2.6111102240455963e+01
7.8160234793750574e+00	3.2288445443449170e+01
7.8200076770038587e+00	3.5784818077035453e+01
7.8240173556113524e+00	3.4450740645432504e+01
7.8280037856234381e+00	3.0969993276955968e+01
7.8320158137397957e+00	2.9674666343147290e+01
7.8360040309003738e+00	2.7343519365437391e+01
7.8400171061202411e+00	2.4137898491178568e+01
7.8440096985035392e+00	2.6896505353008600e+01
7.8480083859197256e+00	2.5648112870596584e+01
7.8520102076421319e+00	2.5474309180728941e+01
7.8560074912559932e+00	2.7297037314396071e+01
7.8600002083643563e+00	2.7187715683683482e+01
7.8640135211927111e+00	2.6873498667976097e+01
7.8680014510253331e+00	2.6432968411598843e+01
7.8720116490443104e+00	2.6166141850006838e+01
7.8760215708079286e+00	2.2714494780293638e+01
7.8800093649117553e+00	2.2552304326710008e+01
7.8840233450386119e+00	2.2940238873388228e+01
7.8880153994430611e+00	2.2887822327748587e+01
7.8920074517290404e+00	2.4756226251049210e+01
7.8960233298823734e+00	2.3379661158767593e+01
7.9000151319060468e+00	2.5261039868055491e+01
7.9040065181582833e+00	2.5710624714447881e+01
7.9080215618102967e+00	2.8167807007271705e+01
7.9120128589355785e+00	3.0296040025773010e+01
7.9160047630462298e+00	3.0375944601267506e+01
7.9200213785110591e+00	2.8592636924927348e+01
7.9240153800855273e+00	3.0542312091277125e+01
7.9280101387055391e+00	3.1009025201978766e+01
7.9320053903493744e+00	3.1470391873526687e+01
7.9360003662175913e+00	4.0218788946442544e+01
7.9400192156132805e+00	4.5644778198038104e+01
7.9440160761301408e+00	3.4725395465075877e+01
7.9480160152564121e+00	3.2664206619714960e+01
7.9520205749575759e+00	3.1615300184343841e+01
7.9560066322126923e+00	3.5500317900201864e+01
7.9600173762452862e+00	3.1800133579335128e+01
7.9640029888291188e+00	3.3903338570931624e+01
7.9680107233112816e+00	3.5634933329478670e+01
7.9720172711590944e+00	3.1553741913209734e+01
7.9760001855164955e+00	2.9356313662742789e+01
7.9800089879604572e+00	3.1741170748138156e+01
7.9840209483413265e+00	3.1701256370367794e+01
7.9880147805218922e+00	3.0072742854021339e+01
7.9920121510401012e+00	3.7212945264344135e+01
7.9960063307944971e+00	3.5297642503381510e+01
8.0000000000000000e+00	3.0989701245983724e+01
