0.0000000000000000e+00	5.1528025719511028e-01
4.0190816359385172e-02	5.1320441563345642e-01
8.0115381379628453e-02	4.9253596334225680e-01
1.2002956171834359e-01	5.1206296250901639e-01
1.6018571935433853e-01	5.1273347622213217e-01
2.0009513511790147e-01	5.0699265342188848e-01
2.4000595676836711e-01	5.0224872149994482e-01
2.8016472540660248e-01	5.0598966741727236e-01
3.2007867065920081e-01	5.1156070544196375e-01
3.6023734777726291e-01	5.0165328158774602e-01
4.0014644215558792e-01	4.9002257463860943e-01
4.4005062688513691e-01	5.1339901694904333e-01
4.8019445671246841e-01	5.0452684857671926e-01
5.2008502600957573e-01	4.8535388153465908e-01
5.6021574134872087e-01	5.0912344451037839e-01
6.0009534357239447e-01	4.9596160592150745e-01
6.4021930715875475e-01	4.9123873201145474e-01
6.8009867513321587e-01	4.9731305532396003e-01
7.2022643879976533e-01	4.7939139611417314e-01
7.6011173587833369e-01	4.9767071804478508e-01
8.0000053769925616e-01	4.8811873592552735e-01
8.4013886345166877e-01	4.5210424432730734e-01
8.8003342185045730e-01	5.0128043315538362e-01
9.2017250451306176e-01	4.7464969571383392e-01
9.6006289984313919e-01	4.5659573133239367e-01
1.0001978401874105e+00	4.9935639161558054e-01
1.0400858518251959e+00	4.5350063241308763e-01
1.0802200000977644e+00	4.6392295634426095e-01
1.1201046771808503e+00	4.9144374472211355e-01
1.1602321797860720e+00	4.5760540839507757e-01
1.2001114273644637e+00	4.7906437914278532e-01
1.2402361181879695e+00	4.7630893889133069e-01
1.2801149352454353e+00	4.7414710221382639e-01
1.3202407341989939e+00	4.8871559444301788e-01
1.3601230862665270e+00	4.5018376900909507e-01
1.4000096969900766e+00	4.7036073967482106e-01
1.4401468933437698e+00	4.8863821626921411e-01
1.4800418249129015e+00	4.7465847603543065e-01
1.5201857346227561e+00	4.6265007204367886e-01
1.5600851652199514e+00	4.7753329465799815e-01
1.6002304242963379e+00	4.7923969590465243e-01
1.6401285999849675e+00	4.8009445948202667e-01
1.6800264634594839e+00	4.6889453484472771e-01
1.7201704822938806e+00	4.6459488936724863e-01
1.7600680481897732e+00	4.8654160203380387e-01
1.8002112763033788e+00	4.8140430121555106e-01
1.8401073408506341e+00	4.6010379382865579e-01
1.8800025639893445e+00	4.7965647182504334e-01
1.9201436687283542e+00	4.7587307959346181e-01
1.9600393828724738e+00	4.7536680473401738e-01
2.0001816040332590e+00	4.7689484216175404e-01
2.0400761481825422e+00	4.5449133292380273e-01
2.0802157482886678e+00	4.8433193689140269e-01
2.1201076779288726e+00	4.8202604568482421e-01
2.1602433402824697e+00	4.5699013064478677e-01
2.2001302169577688e+00	4.7910055106940996e-01
2.2400157538309107e+00	4.7027819047343933e-01
2.2801472034988306e+00	4.7232522707086411e-01
2.3200313322427575e+00	4.8020433661974621e-01
2.3601595992871527e+00	4.4805525139810770e-01
2.4000394110136707e+00	4.8256637361807986e-01
2.4401645385035695e+00	4.7968769837889091e-01
2.4800434615965177e+00	4.5232277568914170e-01
2.5201691551179510e+00	4.7786505504066606e-01
2.5600503792153066e+00	4.6441133340310020e-01
2.6001799226425146e+00	4.6838332446975006e-01
2.6400645199731279e+00	4.7998875102703575e-01
2.6801953971441090e+00	4.4672148376070142e-01
2.7200791025043491e+00	4.7982614211339636e-01
2.7602071652362867e+00	4.7644033298270899e-01
2.8000872251245266e+00	4.4046903220986472e-01
2.8402115661234300e+00	4.7831817838825047e-01
2.8800874927495124e+00	4.5979432488499267e-01
2.9202074073358322e+00	4.5788130484782141e-01
2.9600790323121755e+00	4.7843994165451997e-01
3.0001943009119842e+00	4.3755712874207764e-01
3.0400609605957198e+00	4.7076976146848948e-01
3.0801713400277806e+00	4.7505866724600604e-01
3.1200338091889401e+00	4.3034639495678617e-01
3.1601405751257059e+00	4.7423013908578926e-01
3.2002451356257384e+00	4.6444095608383523e-01
3.2401008142448342e+00	4.5441766361088931e-01
3.2801992830590443e+00	4.7335966291375975e-01
3.3200484859974559e+00	4.4642791238464991e-01
3.3601410409094670e+00	4.5697752304321559e-01
3.4002311121820679e+00	4.7367332829229519e-01
3.4400723410033707e+00	4.6749152712798198e-01
3.4801565211207270e+00	4.3842529341245018e-01
3.5202379342795753e+00	4.7115022497127068e-01
3.5600707715880526e+00	4.2799680680431784e-01
3.6001472379247703e+00	4.6809751189968818e-01
3.6402218129213271e+00	4.6350826137109469e-01
3.6800493967366585e+00	4.5732324840503591e-01
3.7201228626930023e+00	4.5532441000998303e-01
3.7601960166816997e+00	4.5557915941457500e-01
3.8000227513497671e+00	4.6365586049318408e-01
3.8400943231467046e+00	4.5674209151713652e-01
3.8801646053809291e+00	4.6505497626064135e-01
3.9202329081572143e+00	4.5187259582479378e-01
3.9600535912462913e+00	4.5740859073699713e-01
4.0001196091044040e+00	4.4518868147558666e-01
4.0401857573294189e+00	4.6034327038512252e-01
4.0800047027542199e+00	4.5622471215039617e-01
4.1200653415862387e+00	4.6185655310759616e-01
4.1601219516919361e+00	4.5787753212151217e-01
4.2001721058225856e+00	4.5259832611826289e-01
4.2402182430720128e+00	4.6233985935808897e-01
4.2800134229398550e+00	4.4514476599949654e-01
4.3200482551946235e+00	4.4917745737842801e-01
4.3600775233987648e+00	4.5120633272590116e-01
4.4001029046191666e+00	4.3977059769225368e-01
4.4401236642860598e+00	4.4632723995779955e-01
4.4801386257227040e+00	4.4554758681429862e-01
4.5201488366139513e+00	4.4851795264635314e-01
4.5601547955003978e+00	4.4734249635670498e-01
4.6001569181377526e+00	4.3951323972821044e-01
4.6401538733840093e+00	4.4843783812163585e-01
4.6801448486590251e+00	4.3322919817089878e-01
4.7201298184109977e+00	4.6052272646791165e-01
4.7601095310065409e+00	4.5119598244706005e-01
4.8000825736673685e+00	4.5552460740896450e-01
4.8400490202463056e+00	4.5131760897893924e-01
4.8800089259585313e+00	4.3863465219720421e-01
4.9202076438277951e+00	4.5203255820380672e-01
4.9601553086376438e+00	4.5021893666172530e-01
5.0000984119987173e+00	4.3936006789612603e-01
5.0400360037127809e+00	4.8272247305375349e-01
5.0802137785667814e+00	4.6277383435569241e-01
5.1201397861031737e+00	4.9512163982537172e-01
5.1600567492055172e+00	4.5577160268776090e-01
5.2002089642216438e+00	4.9836891629487567e-01
5.2401071970462070e+00	4.6624363917445244e-01
5.2800006646501378e+00	4.9518528937536033e-01
5.3201374447695278e+00	4.8544234542209896e-01
5.3600253966461571e+00	4.9113458282750405e-01
5.4001479405242403e+00	4.9153182740302592e-01
5.4400186447540699e+00	4.8526022692238968e-01
5.4801298164182652e+00	5.0491033998278778e-01
5.5202357726731295e+00	5.1998402319124526e-01
5.5600907157150159e+00	5.2381119870326065e-01
5.6001816048817119e+00	5.1936943097023203e-01
5.6400171795243415e+00	5.2443465559626135e-01
5.6800827871575184e+00	5.2714109519733876e-01
5.7201371434138526e+00	5.4911521844355604e-01
5.7601799215291569e+00	5.6564671045521098e-01
5.8002126053821490e+00	5.7686245198755037e-01
5.8402355751746287e+00	5.8288556243825651e-01
5.8800019307189366e+00	5.8549825484953633e-01
5.9200004345101309e+00	5.8568338582134005e-01
5.9602323406044873e+00	5.8321966309594797e-01
6.0002102619262718e+00	5.8133581192650985e-01
6.0401789026205703e+00	5.7954008550111258e-01
6.0801438356892881e+00	5.7874097119138224e-01
6.1201133530782439e+00	5.8652116892913675e-01
6.1600863032645305e+00	5.9715272627923399e-01
6.2000541649895862e+00	6.0587679674560668e-01
6.2400153329865997e+00	6.3068022235886256e-01
6.2802211896975768e+00	6.4971346118820161e-01
6.3201859335457229e+00	6.6173597621598368e-01
6.3601477556405204e+00	6.6662902857845063e-01
6.4001041467431845e+00	6.6453737252971756e-01
6.4400507700012914e+00	6.5465769430407406e-01
6.4802298446594850e+00	6.5392969740310802e-01
6.5201588212785122e+00	6.7306325464927652e-01
6.5600861266142418e+00	7.1275989109713267e-01
6.6000159170747050e+00	7.4442631866301612e-01
6.6401893487902761e+00	7.6580711845735716e-01
6.6801241431146234e+00	7.7488610509087763e-01
6.7200579370812745e+00	7.7499306923871214e-01
6.7602154311604492e+00	7.9207769179459731e-01
6.8001153493830024e+00	8.1148153482643193e-01
6.8402380839123129e+00	8.1695258614438426e-01
6.8801055468748213e+00	8.3848067070305321e-01
6.9202001998538618e+00	8.6530419871064757e-01
6.9600290738026720e+00	8.8525205786050076e-01
7.0000846722638590e+00	8.9023321270067113e-01
7.0401272610118850e+00	8.7845886893170988e-01
7.0801529500058118e+00	8.8881882049354344e-01
7.1201601976267561e+00	8.9391088246524808e-01
7.1601524191926966e+00	8.9495959755681320e-01
7.2001257483051377e+00	8.8723858679029211e-01
7.2400762027159065e+00	8.9000252709363026e-01
7.2800024276148427e+00	9.2784225810643894e-01
7.3201547304163999e+00	9.4068629489299294e-01
7.3600566005340600e+00	9.3659965318845995e-01
7.4001990284269059e+00	9.6822642440740980e-01
7.4400997784178182e+00	1.0014516820811308e+00
7.4802209340217223e+00	1.0364986006572428e+00
7.5200712417000632e+00	1.0730320277637391e+00
7.5601340184173065e+00	1.1153307423358141e+00
7.6001809139169616e+00	1.1404879146652125e+00
7.6402189955112920e+00	1.1408491139075572e+00
7.6800096090622922e+00	1.1352574702721074e+00
7.7200373721982123e+00	1.1384378905869630e+00
7.7600539686983652e+00	1.1584003752623986e+00
7.8000448850644455e+00	1.2140288546913647e+00
7.8400074566802562e+00	1.2465998760076560e+00
7.8801951596385296e+00	1.3294372313662806e+00
7.9201374565430687e+00	1.4056367531135701e+00
7.9600911822507463e+00	1.4451378081738582e+00
8.0000531664718615e+00	1.4559569613109711e+00
8.0400092084463299e+00	1.4542402899807112e+00
8.0801927141463814e+00	1.4991095919957114e+00
8.1201185504339346e+00	1.4940330019160895e+00
8.1600195767789678e+00	1.5251197343788401e+00
8.2001297581033157e+00	1.6007309880133178e+00
8.2402139216592243e+00	1.6105875564620948e+00
8.2800481757221682e+00	1.6592291394294585e+00
8.3201022295271940e+00	1.6942051612823528e+00
8.3601243751657766e+00	1.8341107600106987e+00
8.4001172035123144e+00	1.9059496817176242e+00
8.4400989275223512e+00	1.8282875808982924e+00
8.4800787058527174e+00	1.8781076945827146e+00
8.5200539634861006e+00	2.0013255669919636e+00
8.5600279346248094e+00	2.0458800470433132e+00
8.6002189882501590e+00	2.0781003188238714e+00
8.6401612807552510e+00	2.2674329239190363e+00
8.6800998154260576e+00	2.2963291984948819e+00
8.7200282521286265e+00	2.5700441976604549e+00
8.7601840187876885e+00	2.6539312597659115e+00
8.8000989532133911e+00	3.0025334647955644e+00
8.8400390879553861e+00	3.1838752754094424e+00
8.8800300272736425e+00	3.1781221133735658e+00
8.9200331982357177e+00	3.6633181807769741e+00
8.9600187657195516e+00	3.5245047484378094e+00
9.0002333717296263e+00	3.3533954774469237e+00
9.0401887823666112e+00	3.8350673480923678e+00
9.0801349462201575e+00	4.0073211365762962e+00
9.1200692652519635e+00	3.9202671296974749e+00
9.1602373741466288e+00	4.0740877978025241e+00
9.2001520142586752e+00	4.1338629504168640e+00
9.2400403425510689e+00	4.7647624363102983e+00
9.2801421234926647e+00	5.3388812137510726e+00
9.3202213281716961e+00	4.8966316588589756e+00
9.3600440100309008e+00	4.6723688916509225e+00
9.4000953310967024e+00	5.1773167309699248e+00
9.4401107451584352e+00	4.9232041576728145e+00
9.4800498517548668e+00	4.1589445096078261e+00
9.5201469675878396e+00	4.0572223859661092e+00
9.5601777029727391e+00	4.6900726890922106e+00
9.6001631348690051e+00	4.3762432866910119e+00
9.6401171318909284e+00	5.7158996523429479e+00
9.6800640697493865e+00	5.3579436087947530e+00
9.7200236037918692e+00	5.7769842474700246e+00
9.7602328097265971e+00	5.8700724529214732e+00
9.8002112761673814e+00	4.8564892396120278e+00
9.8402005179979959e+00	5.5143528958441843e+00
9.8802244467453679e+00	4.8338882427659371e+00
9.9200377596335958e+00	4.7348764476417129e+00
9.9600756008817033e+00	4.4547788281588021e+00
1.0000108496076789e+01	4.8718342986377436e+00
1.0040143127550458e+01	4.7592009514554725e+00
1.0080172735973996e+01	5.4792823556556796e+00
1.0120188041935915e+01	5.5185254196443978e+00
1.0160200988430873e+01	5.2714237425674701e+00
1.0200031795383408e+01	5.3520368253716715e+00
1.0240068549964022e+01	5.6073481801711207e+00
1.0280103353430391e+01	5.7955873389973762e+00
1.0320073603929721e+01	5.3970877702624449e+00
1.0360187178022249e+01	5.0657320303053988e+00
1.0400217944914669e+01	5.0301130692917555e+00
1.0440207238397182e+01	5.6684538633043688e+00
1.0480164528948889e+01	6.0541427311679987e+00
1.0520049706318570e+01	5.9704472122849657e+00
1.0560132864652950e+01	5.9567873394476942e+00
1.0600219535184545e+01	5.8152180004505061e+00
1.0640109798067781e+01	6.4303984710501245e+00
1.0680205617802114e+01	6.8824817239047462e+00
1.0720062594143830e+01	5.9780333366374947e+00
1.0760155373590962e+01	5.5676420544415484e+00
1.0800053305600246e+01	7.2191418680054031e+00
1.0840225983770649e+01	6.6918332825568276e+00
1.0880158809706481e+01	7.0118281845476291e+00
1.0920005543171206e+01	7.9021021911477733e+00
1.0960049990639472e+01	6.5076778482263338e+00
1.1000101262667791e+01	6.9260211869479420e+00
1.1040000302540436e+01	6.8899641535236924e+00
1.1080119151166405e+01	6.8036245814757113e+00
1.1120166133045380e+01	6.9367285052383441e+00
1.1160191400466205e+01	6.7011964051459003e+00
1.1200228333005294e+01	7.2739746832246839e+00
1.1240222465849754e+01	7.0883331263578349e+00
1.1280131311011758e+01	6.8262230131959036e+00
1.1320228789224556e+01	7.3448898922068571e+00
1.1360017265720483e+01	6.3709053439801693e+00
1.1400005023638311e+01	7.6918825541219311e+00
1.1440131346276054e+01	7.7414902230406613e+00
1.1480089930267921e+01	7.1755883232568936e+00
1.1520225585999517e+01	6.1630821701675202e+00
1.1560037848513929e+01	6.6689723446317721e+00
1.1600004872432004e+01	6.6803727677938660e+00
1.1640192761752994e+01	6.6269026333874397e+00
1.1680217638398805e+01	6.7244898386880756e+00
1.1720016977032561e+01	6.8358333797590181e+00
1.1760117320717512e+01	7.2273242033814062e+00
1.1800202685660571e+01	8.6381180946408289e+00
1.1840064475805981e+01	1.0908750160206113e+01
1.1880209954702643e+01	1.1345798914693956e+01
1.1920063798248883e+01	9.4959229366681797e+00
1.1960037322741179e+01	9.2548096525346946e+00
1.2000114476322539e+01	8.5237122273309733e+00
1.2040080095944981e+01	1.0059684731353837e+01
1.2080192178970194e+01	8.8751852654091152e+00
1.2120013196729820e+01	1.0353394844433730e+01
1.2160112108507382e+01	1.0183834411439577e+01
1.2200013991714794e+01	9.2023270351662525e+00
1.2240168136026000e+01	8.3095693802590826e+00
1.2280148924478048e+01	8.0119432179574890e+00
1.2320107411531746e+01	7.6061435908324597e+00
1.2360050349850784e+01	7.6640195334413042e+00
1.2400059986955252e+01	7.3271139063290240e+00
1.2440172563772283e+01	6.9866839866687602e+00
1.2480085866267556e+01	7.3853712143577317e+00
1.2520122874824850e+01	6.4554811405987369e+00
1.2560212251025753e+01	6.6086693048845717e+00
1.2600187977844243e+01	8.1023481715983099e+00
1.2640121182765760e+01	9.5903103850759912e+00
1.2680032512313904e+01	9.2811240909923338e+00
1.2720018577747062e+01	7.3256748534286249e+00
1.2760138261320257e+01	7.8431312303363754e+00
1.2800067909646762e+01	7.3313509956951934e+00
1.2840094131628037e+01	6.7294400258223082e+00
1.2880107948453420e+01	7.2182617095595178e+00
1.2920214825950922e+01	7.5031439021048731e+00
1.2960151795022460e+01	7.6244100883590322e+00
1.3000019094570536e+01	7.7625842550466890e+00
1.3040143814828744e+01	6.9527129450447465e+00
1.3080202491998090e+01	7.0505324732700521e+00
1.3120223301243040e+01	7.6462453682729663e+00
1.3160231885269502e+01	7.9646555397753023e+00
1.3200016547887929e+01	9.7137708027724923e+00
1.3240159406155538e+01	9.8316013605635497e+00
1.3280086890218207e+01	8.8932183074558022e+00
1.3320001178961769e+01	7.7502648622260457e+00
1.3360209248007937e+01	8.7231953121371415e+00
1.3400177460067836e+01	8.6915329086062467e+00
1.3440139045971764e+01	8.0570764012555713e+00
1.3480105540712989e+01	1.0166873137533866e+01
1.3520006350178766e+01	1.0236041936462158e+01
1.3560172028762592e+01	1.1549774217464657e+01
1.3600125634143712e+01	1.3004770522766677e+01
1.3640129597866219e+01	1.3848991750100636e+01
1.3680140852203087e+01	1.3846740636299797e+01
1.3720209393836180e+01	1.2972594784230736e+01
1.3760014491306164e+01	1.1141742619640906e+01
1.3800172076750950e+01	1.0032853727552123e+01
1.3840031051956107e+01	1.1148616480436198e+01
1.3880051616446520e+01	1.0909646497477468e+01
1.3920008281790023e+01	9.3044277366049037e+00
1.3960136166337486e+01	1.0345294516185165e+01
1.4000228472917799e+01	1.1431476161328828e+01
1.4040082633525600e+01	1.1489598368066206e+01
1.4080175741081447e+01	1.2164453368740004e+01
1.4120223103579182e+01	1.0709801539355102e+01
1.4160074387680886e+01	1.1823674630131549e+01
1.4200033137269717e+01	1.1539502998842686e+01
1.4240068279117331e+01	1.1475795505291503e+01
1.4280093372660929e+01	1.2662500033826179e+01
1.4320131175822439e+01	1.2601936577132273e+01
1.4360010104821326e+01	1.0870080606987294e+01
1.4400211911811809e+01	1.1478243878403303e+01
1.4440104087208011e+01	1.2603503207173702e+01
1.4480034980385009e+01	1.3323423458532204e+01
1.4520023003241784e+01	1.2549042995147481e+01
1.4560069049191327e+01	1.2368817516250806e+01
1.4600131473993144e+01	1.2463613939710527e+01
1.4640196551605827e+01	1.1787210670621631e+01
1.4680079484818704e+01	1.2365579898530497e+01
1.4720055558789758e+01	1.3693913178491625e+01
1.4760053050995696e+01	1.3550146123630464e+01
1.4800014969177465e+01	1.0804243544977275e+01
1.4840018923432165e+01	1.0816628751708025e+01
1.4880222978152593e+01	1.1462926331400293e+01
1.4920152092819677e+01	1.4022504517829971e+01
1.4960221915089425e+01	1.3534687796065640e+01
1.5000062893636054e+01	1.5662927359642746e+01
1.5040130795724615e+01	1.5264157584886528e+01
1.5080121753555160e+01	1.8809155831617680e+01
1.5120136470560816e+01	1.9001994051264415e+01
1.5160071455559173e+01	1.8877755225456841e+01
1.5200153836061094e+01	2.0467436107758363e+01
1.5240228532273122e+01	1.5595249927460276e+01
1.5280022234951682e+01	1.7547421098492094e+01
1.5320061296373916e+01	1.4157245634232964e+01
1.5360154624675136e+01	1.3791136526585809e+01
1.5400067991659464e+01	1.2690176607801298e+01
1.5440091751576297e+01	1.2925426313930977e+01
1.5480054328307174e+01	1.5662027679529254e+01
1.5520183680021237e+01	1.5209094304677658e+01
1.5560230257039986e+01	1.8446284568408956e+01
1.5600030693883106e+01	1.7471465333071105e+01
1.5640063341691500e+01	1.7742113929842979e+01
1.5680062460553719e+01	1.6895798374728553e+01
1.5720021684894167e+01	1.9031710978788080e+01
1.5760225566291460e+01	1.9878551151390937e+01
1.5800098662137515e+01	1.7227360304953784e+01
1.5840144691988231e+01	1.7453214807175875e+01
1.5880200064495178e+01	1.7961854193685763e+01
1.5920091300933784e+01	1.3827856398234914e+01
1.5960057845329292e+01	1.3972084039126441e+01
1.6000185705796948e+01	1.3716661732905855e+01
1.6040129314879163e+01	1.4863575502154621e+01
1.6080112885820380e+01	1.2365162272768991e+01
1.6120091552277991e+01	1.0235281744031903e+01
1.6160048301302158e+01	1.1197340077179408e+01
1.6200021507082841e+01	1.0109621155380665e+01
1.6240111847500639e+01	8.9992574305036417e+00
1.6280220406880591e+01	8.8797132529077878e+00
1.6320081550727874e+01	9.2009468103556440e+00
1.6360200491776393e+01	8.2532712940235236e+00
1.6400045362157574e+01	8.2194090040131407e+00
1.6440102562828429e+01	7.7192910738522391e+00
1.6480227963661562e+01	9.0909266563325275e+00
1.6520004793850891e+01	8.0819965006513268e+00
1.6560133789251196e+01	8.7822436037109188e+00
1.6600036037997278e+01	9.0601331087965242e+00
1.6640145798819216e+01	1.0357999366689089e+01
1.6680206857598762e+01	1.1104166370196117e+01
1.6720014255916258e+01	1.3116668546416335e+01
1.6760037071504719e+01	1.3492707461787914e+01
1.6800091967307608e+01	1.4834375630215499e+01
1.6840111075472198e+01	1.4384351895147104e+01
1.6880090902169673e+01	1.3263744119656117e+01
1.6920075717130132e+01	1.5193799922853101e+01
1.6960088233766896e+01	1.5033677382127829e+01
1.7000176844840997e+01	1.4683724545569866e+01
1.7040021854573180e+01	1.2062248366639018e+01
1.7080053491678218e+01	1.1933156305331513e+01
1.7120044312656567e+01	1.1375992452406408e+01
1.7160034904573546e+01	1.1495775723762703e+01
1.7200035806670723e+01	9.6824818233260999e+00
1.7240121010488313e+01	1.0056595331086976e+01
1.7280161972246393e+01	8.8243319756086986e+00
1.7320068057138165e+01	8.4837991542097821e+00
1.7360071673773305e+01	8.4389996455977379e+00
1.7400213549334477e+01	7.3580530881828681e+00
1.7440098143192799e+01	7.7888279589353901e+00
1.7480002228998387e+01	7.3934612028317090e+00
1.7520171317725534e+01	6.2573449091354014e+00
1.7560091417179756e+01	6.9372945161421882e+00
1.7600115076111592e+01	7.4400983872514264e+00
1.7640051905364270e+01	8.1613954191722193e+00
1.7680195672383782e+01	9.0303526682163753e+00
1.7720114982734760e+01	1.0025419396113531e+01
1.7760033769951331e+01	1.0694865350827030e+01
1.7800192967493015e+01	1.0367532117429180e+01
1.7840132039016741e+01	9.6680012188001143e+00
1.7880121611627175e+01	1.0814703082872896e+01
1.7920162369970051e+01	9.9134431840638513e+00
1.7960052301227019e+01	9.4125717100401829e+00
1.8000161683053630e+01	1.0343466827168870e+01
1.8040220070978524e+01	1.1574423531770734e+01
1.8080069197737064e+01	1.2846669509459472e+01
1.8120006732055490e+01	1.3625584626813785e+01
1.8160097104960315e+01	1.4864812729598768e+01
1.8200110781934860e+01	1.6638325872022868e+01
1.8240162680421971e+01	1.6780050715253790e+01
1.8280142642803980e+01	1.9945435832091018e+01
1.8320120456941602e+01	2.0344720261527030e+01
1.8360110107493846e+01	2.0487343836765419e+01
1.8400019683713257e+01	2.1360655410114557e+01
1.8440081160823155e+01	2.0132214469011942e+01
1.8480107636378428e+01	2.1984307287841091e+01
1.8520066286861191e+01	2.1334788519569109e+01
1.8560099136699478e+01	1.7401403122486354e+01
1.8600000631237503e+01	2.0410893263170493e+01
1.8640084894499381e+01	2.0214556916585217e+01
1.8680160904810919e+01	1.8779783046570071e+01
1.8720029287946382e+01	1.6222099571665346e+01
1.8760183419611298e+01	1.7675085140932559e+01
1.8800183532188466e+01	1.7093123627413039e+01
1.8840023868434823e+01	1.6036084472820733e+01
1.8880080203436837e+01	1.5330388789312446e+01
1.8920123205524789e+01	1.3900086683083220e+01
1.8960211039177207e+01	1.4791619800460760e+01
1.9000204315054436e+01	1.6242455577213491e+01
1.9040106206225893e+01	1.4472119721174867e+01
1.9080155697767534e+01	1.6699543625017693e+01
1.9120146112468511e+01	1.7227110637890519e+01
1.9160121578823418e+01	1.5715232309854224e+01
1.9200067817871432e+01	1.5333912848162733e+01
1.9240041991726606e+01	1.5756776530508564e+01
1.9280067362348717e+01	1.8388369327547665e+01
1.9320174013912034e+01	1.8524465377986399e+01
1.9360186605249542e+01	1.7601731043132723e+01
1.9400155605663969e+01	1.7300344414904163e+01
1.9440067531960274e+01	1.6274701554802625e+01
1.9480118642925500e+01	1.4364745893190136e+01
1.9520119342021992e+01	1.4334173428443144e+01
1.9560046751378202e+01	1.7203896608439152e+01
1.9600138190515242e+01	1.7148433004587307e+01
1.9640189949670251e+01	1.8312447713139388e+01
1.9680178748942428e+01	2.0752180386421628e+01
1.9720091245243246e+01	1.9889227057496903e+01
1.9760150054774343e+01	1.6895441023860464e+01
1.9800165764087915e+01	1.3403562829967260e+01
1.9840173653129831e+01	1.3841551009964085e+01
1.9880221687903955e+01	1.2388131046809050e+01
1.9920150016503666e+01	9.7125484663019321e+00
1.9960024686473805e+01	9.9979611017826429e+00
2.0000059895375799e+01	1.0009582358058873e+01
2.0040214361341825e+01	1.0073438466274652e+01
2.0080176622746503e+01	1.1784749000247254e+01
2.0120127462830741e+01	9.6664549167250780e+00
2.0160090432412765e+01	1.0073153242387143e+01
2.0200104211260943e+01	1.0522803088268436e+01
2.0240095529138006e+01	9.0612438033044125e+00
2.0280086202809724e+01	1.0413047122416549e+01
2.0320058060844808e+01	1.0027467380515292e+01
2.0360029374568398e+01	1.1317023978209081e+01
2.0400031618688992e+01	1.2936529892255331e+01
2.0440012003447205e+01	1.8201252231565050e+01
2.0480187772046406e+01	1.4137573977175009e+01
2.0520157588450111e+01	1.4188457550797176e+01
2.0560099127429510e+01	1.4165832724187414e+01
2.0600019740824937e+01	1.2186048034320212e+01
2.0640175960805099e+01	1.3508559916908792e+01
2.0680140101704406e+01	1.2671960434416279e+01
2.0720119089315570e+01	9.7879361555801871e+00
2.0760085409380792e+01	1.0859017866265033e+01
2.0800051744005621e+01	8.6815970489923853e+00
2.0840040183845399e+01	9.1239565220339625e+00
2.0880094687524515e+01	9.2702387055883904e+00
2.0920223232378106e+01	1.0437499900063472e+01
2.0960156173820561e+01	1.0986729233311451e+01
2.1000111779625403e+01	1.1924391920265760e+01
2.1040017173742967e+01	1.3520693483311545e+01
2.1080186992323917e+01	1.2949082415666892e+01
2.1120136152810154e+01	1.4513656314350857e+01
2.1160183093022866e+01	1.6151022656107724e+01
2.1200112258060624e+01	1.5065287115451406e+01
2.1240180137666488e+01	1.4693797979486229e+01
2.1280043927565877e+01	1.6111264947835199e+01
2.1320224697731756e+01	1.6869644160429118e+01
2.1360030525071497e+01	1.8533372659080477e+01
2.1400177757169878e+01	2.0676075395331505e+01
2.1440213560746479e+01	1.9206683505739704e+01
2.1480150748301348e+01	2.4645824010429866e+01
2.1520184547604902e+01	2.3411206509928775e+01
2.1560229298225817e+01	2.3337934585064726e+01
2.1600026799108708e+01	2.4598864526710734e+01
2.1640037348057664e+01	1.8727313450551154e+01
2.1680054307137986e+01	2.8387967188724158e+01
2.1720101742400530e+01	2.3502959142576810e+01
2.1760174020208478e+01	2.7314897045187436e+01
2.1800010969251343e+01	2.5716520270283571e+01
2.1840095556927441e+01	2.7428788605562058e+01
2.1880190136733646e+01	2.6974268977697779e+01
2.1920058585188841e+01	2.6754056686570983e+01
2.1960093117737749e+01	2.5839106764384212e+01
2.2000073510071974e+01	2.3463504432339441e+01
2.2040007021864529e+01	2.0535512483871187e+01
2.2080155385593958e+01	2.6161346904984441e+01
2.2120046723549599e+01	2.1454707880970318e+01
2.2160178897777417e+01	2.0446226769928945e+01
2.2200148164029375e+01	2.0454127463256086e+01
2.2240032838485320e+01	2.1184867538318148e+01
2.2280159922992041e+01	2.0737733463717181e+01
2.2320072759428403e+01	1.7768150986800745e+01
2.2360171601294759e+01	1.9125735843172148e+01
2.2400060828399354e+01	2.1071055675458027e+01
2.2440220524191620e+01	1.4802231991722630e+01
2.2480192762110438e+01	1.9812849471513093e+01
2.2520213191452914e+01	1.3662709694072078e+01
2.2560188722724543e+01	1.7939787701504496e+01
2.2600094763726684e+01	1.5575162068991558e+01
2.2640197561739107e+01	1.6210070009085761e+01
2.2680059817630386e+01	1.2993738126309982e+01
2.2720174408616693e+01	1.4500048431877477e+01
2.2760090319776133e+01	1.2240548725720231e+01
2.2800051586750417e+01	1.5001515754332912e+01
2.2840074587388123e+01	1.4378453801700889e+01
2.2880117763659506e+01	1.5695773810195284e+01
2.2920128362023714e+01	1.6451638849900132e+01
2.2960132474261115e+01	1.6095203892106664e+01
2.3000140035302067e+01	1.8043335620068273e+01
2.3040158872938704e+01	2.1842935623379731e+01
2.3080203451919736e+01	2.1612443694819650e+01
2.3120132913322241e+01	2.7201036524856676e+01
2.3160144662992554e+01	2.5370050526743540e+01
2.3200014686450476e+01	2.7037541839081236e+01
2.3240194015103473e+01	2.1384265315573202e+01
2.3280033112331246e+01	2.3812901535196545e+01
2.3320046533878084e+01	2.1388771330830171e+01
2.3360067789099201e+01	1.8810382882971123e+01
2.3400130592064215e+01	1.9865228926983363e+01
2.3440089127531571e+01	1.9443880078840007e+01
2.3480134336179116e+01	1.8590440357053406e+01
2.3520150471089035e+01	1.9165037376420599e+01
2.3560165486033444e+01	1.4811735678476570e+01
2.3600186883542662e+01	2.0831038548208468e+01
2.3640166211977053e+01	2.2881012069850968e+01
2.3680100238479746e+01	1.4128118725198107e+01
2.3720225688219383e+01	2.1734305069250386e+01
2.3760101170441640e+01	1.3480166816938118e+01
2.3800221658060480e+01	1.9589726264547757e+01
2.3840169495516019e+01	1.6476015203530938e+01
2.3880011370380533e+01	1.5721180214710296e+01
2.3920170730280216e+01	1.5530214737703190e+01
2.3960145684877730e+01	1.4904721369467575e+01
2.4000091347969828e+01	1.1131588480583616e+01
2.4040008694244786e+01	1.4880675667090898e+01
2.4080134937767305e+01	1.3122513758031502e+01
2.4120038613246678e+01	1.1232226553864692e+01
2.4160179757772013e+01	1.1248204212837326e+01
2.4200109427013242e+01	1.2208004782466270e+01
2.4240053353726495e+01	1.2353456817531194e+01
2.4280018848409252e+01	1.2732846659784693e+01
2.4320023003263199e+01	1.2845005305511689e+01
2.4360102044107041e+01	1.2429921411154160e+01
2.4400028045784570e+01	1.3713676298597472e+01
2.4440123444975264e+01	1.5105303589995607e+01
2.4480171822186122e+01	1.7495946048416119e+01
2.4520216269518230e+01	1.7923793063049242e+01
2.4560013850711400e+01	1.5979081167767005e+01
2.4600017264625823e+01	1.6005726571310575e+01
2.4640201414017728e+01	1.5060271433825765e+01
2.4680109539096570e+01	1.5609182635319684e+01
2.4720008578480051e+01	1.5337589651455671e+01
2.4760123780707364e+01	1.3836327588717964e+01
2.4800016406196502e+01	1.3374410424436077e+01
2.4840177635178300e+01	1.3745022697785689e+01
2.4880160217193374e+01	1.3411029934697552e+01
2.4920188920800285e+01	1.2603998028821419e+01
2.4960042582326672e+01	1.5105601451362231e+01
2.5000206355758252e+01	1.3702920668073617e+01
2.5040130060448828e+01	1.4646118221887448e+01
2.5080178119690508e+01	1.5576554629526875e+01
2.5120153096529510e+01	1.6434482869937696e+01
2.5160099619022688e+01	1.6693294780761548e+01
2.5200061722497825e+01	1.5856529561515448e+01
2.5240071423603247e+01	1.3972930922770884e+01
2.5280081940803147e+01	1.4020588315889853e+01
2.5320109236519180e+01	1.5522344365403834e+01
2.5360189766046620e+01	1.6918646101997950e+01
2.5400108798852326e+01	1.7075489512220610e+01
2.5440109890149088e+01	1.5543240411933054e+01
2.5480182661621814e+01	1.5482727649919255e+01
2.5520084115391974e+01	1.4985423954914564e+01
2.5560052685402827e+01	1.4907703034619937e+01
2.5600077365716164e+01	1.2847876430150464e+01
2.5640163244839876e+01	1.1248054825980754e+01
2.5680025420093148e+01	1.2227731075386188e+01
2.5720100341862150e+01	1.1750270063407591e+01
2.5760181029771122e+01	1.1553804985487908e+01
2.5800048902651625e+01	1.3495726145415066e+01
2.5840166969495041e+01	1.3178751394366500e+01
2.5880016011842738e+01	1.5055903327219916e+01
2.5920036004601926e+01	1.5142131729649831e+01
2.5960059710955065e+01	1.2111015697995372e+01
2.6000116419164303e+01	1.2919594966403089e+01
2.6040124804336184e+01	1.0777988964077235e+01
2.6080082291041055e+01	1.1006667902602501e+01
2.6120011342332290e+01	1.1582151000032239e+01
2.6160158790936496e+01	1.2043662063778882e+01
2.6200084404622110e+01	1.2122413302147070e+01
2.6240023351561309e+01	1.1620130608335840e+01
2.6280198693014764e+01	1.1130960408752294e+01
2.6320158306916326e+01	1.0825274880167077e+01
2.6360148122817300e+01	1.1567076558463969e+01
2.6400194719094237e+01	1.1152536539689931e+01
2.6440057551165644e+01	1.0035369698775158e+01
2.6480200166386787e+01	9.8421601711230675e+00
2.6520133598612773e+01	9.2440025662396295e+00
2.6560070516536399e+01	9.4832873341696793e+00
2.6600220689715243e+01	1.0556967110322486e+01
2.6640090285981287e+01	1.1984898065541403e+01
2.6680141990539049e+01	1.2339290359509668e+01
2.6720153882959782e+01	1.1472694925173260e+01
2.6760112154639081e+01	1.2205789241414827e+01
2.6800013356726929e+01	1.1919672136093418e+01
2.6840107350788383e+01	9.9850947464450854e+00
2.6880190867843393e+01	1.1249421178045834e+01
2.6920066742436468e+01	1.0037725704568814e+01
2.6960205648972270e+01	1.0909868142868438e+01
2.7000148360827168e+01	1.1716024167768676e+01
2.7040061913848138e+01	1.2796511396012711e+01
2.7080193104025923e+01	1.2773212993238163e+01
2.7120138158005879e+01	1.2034519107709983e+01
2.7160143610739514e+01	1.0407371384546400e+01
2.7200118441152956e+01	1.0898901312285608e+01
2.7240053890835554e+01	9.2311846739709686e+00
2.7280172189815382e+01	9.8211419489799034e+00
2.7320016214100775e+01	1.0410613410281616e+01
2.7360044113194636e+01	9.7479958369287623e+00
2.7400030391662426e+01	1.0609256171624970e+01
2.7440218313324980e+01	1.1530463850394540e+01
2.7480167407994582e+01	1.0648855940029122e+01
2.7520111366556531e+01	1.2868108839930727e+01
2.7560075681474970e+01	1.2511700521829999e+01
2.7600069989926354e+01	9.7080426300216729e+00
2.7640080415854243e+01	1.0317409874240401e+01
2.7680084080458858e+01	1.1728239560860741e+01
2.7720107056708041e+01	1.0421949328917675e+01
2.7760142762087675e+01	9.1838119016886299e+00
2.7800214716186790e+01	1.0134864483797440e+01
2.7840102044502853e+01	1.0339556378796971e+01
2.7880047393784640e+01	1.0834822042087367e+01
2.7920007249658603e+01	9.7706996323506186e+00
2.7960183187164521e+01	8.9046168668565926e+00
2.8000132424168306e+01	9.2648480425853332e+00
2.8040086270468770e+01	9.8575929294101741e+00
2.8080067765036468e+01	1.0067147073424554e+01
2.8120084902071390e+01	9.7564590157922879e+00
2.8160140566436628e+01	1.0018634284298265e+01
2.8200167289087801e+01	1.1151039115245027e+01
2.8240115563263668e+01	1.2565864324456088e+01
2.8280225995793579e+01	1.4532475913339647e+01
2.8320037715335225e+01	1.3361237318120800e+01
2.8360203900288290e+01	1.5440306268908623e+01
2.8400095996443326e+01	1.3544929539055577e+01
2.8440179694457512e+01	1.4356736121793467e+01
2.8480225380983196e+01	1.3672271926066641e+01
2.8520015028919950e+01	1.3972154656912133e+01
2.8560227100122393e+01	1.4929927479778440e+01
2.8600183892168559e+01	1.5397882970581307e+01
2.8640133621954213e+01	1.5112161050283683e+01
2.8680088033022798e+01	1.3900386311825887e+01
2.8720061064983014e+01	1.3547529070921588e+01
2.8760066925642615e+01	1.4743614269400561e+01
2.8800100186781030e+01	1.5832276742550105e+01
2.8840179586063321e+01	1.3328837282596874e+01
2.8880091542160425e+01	1.4455332688518931e+01
2.8920086000277820e+01	1.5833344626993043e+01
2.8960138514406367e+01	1.5066659893508712e+01
2.9000031928360521e+01	1.6454313411973882e+01
2.9040174181542746e+01	1.7149649710877693e+01
2.9080046387854935e+01	1.6334468125482967e+01
2.9120126205237280e+01	1.6488712734006125e+01
2.9160208446292120e+01	1.8703215488889629e+01
2.9200081053285963e+01	2.1359564277725021e+01
2.9240191582493733e+01	2.3233509674613813e+01
2.9280134448324798e+01	2.1327138080077674e+01
2.9320160919731983e+01	2.2405113866957727e+01
2.9360063394446115e+01	2.6290532213042436e+01
2.9400186310735666e+01	2.4297135630475601e+01
2.9440055677571106e+01	2.4717286549844719e+01
2.9480109671178873e+01	2.9584138177482927e+01
2.9520215620417233e+01	3.1515611692019675e+01
2.9560205537231649e+01	3.1986961243521449e+01
2.9600209740225534e+01	3.2716923383362506e+01
2.9640181933146927e+01	3.4620564841331323e+01
2.9680101486483593e+01	3.7701598257383914e+01
2.9720211569685080e+01	4.1404295600974272e+01
2.9760068330220498e+01	4.3570947351204083e+01
2.9800106046098396e+01	4.1826238070715767e+01
2.9840003038110623e+01	3.5848204334222977e+01
2.9880219898533337e+01	3.6569297796044218e+01
2.9920079612998794e+01	3.9853921121890039e+01
2.9960046676466281e+01	3.8527842617979871e+01
3.0000150618643218e+01	3.4107184079178374e+01
3.0040215476215852e+01	2.8655306445757688e+01
3.0080051139796364e+01	3.0321295992122558e+01
3.0120182419412917e+01	3.5584549673025954e+01
3.0160148189543897e+01	3.5981235722987115e+01
3.0200183174459656e+01	2.4872808236041006e+01
3.0240083563356716e+01	2.5215633444056959e+01
3.0280088721567832e+01	3.4780734962925031e+01
3.0320156538258697e+01	2.5498604438605899e+01
3.0360061218546548e+01	3.0416385057916717e+01
3.0400021011275673e+01	3.0566139780271723e+01
3.0440003006059069e+01	2.4955688235620826e+01
3.0480100142743993e+01	3.1068973893319868e+01
3.0520193993758930e+01	3.0294434871551431e+01
3.0560032491014002e+01	2.7513731226124783e+01
3.0600122767184409e+01	2.9480623868646020e+01
3.0640021580375677e+01	2.4167080273078540e+01
3.0680047918696371e+01	2.6997094098815104e+01
3.0720172731548669e+01	2.1712156509723204e+01
3.0760191154734205e+01	2.2001168300715388e+01
3.0800189094193748e+01	1.6760473778517632e+01
3.0840062973764102e+01	1.4932974349734588e+01
3.0880159910199314e+01	1.6659050051049007e+01
3.0920020067743536e+01	1.5423030770488792e+01
3.0960120305711623e+01	1.4892694703043208e+01
3.1000003731999708e+01	1.3869283968425492e+01
3.1040164605262337e+01	1.3985526241578677e+01
3.1080142811996517e+01	1.5025356234474831e+01
3.1120130224643525e+01	1.5287756484131908e+01
3.1160113523347167e+01	1.9865891820240861e+01
3.1200111223285674e+01	2.0877681599128454e+01
3.1240148491472446e+01	2.0542718262225005e+01
3.1280162468338840e+01	2.0623853330986350e+01
3.1320083640074632e+01	2.2666759321037517e+01
3.1360201338703746e+01	2.4290563998081410e+01
3.1400104491933767e+01	2.3707960402487306e+01
3.1440072417105231e+01	2.4850645673143219e+01
3.1480074617246583e+01	2.0880018862238291e+01
3.1520031037349945e+01	2.0968402034634465e+01
3.1560192972504606e+01	2.8099362730567140e+01
3.1600101164022178e+01	2.5255360622830505e+01
3.1640220814903156e+01	2.5775750373460440e+01
3.1680098040399820e+01	2.7054539101933877e+01
3.1720199484983560e+01	2.9962136600701225e+01
3.1760066974974343e+01	2.8709106173990182e+01
3.1800158518920174e+01	2.4601794775388054e+01
3.1840022182915494e+01	2.5637899199530651e+01
3.1880148372029637e+01	2.9093736547653187e+01
3.1920057228064081e+01	2.6052526680532079e+01
3.1960169819889284e+01	1.7984062045227848e+01
3.2000208627282014e+01	2.5268129277829360e+01
3.2040191612117255e+01	2.4373551546834307e+01
3.2080113127360036e+01	2.5276494877751325e+01
3.2120204349842872e+01	2.6490278979453286e+01
3.2160012854607807e+01	2.0277294240143931e+01
3.2200021029094046e+01	2.5044653031616473e+01
3.2240000005778732e+01	1.9366237934269268e+01
3.2280174640725726e+01	2.1494971425414761e+01
3.2320096674939002e+01	1.7423553221658718e+01
3.2360013422766890e+01	2.1774071602231331e+01
3.2400180814614970e+01	1.7331822518846664e+01
3.2440147570552384e+01	1.9472265779286488e+01
3.2480121388423868e+01	1.5787787807760758e+01
3.2520123317581756e+01	1.6707780013478555e+01
3.2560157548991860e+01	1.5856482744217832e+01
3.2600222107006800e+01	1.6634171733077348e+01
3.2640097430820958e+01	1.9438498749549382e+01
3.2680225683822755e+01	2.0333285404827304e+01
3.2720124784479125e+01	2.1328864610478337e+01
3.2760032898682567e+01	2.3727187219742262e+01
3.2800185493024571e+01	2.4858845766145787e+01
3.2840130458011082e+01	2.6367988815598178e+01
3.2880084237362396e+01	2.2836892751482242e+01
3.2920054384174847e+01	2.6649616627313168e+01
3.2960043735611521e+01	2.4150227581120699e+01
3.3000048376099109e+01	2.6979047723873567e+01
3.3040084011424646e+01	2.6698781221984213e+01
3.3080179086146629e+01	2.5584651650934973e+01
3.3120098597051346e+01	2.4310110131733445e+01
3.3160046168113524e+01	2.1025181502002283e+01
3.3200023793900762e+01	2.3629829533039057e+01
3.3240026569824664e+01	2.1747456998475617e+01
3.3280200684786386e+01	1.9321866290784161e+01
3.3320039918145298e+01	1.9478556367907863e+01
3.3360087094141960e+01	1.9963377801499281e+01
3.3400111763290028e+01	1.8546653064455082e+01
3.3440183196539472e+01	1.8388684637334972e+01
3.3480162582567807e+01	1.5572791659318259e+01
3.3520119727136716e+01	1.5880631108344677e+01
3.3560071617828932e+01	1.5742371334639436e+01
3.3600046882073919e+01	1.7485911324273935e+01
3.3640096021360478e+01	1.8105571276068385e+01
3.3680182159054219e+01	1.7000820613397988e+01
3.3720094612959024e+01	1.6763818042288033e+01
3.3760004914112315e+01	1.7284492706654657e+01
3.3800044151169253e+01	1.7342222746267364e+01
3.3840011685642807e+01	1.9041110574779363e+01
3.3880176032807945e+01	2.0758956802625463e+01
3.3920133363926411e+01	2.0496980059614859e+01
3.3960173938361663e+01	2.0486887485047866e+01
3.4000163444008841e+01	2.1124275538634294e+01
3.4040060446198062e+01	2.0609660089451260e+01
3.4080157531726236e+01	2.2307452798642071e+01
3.4120186164743245e+01	2.6176662973651727e+01
3.4160217660445390e+01	2.8027650185013080e+01
3.4200076873419654e+01	2.6869601800734621e+01
3.4240020555539076e+01	3.2105060942063822e+01
3.4280220820742827e+01	3.0199987038371400e+01
3.4320060213077085e+01	2.5307460383074670e+01
3.4360117097540524e+01	2.9309456151892505e+01
3.4400162359226705e+01	2.7831299951242080e+01
3.4440199181162129e+01	2.6538700227011386e+01
3.4480004641763934e+01	2.4546743175898627e+01
3.4520036262317582e+01	2.5617082826382457e+01
3.4560035474104311e+01	2.0173373528574125e+01
3.4600019106060131e+01	2.2571397455123346e+01
3.4640013557900694e+01	2.3667913966381857e+01
3.4680040812619907e+01	2.2218181390918751e+01
3.4720067749317039e+01	2.0582027255446580e+01
3.4760085783711943e+01	2.0054053803125672e+01
3.4800098089497794e+01	2.0507429627975043e+01
3.4840100909645884e+01	2.0767691355281571e+01
3.4880104099131763e+01	1.8434685285941121e+01
3.4920119814126977e+01	1.6445417332815754e+01
3.4960052402348360e+01	1.9402551716439021e+01
3.5000173446102764e+01	1.8088852360114750e+01
3.5040070146594452e+01	2.1456154193499092e+01
3.5080212935219492e+01	2.0418399408057965e+01
3.5120094539779920e+01	2.1392855474544444e+01
3.5160187865035859e+01	2.4526433164517741e+01
3.5200049936290007e+01	2.6922005224007492e+01
3.5240161042413511e+01	2.4650187623713819e+01
3.5280117982020563e+01	2.8180264801073591e+01
3.5320195656873018e+01	2.7711940925550792e+01
3.5360028916822195e+01	2.9427438669247614e+01
3.5400110535685315e+01	2.5348068406661298e+01
3.5440050299945021e+01	2.5316906781518405e+01
3.5480113921908242e+01	2.8787740332118563e+01
3.5520154886835051e+01	3.1150877862267659e+01
3.5560179946106707e+01	2.7144823608416125e+01
3.5600205212071273e+01	2.4410964672835910e+01
3.5640004379904852e+01	2.4159914155369027e+01
3.5680037664649319e+01	2.2852199395062602e+01
3.5720068366299600e+01	2.3474874135307807e+01
3.5760037862744319e+01	2.4789452240550883e+01
3.5800226402315275e+01	2.4678033433282323e+01
3.5840170397289661e+01	2.5358308030619405e+01
3.5880082570007147e+01	2.4333032701229548e+01
3.5920210999427859e+01	2.6864417589198787e+01
3.5960058464287314e+01	2.6403567823762373e+01
3.6000168350217955e+01	2.8538638006052061e+01
3.6040076183257462e+01	2.4501036795809718e+01
3.6080182410039299e+01	2.9421972236438378e+01
3.6120018128026494e+01	3.0742192243753834e+01
3.6160174149831931e+01	2.7791439563440747e+01
3.6200224623509378e+01	2.3317902852270123e+01
3.6240123196370583e+01	2.6094817378187294e+01
3.6280133932828825e+01	2.3883084830549492e+01
3.6320074449900559e+01	2.0393273385590305e+01
3.6360112488579468e+01	2.3379841813968135e+01
3.6400024546773281e+01	2.0092725111715819e+01
3.6440039809218369e+01	2.1478572704602858e+01
3.6480084755154238e+01	2.1066594779026282e+01
3.6520075832418854e+01	2.2489128981445493e+01
3.6560224443437896e+01	2.2803422744045509e+01
3.6600067306843400e+01	2.4315512557078371e+01
3.6640125962366746e+01	2.4160511169892242e+01
3.6680175575820300e+01	2.7242293742695047e+01
3.6720002610332635e+01	2.5883742102449226e+01
3.6760112754854923e+01	2.8613363928361203e+01
3.6800048579987042e+01	2.5354231142930630e+01
3.6840202813420355e+01	2.4611925249618011e+01
3.6880112509401407e+01	2.4595362805704582e+01
3.6920182954255694e+01	2.4633337489670172e+01
3.6960181724804194e+01	2.6802692803859614e+01
3.7000117799333026e+01	2.9149898916391717e+01
3.7040007982056444e+01	3.0081607558446184e+01
3.7080090460388476e+01	3.7965082837317702e+01
3.7120180199555172e+01	3.9106696761521242e+01
3.7160070607102625e+01	4.7632961699221305e+01
3.7200215489349141e+01	4.0647639902166297e+01
3.7240127682953705e+01	3.9070996461301064e+01
3.7280075090009966e+01	4.3052930776023288e+01
3.7320202017826944e+01	4.4525013202395968e+01
3.7360098810096957e+01	4.2689204108065347e+01
3.7400025456598378e+01	3.6829145595061213e+01
3.7440201564264640e+01	4.0494839319496407e+01
3.7480105732217183e+01	4.7216005267946940e+01
3.7520179144867058e+01	3.9336770578363485e+01
3.7560220353151799e+01	4.0549494228014481e+01
3.7600133812250583e+01	3.4502349201699872e+01
3.7640002386105706e+01	3.4960735921375452e+01
3.7680132566126865e+01	3.0200016458884434e+01
3.7720131425329370e+01	3.0611053902264462e+01
3.7760068609432217e+01	2.4678956672912090e+01
3.7800128402102608e+01	2.3459470324112488e+01
3.7840209457825388e+01	2.5731976996402864e+01
3.7880061801183736e+01	2.1235199270643236e+01
3.7920149325363667e+01	2.0801658220913893e+01
3.7960039340670782e+01	1.9182690212754604e+01
3.8000185270266599e+01	1.5997816149456927e+01
3.8040130937181509e+01	1.4857887704309739e+01
3.8080109443890869e+01	1.5249171426737078e+01
3.8120122196594387e+01	1.4997200062832599e+01
3.8160173574841679e+01	1.4562500384468041e+01
3.8200036867523686e+01	1.4509187202935445e+01
3.8240171783594015e+01	1.6025515199676825e+01
3.8280106418723136e+01	1.6679056142120501e+01
3.8320157599612493e+01	1.7580864092110627e+01
3.8360093755859815e+01	1.8835575870290281e+01
3.8400187669451128e+01	1.9411751892978302e+01
3.8440002907473222e+01	1.8512167663979337e+01
3.8480036657863707e+01	2.1568686884343734e+01
3.8520069603361094e+01	2.1753480920094198e+01
3.8560111570236622e+01	2.0412927715667671e+01
3.8600171555696527e+01	2.0786649516567721e+01
3.8640017695687355e+01	2.1995562919489771e+01
3.8680094429236554e+01	2.0668920572811949e+01
3.8720135184226649e+01	2.1287549876297589e+01
3.8760154259286637e+01	2.6020309649832804e+01
3.8800161085526561e+01	2.2818409848223702e+01
3.8840164232689261e+01	2.5445100231154097e+01
3.8880179843930208e+01	2.6066023828827880e+01
3.8920126550483694e+01	2.4188695868324846e+01
3.8960189781085454e+01	2.8527908438270806e+01
3.9000150863228328e+01	2.8357956803237695e+01
3.9040048334311507e+01	2.4152435343682672e+01
3.9080130515073257e+01	2.5923712526872961e+01
3.9120203215145459e+01	2.1834430208268127e+01
3.9160106324791919e+01	2.2345021195775189e+01
3.9200089711297231e+01	2.2925698608046631e+01
3.9240156452802481e+01	2.2383558258979924e+01
3.9280049586340567e+01	2.3183124636055268e+01
3.9320001764573519e+01	2.3309351945654956e+01
3.9360051809121451e+01	2.4273058491551264e+01
3.9400175086109058e+01	2.6453559405531344e+01
3.9440099819117016e+01	2.5798273086294415e+01
3.9480012932268771e+01	2.7652082837376277e+01
3.9520154292923138e+01	2.5207122819619368e+01
3.9560103801574911e+01	3.0036373760841702e+01
3.9600075855428173e+01	2.8920686071428946e+01
3.9640095428927665e+01	2.6826474327175902e+01
3.9680147313541717e+01	2.7804275541211265e+01
3.9720152052478738e+01	2.4962084009863862e+01
3.9760125165571893e+01	2.3637718898462321e+01
3.9800090243014594e+01	2.1533685746244210e+01
3.9840029866595970e+01	2.0330016951607220e+01
3.9880171237475516e+01	2.0292980242893613e+01
3.9920036492435194e+01	1.8870998333949341e+01
3.9960107823100863e+01	2.4515323402815120e+01
4.0000115454670556e+01	2.1391491660379316e+01
4.0040034118213718e+01	2.4522603011266103e+01
4.0080195050954750e+01	2.3090105196945188e+01
4.0120149667443869e+01	2.3347741308219721e+01
4.0160147888019246e+01	2.3861461402366739e+01
4.0200150774499853e+01	2.2691094466313078e+01
4.0240057871361486e+01	2.4449991237049336e+01
4.0280104950206372e+01	2.6799758331838202e+01
4.0320118307344437e+01	2.8258424729867791e+01
4.0360086401815586e+01	2.4232733055355382e+01
4.0400038807053043e+01	2.3747547117304844e+01
4.0440014839265899e+01	2.7531304758883319e+01
4.0480183358747695e+01	2.9479429597049997e+01
4.0520116420844204e+01	2.9994539136675368e+01
4.0560073707228959e+01	3.3507351205344548e+01
4.0600050015866600e+01	2.8595529066411242e+01
4.0640030511656867e+01	3.0781741677815383e+01
4.0680067238411496e+01	2.7644177347104687e+01
4.0720199764623104e+01	2.2249895737431128e+01
4.0760214129885981e+01	2.4525823336106907e+01
4.0800067322600064e+01	2.4223034616047560e+01
4.0840097986180368e+01	2.4032643972536384e+01
4.0880090649859710e+01	2.6418379336133597e+01
4.0920092206063643e+01	2.7736341346466645e+01
4.0960110955851086e+01	2.7823713160914838e+01
4.1000114388424819e+01	2.4621161379536638e+01
4.1040135641581799e+01	2.2936524894058277e+01
4.1080194451495046e+01	2.1112073082499901e+01
4.1120130778833186e+01	2.6563927790639976e+01
4.1160106534627594e+01	2.5641179200529457e+01
4.1200211744197318e+01	2.8072182410002071e+01
4.1240024568019130e+01	3.1445043086623429e+01
4.1280080467788103e+01	3.0837274797646330e+01
4.1320173711111707e+01	2.8091567789266204e+01
4.1360067220017548e+01	2.6860060419832053e+01
4.1400019474695412e+01	3.4498848814711288e+01
4.1440158096425961e+01	3.4013386311338493e+01
4.1480221680089286e+01	3.9955616719149738e+01
4.1520217924593688e+01	3.9973508805850287e+01
4.1560155962602572e+01	4.6391941483299966e+01
4.1600042158183399e+01	4.6853856457017237e+01
4.1640145618701204e+01	4.7912290085191501e+01
4.1680054020432756e+01	4.7657929688999488e+01
4.1720015024535442e+01	4.6117451776953608e+01
4.1760169842141600e+01	5.3359661804775016e+01
4.1800029332838264e+01	5.4388653906981986e+01
4.1840044804873777e+01	4.9453370978401637e+01
4.1880032408948303e+01	4.6444446184872596e+01
4.1920184648704165e+01	4.0587643791084034e+01
4.1960219407588895e+01	3.8828626127641009e+01
4.2000200800657353e+01	4.0973611994578533e+01
4.2040167343418624e+01	3.9656703286712776e+01
4.2080162861106295e+01	4.0352386665669222e+01
4.2120189376370412e+01	4.1678039190080462e+01
4.2160040236099000e+01	3.9392261368009933e+01
4.2200125810762259e+01	3.3641346482605321e+01
4.2240199773429580e+01	4.2226211923280594e+01
4.2280024650135466e+01	4.4733341416783304e+01
4.2320069513437396e+01	4.1869720023487872e+01
4.2360110407875446e+01	4.3678016250978644e+01
4.2400138099220293e+01	4.0991479373379548e+01
4.2440137146062916e+01	4.0896789484862353e+01
4.2480093860698922e+01	3.4184753258839855e+01
4.2520004790283203e+01	3.8751882423449324e+01
4.2560088240659688e+01	3.8655181114587627e+01
4.2600161944550607e+01	3.6953226808633637e+01
4.2640027393490833e+01	3.2543327810871389e+01
4.2680161492504112e+01	2.8250967396502990e+01
4.2720171210892019e+01	3.1573552635296181e+01
4.2760189685535387e+01	2.8886945294444942e+01
4.2800050068102742e+01	2.7806957573902409e+01
4.2840209211389897e+01	2.9414653809851014e+01
4.2880045291011513e+01	2.9474714826252665e+01
4.2920068433069787e+01	2.8657211866176141e+01
4.2960143751149957e+01	2.9352307120278297e+01
4.3000099822667963e+01	3.1341123396250961e+01
4.3040009950600940e+01	3.9709336751703866e+01
4.3080034493297276e+01	4.7190459952072572e+01
4.3120211908718822e+01	4.8037003411871886e+01
4.3160102548281102e+01	4.8679395008995471e+01
4.3200203496378251e+01	5.1345445784367428e+01
4.3240145529499152e+01	5.2568647201970521e+01
4.3280219218249336e+01	4.9067779407753044e+01
4.3320199731308726e+01	5.9501976022558679e+01
4.3360151634187503e+01	6.2007416709477653e+01
4.3400065963876948e+01	5.2463800411262355e+01
4.3440192656695572e+01	4.9626267457092297e+01
4.3480137616271932e+01	4.8129393497419670e+01
4.3520160584143348e+01	5.1611337442034973e+01
4.3560082452363687e+01	4.8593806830700998e+01
4.3600137849603655e+01	5.1613691076387568e+01
4.3640097483375570e+01	4.8662012481718122e+01
4.3680194396272675e+01	6.0376916527883679e+01
4.3720214610555409e+01	6.6785636394673290e+01
4.3760031791414661e+01	6.8106084903104019e+01
4.3800112155305165e+01	6.4514576789966156e+01
4.3840042163890473e+01	5.4281149856819425e+01
4.3880106642238225e+01	5.2427289468020426e+01
4.3920140144039379e+01	5.0490807911119411e+01
4.3960192624318452e+01	5.6967210028361130e+01
4.4000035322587927e+01	4.5593412015172781e+01
4.4040101233095342e+01	3.7853321321651315e+01
4.4080155652102327e+01	3.4655361135121034e+01
4.4120186875877977e+01	3.2977792249283247e+01
4.4160027020798587e+01	2.6647386859446115e+01
4.4200218437129280e+01	2.7833079420140251e+01
4.4240127465355151e+01	2.6322147406171169e+01
4.4280203806320429e+01	2.6211157985138620e+01
4.4320101262276509e+01	2.3907255083904310e+01
4.4360196140449197e+01	2.4887460749432147e+01
4.4400045885796999e+01	2.5513635879932099e+01
4.4440121129966641e+01	2.6703326714606238e+01
4.4480195204467201e+01	2.4890642295783351e+01
4.4520053915869148e+01	2.6579854548612111e+01
4.4560131278981828e+01	2.6906243306452748e+01
4.4600152409431125e+01	2.5436132956446876e+01
4.4640137105079127e+01	2.2881101028144652e+01
4.4680107417851829e+01	2.1074021370713567e+01
4.4720061682992672e+01	2.0794619890802537e+01
4.4760222964114114e+01	2.2335915237747102e+01
4.4800171229456382e+01	2.0588700300759577e+01
4.4840157253788220e+01	2.1903653041313127e+01
4.4880211344467597e+01	2.3578881910112280e+01
4.4920047235261983e+01	2.4913851482732873e+01
4.4960057208443089e+01	2.4573862805516107e+01
4.5000041572539452e+01	2.0955536563868009e+01
4.5040039082632831e+01	2.2919690914260809e+01
4.5080047267675134e+01	2.2752593679146756e+01
4.5120061042543270e+01	2.1969715753907987e+01
4.5160080584548382e+01	2.1729545485758312e+01
4.5200020543694876e+01	2.2299123981115805e+01
4.5240102437637880e+01	2.1418897553925831e+01
4.5280109793214692e+01	2.3853534625448262e+01
4.5320080992992970e+01	2.4448758728516971e+01
4.5360002316476120e+01	2.7804643511295225e+01
4.5400045785936236e+01	3.4044662268650967e+01
4.5440024952391589e+01	4.0370920674442978e+01
4.5480006963833127e+01	4.2923333856278724e+01
4.5520080651869421e+01	4.2360477380413656e+01
4.5560203434289242e+01	3.6471613893308692e+01
4.5600026243819421e+01	4.3247494495015253e+01
4.5640016810303791e+01	3.8072537469603610e+01
4.5680201609493992e+01	4.8585782659617422e+01
4.5720197824439019e+01	4.0316771679114886e+01
4.5760017290443628e+01	5.3448454096608806e+01
4.5800013632350137e+01	5.5762952012805208e+01
4.5840152979724557e+01	5.3250397074031213e+01
4.5880165624377845e+01	5.3683895973716972e+01
4.5920095775366462e+01	4.9782291700051076e+01
4.5960203586442674e+01	6.1344401735992157e+01
4.6000082400532548e+01	6.8067437306445001e+01
4.6040208072793043e+01	6.3281003175648408e+01
4.6080147193265972e+01	6.0715018325938992e+01
4.6120040353741622e+01	5.4345883061757831e+01
4.6160101244365336e+01	4.7960092751400047e+01
4.6200122855204597e+01	5.3194439318779601e+01
4.6240104041901581e+01	5.5144811045716658e+01
4.6280022607305270e+01	5.8847534147702234e+01
4.6320136144445925e+01	5.5833645961457776e+01
4.6360048156515980e+01	6.5205938966152530e+01
4.6400014147419903e+01	6.6071533189794010e+01
4.6440178152149805e+01	5.6090253931238536e+01
4.6480076090294155e+01	5.6333616837773974e+01
4.6520114986523851e+01	6.5711533445604289e+01
4.6560138223775127e+01	6.6550102661910771e+01
4.6600215977654813e+01	7.0196120685788188e+01
4.6640178204443011e+01	6.1469722649576546e+01
4.6680217278304120e+01	6.9268864280227007e+01
4.6720095052959394e+01	7.6265250553604872e+01
4.6760079146377628e+01	6.5193604444690507e+01
4.6800135990120779e+01	6.6113919140718096e+01
4.6840210959320515e+01	7.8253093474748653e+01
4.6880148229740215e+01	6.8329932918250307e+01
4.6920214218111369e+01	7.3987009398999106e+01
4.6960200178281561e+01	5.4670759335181430e+01
4.7000106999891116e+01	6.1705985972819803e+01
4.7040160660372557e+01	6.1838601685420898e+01
4.7080193478111028e+01	5.0442015029361471e+01
4.7120207999322695e+01	6.0718322125416798e+01
4.7160115948426544e+01	5.3791107710262963e+01
4.7200190256165271e+01	4.3697847967438165e+01
4.7240120474221527e+01	4.5886729203374493e+01
4.7280008225925151e+01	4.9845552445244685e+01
4.7320066745363384e+01	5.1302928606641210e+01
4.7360093321346717e+01	4.2912969522481234e+01
4.7400098949703803e+01	4.2924354725640711e+01
4.7440105182179380e+01	4.7370220445952299e+01
4.7480140727876503e+01	4.8334009247944330e+01
4.7520213711198728e+01	4.0790595940017404e+01
4.7560071240484817e+01	3.4343598681769230e+01
4.7600184225695394e+01	4.0827485580131729e+01
4.7640082631738849e+01	3.6521612417275321e+01
4.7680198322651471e+01	3.5432770225016490e+01
4.7720106738943727e+01	3.7840123169815378e+01
4.7760018758534478e+01	3.2570966409874082e+01
4.7800181102564842e+01	4.0621254980647876e+01
4.7840153667385486e+01	4.7146129083602830e+01
4.7880144907667663e+01	5.1323877133465537e+01
4.7920142303542264e+01	4.0682203804816425e+01
4.7960153686454291e+01	6.0161015709041877e+01
4.8000173795729239e+01	6.2035778811807759e+01
4.8040209596661832e+01	5.2164162004628373e+01
4.8080065517108807e+01	4.4517443627125871e+01
4.8120185038893453e+01	5.8275250507129726e+01
4.8160133012411151e+01	5.3953361022640152e+01
4.8200120498704621e+01	4.8273781364426242e+01
4.8240063891966578e+01	4.3585422184655357e+01
4.8280128812949414e+01	3.9762561175215069e+01
4.8320112537810772e+01	3.5618233914232853e+01
4.8360018543103479e+01	4.0669665147680988e+01
4.8400096294101495e+01	3.9138364202823951e+01
4.8440152825644226e+01	4.1294719271120613e+01
4.8480184883805258e+01	4.4010252600624796e+01
4.8520182863224861e+01	4.3502981006694846e+01
4.8560188376078209e+01	4.8121092733191524e+01
4.8600213422911096e+01	5.4052111458754091e+01
4.8640033551880840e+01	4.7144469111103447e+01
4.8680120587820113e+01	6.1847879072233503e+01
4.8720024392144481e+01	5.1750113767210621e+01
4.8760124669575916e+01	6.3790294431226442e+01
4.8800158410162538e+01	5.4033810785324796e+01
4.8840123278892349e+01	6.0442004248687091e+01
4.8880081386487994e+01	5.0929643876517275e+01
4.8920045782376597e+01	5.3699475120765776e+01
4.8960221404857393e+01	5.7988185676963226e+01
4.9000174240535877e+01	4.9506511015500415e+01
4.9040148584835293e+01	5.7229570252627155e+01
4.9080177598469163e+01	5.2158662724924014e+01
4.9120014281697564e+01	7.2831343969711142e+01
4.9160121654889636e+01	5.1181103584121210e+01
4.9200019566278122e+01	6.9331016024143779e+01
4.9240147148099638e+01	5.4966567318039488e+01
4.9280206955864642e+01	6.2944467614499153e+01
4.9320190506918649e+01	5.8563504542681713e+01
4.9360138058229850e+01	6.1300881556226663e+01
4.9400084312851220e+01	7.1992562858656228e+01
4.9440055024489801e+01	5.4790032482104039e+01
4.9480064481081556e+01	4.9950146466486721e+01
4.9520099221921001e+01	6.3829315573577837e+01
4.9560135358736076e+01	6.1373070855629670e+01
4.9600191843924854e+01	5.0424820550178794e+01
4.9640079754497613e+01	4.6590026928601816e+01
4.9680036386592157e+01	4.8043107769377698e+01
4.9720013271864119e+01	4.7246407812893189e+01
4.9760018920583022e+01	4.6497204798391053e+01
4.9800036919726544e+01	4.4488555541616769e+01
4.9840065786343992e+01	4.1096162610592721e+01
4.9880110173621524e+01	4.2524753386736656e+01
4.9920113968892785e+01	5.4454437140655422e+01
4.9960007567704025e+01	4.3273066380148329e+01
5.0000204671400198e+01	5.2391454438594351e+01
5.0040020578164771e+01	4.0628173244289940e+01
5.0080184001607442e+01	4.9872932056156174e+01
5.0120160056181255e+01	4.6568278686820634e+01
5.0160045636663718e+01	5.1369246404890184e+01
5.0200090758265731e+01	5.0416059807460179e+01
5.0240052695270457e+01	4.1399478261165825e+01
5.0280121473853775e+01	4.2085875053367261e+01
5.0320174200681926e+01	3.6400980735953077e+01
5.0360159671126475e+01	3.9158606483598803e+01
5.0400089026011045e+01	3.5902388926374925e+01
5.0440203617305357e+01	3.3822483658487457e+01
5.0480068203704342e+01	3.8197659092063553e+01
5.0520187599010328e+01	3.7986466509613024e+01
5.0560072568498612e+01	3.6118940792104958e+01
5.0600124488437245e+01	3.4204822231672033e+01
5.0640161152890734e+01	3.4020288597517116e+01
5.0680219212158690e+01	3.4905562828293249e+01
5.0720110319325556e+01	3.5786744060678075e+01
5.0760072627988265e+01	3.4625442178543970e+01
5.0800085849100377e+01	3.0315156346018757e+01
5.0840121936320728e+01	2.5981251343193659e+01
5.0880191451571932e+01	3.0459168084890763e+01
5.0920056467943880e+01	2.7394668280601344e+01
5.0960157322538606e+01	2.0671689062208269e+01
5.1000200190413111e+01	2.6863626896600501e+01
5.1040200767493488e+01	1.9883567615690311e+01
5.1080219832885582e+01	2.3172680330750598e+01
5.1120026130568291e+01	2.6714044962864381e+01
5.1160006984750666e+01	2.5117567030674536e+01
5.1200177950471605e+01	3.1271132334162701e+01
5.1240108705863832e+01	3.1065672225593630e+01
5.1280033143542724e+01	2.9990242307356166e+01
5.1320118501381309e+01	3.3893097058688518e+01
5.1360141300858160e+01	3.1815419758299285e+01
5.1400125658117751e+01	3.0610450832709997e+01
5.1440106479744124e+01	3.4199134035450399e+01
5.1480117653170261e+01	2.7372661853965532e+01
5.1520182119575779e+01	2.9823409742643065e+01
5.1560073793794899e+01	2.5925430337675568e+01
5.1600021784226016e+01	3.3884418012630348e+01
5.1640180523194758e+01	2.3928946182361496e+01
5.1680105610453381e+01	2.6233467044868970e+01
5.1720035689977081e+01	2.5948943528993620e+01
5.1760186547451035e+01	2.4875811453649661e+01
5.1800113862244395e+01	2.3386831081397510e+01
5.1840050598685977e+01	2.7152040747673311e+01
5.1880178125304383e+01	2.3737014247610070e+01
5.1920059543112814e+01	2.6604924413626961e+01
5.1960152589189711e+01	2.4499475448912747e+01
5.2000035824357973e+01	2.5053054369116094e+01
5.2040159951140936e+01	2.2003412188930312e+01
5.2080088292589039e+01	2.1034456641865674e+01
5.2120030913031890e+01	2.1645378197826545e+01
5.2160169295911004e+01	2.1510530058621448e+01
5.2200046668048202e+01	2.3384070026527677e+01
5.2240075353079419e+01	1.9960468759405487e+01
5.2280046390878944e+01	2.1023857330323729e+01
5.2320195119131185e+01	1.9475766345496552e+01
5.2360081571736806e+01	1.6767938498687698e+01
5.2400184929126382e+01	1.7546369332085078e+01
5.2440062212417025e+01	1.8800742195490486e+01
5.2480181548401731e+01	1.7698604233130776e+01
5.2520075195797254e+01	1.7240602741150521e+01
5.2560181527911958e+01	1.5882530711617385e+01
5.2600081129165915e+01	1.7512876054656257e+01
5.2640002502425851e+01	1.7664590800334334e+01
5.2680195293244125e+01	1.8472099612716260e+01
5.2720029679773042e+01	1.9759750055172709e+01
5.2760164366970812e+01	1.9611701554759694e+01
5.2800159809025942e+01	2.3616201050988682e+01
5.2840128965972902e+01	2.3059540039644720e+01
5.2880040493082348e+01	2.3166461898972727e+01
5.2920177894749756e+01	2.1746955289585301e+01
5.2960018423232533e+01	2.1990452978534059e+01
5.3000085694556198e+01	2.8898397544856739e+01
5.3040152653063153e+01	2.2531120275405460e+01
5.3080208565004483e+01	2.4611580488452457e+01
5.3120078582066654e+01	3.0030605570135705e+01
5.3160161326252101e+01	3.1069416901759503e+01
5.3200021199128400e+01	2.8050022540125852e+01
5.3240104746975625e+01	2.9361812690875283e+01
5.3280176643766495e+01	2.8594543270237519e+01
5.3320015020346439e+01	2.8758193083164805e+01
5.3360058984271220e+01	3.1806391294274967e+01
5.3400059971828604e+01	3.4991648232215944e+01
5.3440010050531384e+01	2.7161768583658290e+01
5.3480141829969696e+01	3.2817766071161827e+01
5.3520042054896500e+01	3.6347636761935796e+01
5.3560141327900354e+01	3.7044316376180781e+01
5.3600210148927921e+01	3.5622714074619992e+01
5.3640031224612130e+01	3.5439696723298141e+01
5.3680061942142693e+01	3.6043057861586966e+01
5.3720077051875542e+01	4.2878369367906245e+01
5.3760088603395261e+01	3.3362734919645462e+01
5.3800078384325417e+01	3.5703329142578632e+01
5.3840043969659675e+01	3.9792478973724705e+01
5.3880037647179577e+01	3.4691121549000947e+01
5.3920070953323446e+01	3.5394300983953514e+01
5.3960115528797914e+01	4.1220209928307959e+01
5.4000181110334040e+01	3.5349277239260047e+01
5.4040038766996396e+01	3.7479326093981548e+01
5.4080138741720845e+01	3.3514960738326074e+01
5.4120055634961275e+01	2.9536757102184072e+01
5.4160187892608356e+01	3.9742570521565398e+01
5.4200048535873428e+01	3.6611168719736142e+01
5.4240090514742057e+01	3.8892401767693705e+01
5.4280123006406100e+01	3.5739081221737692e+01
5.4320168731599665e+01	3.7984807532427340e+01
5.4360015768235371e+01	3.1541575316590567e+01
5.4400093898746206e+01	3.8383666465030295e+01
5.4440164756276779e+01	3.7684312233970495e+01
5.4480015234637513e+01	3.3684214178564915e+01
5.4520087558246779e+01	3.3785970820538800e+01
5.4560123601523948e+01	3.8176841634625994e+01
5.4600080814212482e+01	4.6962430678558711e+01
5.4640146207310075e+01	5.3193277460772997e+01
5.4680103791780361e+01	5.2162541283652217e+01
5.4720186341708931e+01	5.3239748683737005e+01
5.4760203946879756e+01	5.7301102586053041e+01
5.4800187209474224e+01	5.0447830912884221e+01
5.4840183114327324e+01	6.4520853980613182e+01
5.4880187648902258e+01	5.0065283278015308e+01
5.4920015208623610e+01	5.5366167256777295e+01
5.4960121626629203e+01	6.4236390612871418e+01
5.5000065658428028e+01	5.1949268070754968e+01
5.5040024471331101e+01	6.4476791911211990e+01
5.5080193969393378e+01	6.1874433407741662e+01
5.5120136362636430e+01	5.3925206976300458e+01
5.5160032954382288e+01	6.2311567939153726e+01
5.5200043449650003e+01	6.4804680465392948e+01
5.5240192690502852e+01	6.3447974342002937e+01
5.5280067160992459e+01	5.9303106625243437e+01
5.5320151329025762e+01	5.1826622017248660e+01
5.5360051488215952e+01	5.7292044292486082e+01
5.5400037303469986e+01	5.7083202978537820e+01
5.5440043547059346e+01	5.2016696055532499e+01
5.5480016663851856e+01	4.5662117112626419e+01
5.5520212379323709e+01	4.8545035357133514e+01
5.5560022446705325e+01	4.9873082940272411e+01
5.5600136406055213e+01	4.9074328325733340e+01
5.5640142598039581e+01	4.7768846195629237e+01
5.5680069058283657e+01	4.6524807930160449e+01
5.5720087365948501e+01	4.6411231713607542e+01
5.5760206819583651e+01	4.5108058091611213e+01
5.5800170439168937e+01	4.4584894348195220e+01
5.5840148728333325e+01	4.3188945788454376e+01
5.5880130143394922e+01	4.9357535690351504e+01
5.5920105802313920e+01	3.9837070853576847e+01
5.5960062933623071e+01	5.0853184438597111e+01
5.6000198835325300e+01	4.1966491319492079e+01
5.6040056640781259e+01	5.6942775743203995e+01
5.6080009134275215e+01	5.5647247345876067e+01
5.6120043732179901e+01	4.6193652771707114e+01
5.6160181306970216e+01	5.7055177692018802e+01
5.6200028050830134e+01	5.8956355290973228e+01
5.6240031364070042e+01	5.4997003722037022e+01
5.6280050220979312e+01	4.8738067121347356e+01
5.6320100887457265e+01	6.0501696321514942e+01
5.6360009414217117e+01	5.3944632037775001e+01
5.6400042983874876e+01	4.9735529829210435e+01
5.6440005473865014e+01	4.0742123449424064e+01
5.6480133297688944e+01	4.6216401317611243e+01
5.6520105490301127e+01	3.9819114219663419e+01
5.6560112628323488e+01	3.9020618124992701e+01
5.6600072558095320e+01	4.5764716118571236e+01
5.6640002398077804e+01	4.9901769410533454e+01
5.6680094263396668e+01	5.8232472712705970e+01
5.6720137930646537e+01	5.9467808176071571e+01
5.6760129554676062e+01	6.6237767140343792e+01
5.6800101570329488e+01	6.7233587547179340e+01
5.6840062725890036e+01	6.9812637374916818e+01
5.6880019215392821e+01	7.0778787720576403e+01
5.6920214541899320e+01	7.1527117182921529e+01
5.6960189266626983e+01	6.6254897726955946e+01
5.7000145442233553e+01	6.0023372954716081e+01
5.7040121180299408e+01	6.9814408709161356e+01
5.7080129818433669e+01	6.2142012834113160e+01
5.7120194878625455e+01	6.4130208581257094e+01
5.7160123140160081e+01	6.8289097983055328e+01
5.7200109745614810e+01	6.4219486520378481e+01
5.7240072526374910e+01	7.0437423044958891e+01
5.7280017092016159e+01	6.7060084369500984e+01
5.7320169340468581e+01	6.1552462112241578e+01
5.7360127283980724e+01	6.6409735149483808e+01
5.7400107416599589e+01	6.6242852686500569e+01
5.7440016075816899e+01	5.9781054510934894e+01
5.7480070996849882e+01	6.9341047968561412e+01
5.7520067885327506e+01	6.7393505582104510e+01
5.7560207485475281e+01	6.8766746601026483e+01
5.7600043563883652e+01	6.8908704404057090e+01
5.7640191428546906e+01	5.9226715419908857e+01
5.7680031404724616e+01	5.8558713754595082e+01
5.7720045006559062e+01	5.4433762694628570e+01
5.7760022391127904e+01	6.3382189112029053e+01
5.7800022209021940e+01	6.1300097479057342e+01
5.7840125472429015e+01	7.6518321052720822e+01
5.7880081095658184e+01	6.9447985573902130e+01
5.7920073652029309e+01	6.4299306768552512e+01
5.7960012418911617e+01	8.0089628040564520e+01
5.8000131604452946e+01	9.0718063848869747e+01
5.8040008223964207e+01	9.3048794112723186e+01
5.8080126874978490e+01	8.2790637717582570e+01
5.8120059758086128e+01	6.1192715447376365e+01
5.8160152892542193e+01	7.7762873093953687e+01
5.8200153381837488e+01	6.9960917753723550e+01
5.8240066954275981e+01	6.9955368437686886e+01
5.8280133191905072e+01	6.5470927340457749e+01
5.8320169621692187e+01	6.7130686396593916e+01
5.8360015013964464e+01	6.0244691585127832e+01
5.8400071393756328e+01	6.1055637041862205e+01
5.8440085126051258e+01	5.9922798080515555e+01
5.8480047113851640e+01	6.9816605646089386e+01
5.8520101889644444e+01	7.5377079596892415e+01
5.8560010092375720e+01	6.9823418974204898e+01
5.8600014841916305e+01	6.7613651801031679e+01
5.8640013193536902e+01	6.4012575491887191e+01
5.8680152571563056e+01	6.4974326806054492e+01
5.8720211960513588e+01	6.6892063828923028e+01
5.8760166585718977e+01	6.0844895888515147e+01
5.8800211761369731e+01	4.9638226395726612e+01
5.8840106714388646e+01	6.1086776220493157e+01
5.8880034608198578e+01	5.4852848760860425e+01
5.8920195602262439e+01	5.3277021672930871e+01
5.8960132767902678e+01	5.3484893698172030e+01
5.9000052204648689e+01	5.1525169345473330e+01
5.9040173246094106e+01	4.9316750629297097e+01
5.9080049855457737e+01	4.6441302660411502e+01
5.9120099612746117e+01	5.2629933373817167e+01
5.9160108679242676e+01	4.2607403527342314e+01
5.9200012719921283e+01	4.7666492998106236e+01
5.9240019126212438e+01	4.9987255554708057e+01
5.9280162759417337e+01	5.0766725325961843e+01
5.9320089506127644e+01	5.7824609143288733e+01
5.9360084890086789e+01	5.3682065520936845e+01
5.9400209475657803e+01	5.6331076123226495e+01
5.9440062304143964e+01	5.8123315526022196e+01
5.9480161400545377e+01	6.3976531515627244e+01
5.9520026705765524e+01	7.1536876072064956e+01
5.9560093494101061e+01	7.1357432299469608e+01
5.9600153764998367e+01	7.1357440100741684e+01
5.9640003264892492e+01	7.3699960683516736e+01
5.9680111132681233e+01	6.7755415927098170e+01
5.9720063079169222e+01	7.1740265209824713e+01
5.9760129723616089e+01	7.3241485430234519e+01
5.9800082882668292e+01	7.0646808992353868e+01
5.9840169742466436e+01	6.6981005728773312e+01
5.9880180001682902e+01	6.2753126602539204e+01
5.9920056611949136e+01	6.2665826354380911e+01
5.9960080396202315e+01	6.9245226759478697e+01
6.0000134786029854e+01	7.7426473348197334e+01
6.0040065542259214e+01	7.7309034169553343e+01
6.0080114504418823e+01	6.4238235170775255e+01
6.0120128496632319e+01	7.9002539032266768e+01
6.0160008410619632e+01	8.3078806420632489e+01
6.0200076098582386e+01	9.5133036813092673e+01
6.0240152453914419e+01	8.4306591118499441e+01
6.0280056254637536e+01	8.3508609426318060e+01
6.0320019223357328e+01	7.5821025683695439e+01
6.0360047289560320e+01	9.2187992230216935e+01
6.0400112224025605e+01	7.7539958335468668e+01
6.0440207169342337e+01	8.0687331081560217e+01
6.0480017318082147e+01	8.0869850154096952e+01
6.0520189232956902e+01	7.9790823362349514e+01
6.0560087679965065e+01	8.3201383178665836e+01
6.0600192219313278e+01	7.4649993083778099e+01
6.0640073123941249e+01	7.4401908632251619e+01
6.0680006812423535e+01	7.0250817577765559e+01
6.0720028312213259e+01	8.2718827692552509e+01
6.0760140766885414e+01	7.7406949879730931e+01
6.0800149570014185e+01	8.0004919385899200e+01
6.0840039566754740e+01	8.0053293811975735e+01
6.0880010172766013e+01	7.2494842104422048e+01
6.0920173552019286e+01	8.3864405515719454e+01
6.0960068829144085e+01	8.6402818867038604e+01
6.1000153214359365e+01	8.5448743599544628e+01
6.1040016982725064e+01	8.5218897182920543e+01
6.1080140931799413e+01	8.3506920148235437e+01
6.1120098969839049e+01	8.9220353889256586e+01
6.1160183171199030e+01	9.2302985473350645e+01
6.1200149979339798e+01	9.0329950318314047e+01
6.1240046618755407e+01	8.3015040767600595e+01
6.1280136314332346e+01	8.3403741419577216e+01
6.1320177939908213e+01	9.5510408342506480e+01
6.1360071856504206e+01	1.0360911252610954e+02
6.1400039148647295e+01	1.0791131116254003e+02
6.1440094514479206e+01	1.0757232731254540e+02
6.1480207681750834e+01	1.0286795312137697e+02
6.1520035106615524e+01	9.4784342780070446e+01
6.1560038003492984e+01	8.5116130576494967e+01
6.1600036192086179e+01	7.4949874513689181e+01
6.1640155963658970e+01	8.1541795189023617e+01
6.1680026436438524e+01	7.6942736817885105e+01
6.1720082018497052e+01	8.3595261502194703e+01
6.1760138032840331e+01	8.3907061563038781e+01
6.1800091899303453e+01	8.5774833210852819e+01
6.1840018479246382e+01	8.2884440422779235e+01
6.1880080785679745e+01	7.4249829624931920e+01
6.1920031302773928e+01	8.5618151785314126e+01
6.1960173360050973e+01	9.2524533887644793e+01
6.2000164912930188e+01	9.2657598030274357e+01
6.2040116798796483e+01	8.9965476326355741e+01
6.2080126921925469e+01	8.6641258780275848e+01
6.2120099194437202e+01	7.7612287437781433e+01
6.2160089601190869e+01	7.5283484627691379e+01
6.2200134995365708e+01	8.1584459313034586e+01
6.2240025467051389e+01	6.2464841490421890e+01
6.2280219776834109e+01	6.5979687011784605e+01
6.2320028705887850e+01	6.6896330424670438e+01
6.2360088263704171e+01	6.6996167505361498e+01
6.2400011297278468e+01	5.8519950125076775e+01
6.2440110404083605e+01	5.8293056444818767e+01
6.2480217236483938e+01	7.2187056401627700e+01
6.2520128325867340e+01	8.7604528150045454e+01
6.2560025769800525e+01	9.2204232644680729e+01
6.2600146484821444e+01	8.6437446390434374e+01
6.2640026782160326e+01	8.0002255959366735e+01
6.2680099807614113e+01	8.6849526532638066e+01
6.2720150660494269e+01	7.8369267736544330e+01
6.2760160882115095e+01	6.5927392845217270e+01
6.2800128396806535e+01	7.8319451134622128e+01
6.2840080232158776e+01	9.3913971505085669e+01
6.2880046887160660e+01	1.0086443009250125e+02
6.2920043591652998e+01	8.6031635879377802e+01
6.2960073128342898e+01	8.5942261897098035e+01
6.3000088296757951e+01	8.6989081480165353e+01
6.3040069167928110e+01	8.6407224169585263e+01
6.3080059263669732e+01	8.6232938642398665e+01
6.3120073580341547e+01	8.0946921180678842e+01
6.3160132782857737e+01	9.0907818815797555e+01
6.3200032444559859e+01	8.8945782498045617e+01
6.3240189758912635e+01	7.9624214425259140e+01
6.3280115135721587e+01	8.0821193562684570e+01
6.3320035781414092e+01	8.1172918076870587e+01
6.3360193778682124e+01	7.2783068388836384e+01
6.3400139102133437e+01	7.3251435508421523e+01
6.3440109553156809e+01	7.0801624966883338e+01
6.3480162012403326e+01	7.5624309619417929e+01
6.3520016709672504e+01	7.9298550461194154e+01
6.3560066831321834e+01	7.3376410863680405e+01
6.3600091422792680e+01	6.1473950118313148e+01
6.3640077243302095e+01	7.2640348978091794e+01
6.3680008453906339e+01	7.8224111797882301e+01
6.3720056609386603e+01	7.9961645653529601e+01
6.3760161913985556e+01	7.8658065840605659e+01
6.3800112763596815e+01	7.5572182357368646e+01
6.3840160590268624e+01	7.1471691197061702e+01
6.3880167210519843e+01	6.7033472458440073e+01
6.3920007405266176e+01	6.2744489879173720e+01
6.3960164441999126e+01	6.1694053564471361e+01
6.4000157154785299e+01	6.3831339137661672e+01
6.4040132772999669e+01	6.2743594782422477e+01
6.4080048950466178e+01	7.6306167262481040e+01
6.4120058345984503e+01	9.0772396454298956e+01
6.4160209955444984e+01	8.1197845242822552e+01
6.4200179094524373e+01	9.3744665447771695e+01
6.4240040201256278e+01	1.0131241471034605e+02
6.4280042011330352e+01	7.8264707940583477e+01
6.4320180866128197e+01	1.0268628450023098e+02
6.4360158378186156e+01	9.2472802994693907e+01
6.4400138021062332e+01	6.8887346681015416e+01
6.4440113048396725e+01	8.7168912165710310e+01
6.4480120761729168e+01	8.9735370484807191e+01
6.4520204061229663e+01	8.1918173526049145e+01
6.4560000981516254e+01	7.2649952451953979e+01
6.4600210713439580e+01	6.3609398029134198e+01
6.4640072221599269e+01	6.4313889015278221e+01
6.4680135512889919e+01	7.8750896159214960e+01
6.4720182915346768e+01	7.3139491644228670e+01
6.4760174911513957e+01	6.8620245027738960e+01
6.4800107513716014e+01	6.3944306750760489e+01
6.4840015680236988e+01	5.5556337540956235e+01
6.4880176886391112e+01	5.6947843282870203e+01
6.4920183364447965e+01	6.0215636038906588e+01
6.4960058146718239e+01	5.3278160642720366e+01
6.5000059994398399e+01	6.5253618474496633e+01
6.5040141346195597e+01	6.0275025241188850e+01
6.5080055896190004e+01	5.7890478784025234e+01
6.5120017151302548e+01	6.3142293738467679e+01
6.5160009936673802e+01	5.7392394132912301e+01
6.5200026053896863e+01	5.9214626588524254e+01
6.5240016122351207e+01	5.0906405514883261e+01
6.5280140492850094e+01	5.1897992803995002e+01
6.5320014566176098e+01	4.5548798420738223e+01
6.5360129188661489e+01	4.3389228671644048e+01
6.5400007372510316e+01	3.8423287490412719e+01
6.5440055225264317e+01	3.4147512682287925e+01
6.5480096725235313e+01	3.2496969124881595e+01
6.5520133737973580e+01	3.3383482328345757e+01
6.5560119706995749e+01	3.5539008089145909e+01
6.5600069129779172e+01	3.7947140201187281e+01
6.5640008806419289e+01	4.0609325000548083e+01
6.5680195511983200e+01	3.6785446040262386e+01
6.5720148292395265e+01	4.2623685821703219e+01
6.5760128512708022e+01	3.7419868591963301e+01
6.5800012058501181e+01	3.8410601934706669e+01
6.5840209167168283e+01	3.8240047647091266e+01
6.5880218560651286e+01	3.6725791240167467e+01
6.5920105058623676e+01	3.9597744565166842e+01
6.5960213654004050e+01	3.8829201987506366e+01
6.6000083607320036e+01	3.4727973698003623e+01
6.6040182305318240e+01	3.4046714437792687e+01
6.6080085625775538e+01	3.9060932998532607e+01
6.6120205887347680e+01	3.7903589064592509e+01
6.6160061097300471e+01	4.0334191014365921e+01
6.6200056188922019e+01	4.8997702751484873e+01
6.6240201821701632e+01	4.7737138696859233e+01
6.6280084950290714e+01	4.7810919461922538e+01
6.6320188904865759e+01	4.6032719865003422e+01
6.6360114796074186e+01	5.9147375771155367e+01
6.6400097001943109e+01	6.4408021981415828e+01
6.6440151446500096e+01	7.1718277733160164e+01
6.6480101299973867e+01	6.0561733149548836e+01
6.6520085433811062e+01	7.3793437100390051e+01
6.6560066920155194e+01	7.0961075173320623e+01
6.6600070151458254e+01	8.2958629785089300e+01
6.6640053258882617e+01	7.5061206249411399e+01
6.6680186074622085e+01	8.5153695973823233e+01
6.6720210244431911e+01	7.5276502201208302e+01
6.6760171167473388e+01	8.0633465695426565e+01
6.6800103426564732e+01	7.5504025227886586e+01
6.6840076712404823e+01	6.9182313146000965e+01
6.6880133644513023e+01	6.6531350006833364e+01
6.6920057240250912e+01	6.2985750174140641e+01
6.6960080552190874e+01	6.1092909323946152e+01
6.7000085673946657e+01	7.2067908761422800e+01
6.7040050725881585e+01	6.5879324980353431e+01
6.7080206433018432e+01	7.6677840694525585e+01
6.7120193054756442e+01	7.4512888716076034e+01
6.7160041623283433e+01	8.6034205860628603e+01
6.7200151785057557e+01	9.2974513576229270e+01
6.7240096389276218e+01	8.7022656882217234e+01
6.7280111545585015e+01	7.6482097211191615e+01
6.7320123264090043e+01	8.1953174466229783e+01
6.7360121189149766e+01	8.3468437114192682e+01
6.7400129223360082e+01	8.1787376794482327e+01
6.7440148122698531e+01	7.7625394558271879e+01
6.7480143143863174e+01	9.6008659376736261e+01
6.7520124921969369e+01	9.2633650791928247e+01
6.7560106390952726e+01	1.0483437791295067e+02
6.7600091972276843e+01	9.9135686341007670e+01
6.7640092271179029e+01	8.4629876945377816e+01
6.7680107582390377e+01	1.0109401296266483e+02
6.7720127254474377e+01	1.0489072125245679e+02
6.7760129156746473e+01	1.1725443868885394e+02
6.7800051604819586e+01	9.3182529070789954e+01
6.7840093810818487e+01	9.9102183059767043e+01
6.7880059182823615e+01	9.1777288866740051e+01
6.7920179099996446e+01	1.0045665045685716e+02
6.7960058468549931e+01	8.5897749122626195e+01
6.8000150308179556e+01	1.0582469902499402e+02
6.8040036978030088e+01	7.4593259841050426e+01
6.8080151112529052e+01	9.7046375020187597e+01
6.8120052318484156e+01	8.8114811888063642e+01
6.8160110860553743e+01	7.2077049499750970e+01
6.8200119761761684e+01	7.0720773873529239e+01
6.8240109558589623e+01	6.0165730754975755e+01
6.8280135380890798e+01	5.8702573195804547e+01
6.8320167965142886e+01	6.3386241501616269e+01
6.8360211502361977e+01	5.6406747983490973e+01
6.8400031803997834e+01	4.4159069276534765e+01
6.8440041798055475e+01	4.8972055600971999e+01
6.8480046041644798e+01	4.3003298303045625e+01
6.8520057783854270e+01	3.9499988068149499e+01
6.8560123052835820e+01	3.7060402212374683e+01
6.8600049241042299e+01	3.7235062685251393e+01
6.8640099048877303e+01	3.1702944509402972e+01
6.8680035691517901e+01	2.8720188985509601e+01
6.8720043061651751e+01	2.9639641595872888e+01
6.8760009978565506e+01	3.0607592966574078e+01
6.8800167952927453e+01	3.3969704647963290e+01
6.8840078679950452e+01	3.4789253490722871e+01
6.8880001944251575e+01	3.6269093857921170e+01
6.8920185298062066e+01	3.0939794281536248e+01
6.8960120426695497e+01	3.9917322274159503e+01
6.9000026130175058e+01	2.7809191657265991e+01
6.9040156696385850e+01	3.1063220884572623e+01
6.9080116124600281e+01	2.5519531660772614e+01
6.9120153002127083e+01	2.8026620619817841e+01
6.9160009309811443e+01	2.6307995421230601e+01
6.9200004604493785e+01	2.3388191369371921e+01
6.9240121459065321e+01	2.3120095031163910e+01
6.9280142112711346e+01	2.3834803386734535e+01
6.9320090504634805e+01	2.1521524337008614e+01
6.9360206231945597e+01	2.3018434817763147e+01
6.9400078671626943e+01	2.3369487074305550e+01
6.9440158488748992e+01	1.9714099951186810e+01
6.9480201024725446e+01	2.2967475541838517e+01
6.9520198230826665e+01	2.4595127426915518e+01
6.9560161998770454e+01	2.4077700972881232e+01
6.9600105325670711e+01	2.8065001950499791e+01
6.9640044059499630e+01	3.2194746643661190e+01
6.9680210664678356e+01	4.3634408648311229e+01
6.9720195705906747e+01	4.1286909131214081e+01
6.9760009220823235e+01	4.8926544057839784e+01
6.9800091538113122e+01	4.8047639504872656e+01
6.9840197996662539e+01	4.6207065328563345e+01
6.9880105654118509e+01	4.7035168030201319e+01
6.9920050977580686e+01	5.1650183202309123e+01
6.9960200224101200e+01	4.9201252840375055e+01
7.0000058108634605e+01	5.0158169294318050e+01
7.0040073260967702e+01	5.4303409402956305e+01
7.0080024587702695e+01	5.1746572366466580e+01
7.0120146029863506e+01	4.8915520513209373e+01
7.0160016952637434e+01	5.6689727874128181e+01
7.0200101963048297e+01	5.1464097310920380e+01
7.0240181409741751e+01	5.7017515396701086e+01
7.0280003861738209e+01	6.5788840585460093e+01
7.0320038232979996e+01	6.3446076248396700e+01
7.0360101995114377e+01	6.2128361484658456e+01
7.0400204748772197e+01	5.5573726155485375e+01
7.0440115962199457e+01	4.8304127081107048e+01
7.0480059753832450e+01	4.8627432930183687e+01
7.0520033384835827e+01	5.0551736755118895e+01
7.0560038226070702e+01	5.0182899306583735e+01
7.0600077547698305e+01	5.3974909024894089e+01
7.0640075901569972e+01	5.5366991665024948e+01
7.0680211574461097e+01	6.5676379211093547e+01
7.0720078859695619e+01	6.2947385585796113e+01
7.0760141329031896e+01	6.3589847142436398e+01
7.0800198363814218e+01	6.7743256605995995e+01
7.0840033918661433e+01	7.3114272819342503e+01
7.0880105066647786e+01	6.7321249022203787e+01
7.0920164687164515e+01	7.6543554881242159e+01
7.0960160629008541e+01	7.2276596681227687e+01
7.1000059336999954e+01	7.3984653683007011e+01
7.1040075568669707e+01	9.0573901765056917e+01
7.1080002878143873e+01	8.8056214662445825e+01
7.1120083314075757e+01	7.4986147530097682e+01
7.1160124909952486e+01	8.3194586380157261e+01
7.1200109415214925e+01	8.0958437201866445e+01
7.1240069582828554e+01	7.2816727523346259e+01
7.1280070332073734e+01	7.3297284554027954e+01
7.1320007456881896e+01	7.3640331632795878e+01
7.1360036453274716e+01	7.8022107124263400e+01
7.1400069581116071e+01	7.5757239090994958e+01
7.1440159443971311e+01	7.8302999831789847e+01
7.1480211771291593e+01	8.7760551995092797e+01
7.1520028488888542e+01	9.8210516323432401e+01
7.1560175766180421e+01	9.1821028069645152e+01
7.1600176838960806e+01	8.9801649788968689e+01
7.1640155126027025e+01	9.9770952800214516e+01
7.1680094447443167e+01	1.0495389555631466e+02
7.1720210015165136e+01	9.5081037413045067e+01
7.1760069345546370e+01	8.0263824772428450e+01
7.1800116994800504e+01	8.4294371278889358e+01
7.1840169298197978e+01	8.2987075900225207e+01
7.1880015067835430e+01	7.8836199897527138e+01
7.1920116330859145e+01	7.4265823432217772e+01
7.1960013917628316e+01	8.4462351505896322e+01
7.2000132822044208e+01	9.8090031065668327e+01
7.2040075539467381e+01	1.0074907563569668e+02
7.2080066690239491e+01	8.6364296818952340e+01
7.2120071024133779e+01	9.8121115293738072e+01
7.2160126399577663e+01	9.5223431703542929e+01
7.2200055424409030e+01	1.1289433516360766e+02
7.2240034641693398e+01	1.2608324230734189e+02
7.2280001551611321e+01	1.2932483450022423e+02
7.2320136815681465e+01	1.2759761527940088e+02
7.2360167081150607e+01	1.1711361960711639e+02
7.2400048267963513e+01	8.7526629370833732e+01
7.2440192920119557e+01	1.1414395069046928e+02
7.2480152471231335e+01	1.1062169028400008e+02
7.2520079564647631e+01	9.0445839976749156e+01
7.2560057726209038e+01	1.0758381030023334e+02
7.2600017733737204e+01	7.2604104122600859e+01
7.2640190167981586e+01	9.8217298259044085e+01
7.2680154965127130e+01	8.9509409863642546e+01
7.2720132024439181e+01	6.5833267157500686e+01
7.2760128773602773e+01	7.4329638602121094e+01
7.2800187987613839e+01	6.6258515332203686e+01
7.2840113379882339e+01	7.0017544212801596e+01
7.2880169897135360e+01	6.9982213059146488e+01
7.2920043616530492e+01	6.2109547022059623e+01
7.2960103766001140e+01	7.5437671216155124e+01
7.3000130870649130e+01	8.9267182891395322e+01
7.3040124964978716e+01	8.0502553743447280e+01
7.3080075234137340e+01	7.6145800419401226e+01
7.3120206735835680e+01	8.2554506279282421e+01
7.3160085846772191e+01	6.3964491727107465e+01
7.3200145688015795e+01	5.4783902427171270e+01
7.3240202884564098e+01	7.3224625318636456e+01
7.3280051996922936e+01	8.4554619675878541e+01
7.3320144386488337e+01	8.7398909173928317e+01
7.3360193524965752e+01	8.8233653343536631e+01
7.3400186191959122e+01	8.8312190136156147e+01
7.3440141513321123e+01	8.4654604577593403e+01
7.3480058036303774e+01	7.1354864883315841e+01
7.3520134116497232e+01	5.3015274389466803e+01
7.3560170326431304e+01	6.9090294309719781e+01
7.3600181009581405e+01	8.1504289447214205e+01
7.3640133502862824e+01	5.3892856128276662e+01
7.3680036434064732e+01	5.8572710905632633e+01
7.3720132795485924e+01	6.4761387132580452e+01
7.3760204257767569e+01	5.0465933050702603e+01
7.3800062940229211e+01	5.4547315344671233e+01
7.3840163313451825e+01	4.7758543798631088e+01
7.3880058173903038e+01	4.0270599815740503e+01
7.3920203550876124e+01	4.5386014370817499e+01
7.3960132654871359e+01	4.2983026365590575e+01
7.4000074897230618e+01	3.8751811346377352e+01
7.4040039880436041e+01	4.3136992757923352e+01
7.4080043868224635e+01	3.8343918973150743e+01
7.4120020097144021e+01	4.2070804058266098e+01
7.4160124636855343e+01	4.2691447881665226e+01
7.4200151121654812e+01	3.9959230583394657e+01
7.4240096771978671e+01	4.2969182943995150e+01
7.4280196171663121e+01	4.4746679241744154e+01
7.4320027590575776e+01	4.0139535490916778e+01
7.4360001681441716e+01	4.3928586733480401e+01
7.4400155628284807e+01	4.1834621335679316e+01
7.4440104292762513e+01	3.9788674232495417e+01
7.4480052515218418e+01	4.2455595289066622e+01
7.4520003552660995e+01	4.2226545173865112e+01
7.4560208778092004e+01	4.3386954499782100e+01
7.4600002023861578e+01	4.3780007593408222e+01
7.4640209039237860e+01	4.2883240370559392e+01
7.4680207888334550e+01	4.6940359278272190e+01
7.4720031187599318e+01	4.9182525626806523e+01
7.4760118627029215e+01	5.2900633174505906e+01
7.4800001200940557e+01	6.0068784843908830e+01
7.4840113723371402e+01	5.8451356208138549e+01
7.4880191556553854e+01	6.3086122460570472e+01
7.4920204238188063e+01	6.2072537276174984e+01
7.4960012833055046e+01	7.5083953503083592e+01
7.5000070977252150e+01	6.8282423167706611e+01
7.5040161246284015e+01	8.1622403053331254e+01
7.5080023743313077e+01	8.1795026891323516e+01
7.5120019927806112e+01	9.2651168012014637e+01
7.5160156959807296e+01	1.0889083119756923e+02
7.5200046864872917e+01	1.0329049140538719e+02
7.5240184034287878e+01	9.2817525637753704e+01
7.5280160345559494e+01	1.0941271889796673e+02
7.5320212036399127e+01	1.2978804305117669e+02
7.5360137114198025e+01	1.1167467659550091e+02
7.5400097981504530e+01	1.3787836492556548e+02
7.5440208893330677e+01	1.5507028557144926e+02
7.5480059850890186e+01	1.8529496916483993e+02
7.5520121816395957e+01	1.5530171661905359e+02
7.5560159972617683e+01	1.9701982449278182e+02
7.5600052180488845e+01	2.0313559776046031e+02
7.5640083134310601e+01	1.9465457202557295e+02
7.5680129142447186e+01	1.8907517708359831e+02
7.5720026655877803e+01	1.9324183029000784e+02
7.5760072542874255e+01	1.9853580186449301e+02
7.5800067680959032e+01	1.9022603233538211e+02
7.5840171209074782e+01	1.6440410854323602e+02
7.5880038504578437e+01	1.9988181232181893e+02
7.5920131656944093e+01	1.9516591561608246e+02
7.5960161197825727e+01	1.6248367971742928e+02
7.6000080529378252e+01	1.8596117318018128e+02
7.6040002050861332e+01	1.8882899764468448e+02
7.6080158282009577e+01	1.8196910598212071e+02
7.6120113240388605e+01	1.7454941362787088e+02
7.6160090670998400e+01	1.7042621701597528e+02
7.6200041176992769e+01	1.6764504251126098e+02
7.6240072166022742e+01	1.6211597385675233e+02
7.6280067087589686e+01	1.8305913553233432e+02
7.6320084351864821e+01	1.9046598318502839e+02
7.6360084966714311e+01	1.8860464067317923e+02
7.6400011923116693e+01	1.5158207738003975e+02
7.6440029099624553e+01	1.5648745268347261e+02
7.6480013858049475e+01	1.5743671569498949e+02
7.6520086914575700e+01	1.4081123716851624e+02
7.6560122634986826e+01	1.5627460930481811e+02
7.6600065723101181e+01	1.3833272886291260e+02
7.6640193085903078e+01	1.3947932094526234e+02
7.6680102398439161e+01	1.5600628274574223e+02
7.6720101720874467e+01	1.6385377680811393e+02
7.6760119748921511e+01	1.5951939182526075e+02
7.6800040849415765e+01	1.5070054058895354e+02
7.6840038796533634e+01	1.3865814021578905e+02
7.6880017018536407e+01	1.4080242435762031e+02
7.6920200060729201e+01	1.4404933945806121e+02
7.6960030497096668e+01	1.5873087941988581e+02
7.7000046222712001e+01	1.5752401228560961e+02
7.7040069888220401e+01	1.4694107177745124e+02
7.7080033850850882e+01	1.4505148264170862e+02
7.7120150820671086e+01	1.5776067007825546e+02
7.7160141201733680e+01	1.3777063490266642e+02
7.7200085973919755e+01	1.6092956446169251e+02
7.7240010218935510e+01	1.6589067038930602e+02
7.7280181705829065e+01	1.5781207163105194e+02
7.7320170278099511e+01	1.4686058565049601e+02
7.7360069978445466e+01	1.4096282223652827e+02
7.7400107878274923e+01	1.5853516607494620e+02
7.7440043200815296e+01	1.6246212414541299e+02
7.7480055366318027e+01	1.5456834546866401e+02
7.7520057561505951e+01	1.4388034838095436e+02
7.7560070959679649e+01	1.3703200258758469e+02
7.7600073161577043e+01	1.3455118561101895e+02
7.7640096760891211e+01	1.3811678787450799e+02
7.7680167822407896e+01	1.3985200803473788e+02
7.7720214808051338e+01	1.3609881954032062e+02
7.7760097973742802e+01	1.2958624132860709e+02
7.7800033935090511e+01	1.4354602131063220e+02
7.7840163343276501e+01	1.5111427474352828e+02
7.7880023885166594e+01	1.5292031791057408e+02
7.7920084946068485e+01	1.3700239438518258e+02
7.7960041873828160e+01	1.3215300663621036e+02
7.8000188171568496e+01	1.2879900141265489e+02
7.8040093680219826e+01	1.2001935049958387e+02
7.8080006507091625e+01	1.1742811672566444e+02
7.8120131324197118e+01	1.1977243080951214e+02
7.8160110957180422e+01	1.3194624822524540e+02
7.8200152294475345e+01	1.4077658697300458e+02
7.8240050206850754e+01	1.1396216322354093e+02
7.8280061034600365e+01	1.2982125649137939e+02
7.8320217333625067e+01	1.2560050830163567e+02
7.8360049089518384e+01	1.0489654531138200e+02
7.8400194151784419e+01	1.3932491162203027e+02
7.8440189891762941e+01	1.3732805718063739e+02
7.8480204688027939e+01	1.1345143046440181e+02
7.8520057713563247e+01	1.3075244949461342e+02
7.8560037341846026e+01	1.5691263524890846e+02
7.8600043159647626e+01	1.7279506664421936e+02
7.8640086047663985e+01	1.7277343795171754e+02
7.8680084238126440e+01	1.7519881390597885e+02
7.8720158916492807e+01	2.0559770821613648e+02
7.8760030512520331e+01	2.1611364122125519e+02
7.8800040273098205e+01	1.9082219453696700e+02
7.8840096882041536e+01	2.5760656732159669e+02
7.8880074334558500e+01	1.9565870776855755e+02
7.8920031349787592e+01	2.1320717577873617e+02
7.8960010425081990e+01	2.0402052718448095e+02
7.9000151584191300e+01	1.7972395022670742e+02
7.9040010846050322e+01	2.1418469920020317e+02
7.9080045326271730e+01	1.3706089671991390e+02
7.9120070857767416e+01	2.1857248760272535e+02
7.9160158343874940e+01	1.6494954800224500e+02
7.9200021479641620e+01	2.0690287601071483e+02
7.9240192090666071e+01	1.2608862457338495e+02
7.9280047178470994e+01	1.9506249160869450e+02
7.9320129039289768e+01	1.5528298171595759e+02
7.9360127797443539e+01	1.5101031314124120e+02
7.9400040279990961e+01	1.6274330257966369e+02
7.9440218753023061e+01	1.1300454913851027e+02
7.9480144821404210e+01	1.1385828963867239e+02
7.9520202218955617e+01	1.2839886535594360e+02
7.9560079675313901e+01	1.1207684029750138e+02
7.9600050172864201e+01	8.8272694216523917e+01
7.9640141609854183e+01	8.0148549461257346e+01
7.9680035846319711e+01	8.0117562485554345e+01
7.9720128386897699e+01	8.8386322068520116e+01
7.9760116218024123e+01	8.2331017188981363e+01
7.9800202302416153e+01	9.5744893241376118e+01
7.9840173579255350e+01	9.4725840792654893e+01
7.9880036078831623e+01	1.0282529199407182e+02
7.9920049971218134e+01	1.1873897583536876e+02
7.9960071400561645e+01	1.0905614207339025e+02
8.0000000000000000e+01	1.1867718489472378e+02
