0.0000000000000000e+00	8.0694925497984862e+00
4.0076892885136956e-03	7.8286572258906126e+00
8.0017345522960769e-03	7.6645881011988237e+00
1.2007397856167126e-02	7.7411466975843659e+00
1.6012355000089962e-02	8.0813179379028757e+00
2.0004322186082932e-02	8.3565552619040115e+00
2.4008085319481412e-02	8.4880708283318622e+00
2.8011319149922099e-02	8.4333797446231991e+00
3.2001668115951301e-02	8.2089766856822592e+00
3.6003935917383566e-02	7.8695911629878204e+00
4.0005756272651315e-02	7.4400021369710414e+00
4.4007119628996720e-02	7.6584556822087437e+00
4.8008037642859151e-02	7.7915812449638890e+00
5.2008527857943090e-02	7.8133286853837163e+00
5.6008575205904437e-02	7.7059895004522252e+00
6.0008208452604184e-02	7.7229919550881858e+00
6.4007513985803594e-02	7.9506487619780772e+00
6.8006508144701758e-02	7.9855253571292657e+00
7.2005200949523507e-02	7.8014528996872299e+00
7.6003667898258229e-02	7.7300170973664519e+00
8.0001975093058189e-02	8.1889751562466007e+00
8.4000235452563507e-02	8.7051730548441508e+00
8.8010744846570996e-02	8.8710403634841306e+00
9.2008523725627664e-02	8.6495146712450950e+00
9.6005884209443670e-02	8.1291123857228378e+00
1.0000267503733416e-01	7.4082108136567966e+00
1.0401141981785601e-01	7.7210231062360819e+00
1.0800759100380081e-01	7.8833427813124732e+00
1.1200351928165428e-01	8.4343595681660695e+00
1.1601163479553001e-01	8.7598504273326956e+00
1.2000732326888851e-01	8.6728374685097727e+00
1.2400287991231118e-01	8.2463800650519925e+00
1.2801068440137087e-01	7.7692565206032169e+00
1.3200584400322152e-01	8.1453164210855462e+00
1.3600090012748900e-01	7.8899101440178931e+00
1.4000838501109678e-01	7.9273134685529163e+00
1.4400371208499399e-01	7.8544675385928748e+00
1.4801155996494134e-01	7.8009931557478813e+00
1.5200718981790948e-01	8.2267044304382821e+00
1.5600310446954224e-01	8.7426322962794121e+00
1.6001127465383730e-01	8.5557860455042043e+00
1.6400661419519397e-01	7.8295860352813333e+00
1.6800143513801294e-01	7.8703796835788618e+00
1.7200829639264070e-01	7.7910476602835885e+00
1.7600262210450945e-01	7.8072914132748270e+00
1.8000921264809824e-01	7.8524213168226140e+00
1.8400318447535777e-01	8.2014586461064365e+00
1.8800941097148285e-01	8.5153312516788340e+00
1.9200320990351435e-01	8.2056999670025537e+00
1.9600910105976674e-01	8.4112142938659087e+00
2.0000249445208984e-01	8.3627138125515277e+00
2.0400862280710530e-01	8.1179758219626397e+00
2.0800289307094136e-01	7.9853472607439766e+00
2.1200989536061698e-01	8.1831156782331345e+00
2.1600480703617389e-01	8.2745207248011088e+00
2.2001227380741814e-01	7.9993288673090417e+00
2.2400736945158584e-01	7.6261902039529179e+00
2.2800250193804292e-01	8.1283289782794537e+00
2.3201020330520303e-01	8.5585667817758644e+00
2.3600552637426209e-01	8.6489452530147481e+00
2.4000021228144128e-01	8.4449164977110165e+00
2.4400667079156260e-01	8.0848436913835027e+00
2.4800027895532573e-01	8.5221970253164070e+00
2.5200569586309052e-01	8.6564192706721581e+00
2.5601086334872997e-01	8.6170688974032750e+00
2.6000368257368961e-01	8.4800446973796504e+00
2.6400885569457661e-01	8.1578644261949513e+00
2.6800141350414375e-01	8.1284659972374413e+00
2.7200614998928463e-01	8.3950542799155947e+00
2.7601100865733752e-01	8.5785858565352751e+00
2.8000342281600776e-01	8.6210262831739399e+00
2.8400861149790940e-01	8.4713599024415718e+00
2.8800171953772752e-01	8.6495144343461163e+00
2.9200586142140889e-01	9.0965213115018795e+00
2.9600936643208658e-01	8.8085405420907570e+00
3.0000022162916729e-01	9.0379931529724509e+00
3.0400395854789236e-01	9.1933081931643841e+00
3.0800896331561045e-01	9.2084582892230618e+00
3.1200120423429595e-01	9.5089297097779699e+00
3.1600546127637014e-01	9.6444133228676421e+00
3.2000955963924577e-01	9.3001050148656557e+00
3.2400068744497362e-01	9.2750423333152643e+00
3.2800366035123246e-01	9.6838977239717554e+00
3.3200615308679504e-01	9.7665136193019340e+00
3.3600834682966890e-01	9.5132738895706144e+00
3.4001009383592701e-01	9.0945576963039958e+00
3.4401183585549566e-01	8.6841557316931191e+00
3.4800107513459516e-01	8.9102103437734286e+00
3.5200097931936603e-01	8.9802901370219317e+00
3.5601200588732368e-01	8.9024245817865264e+00
3.6001000329199534e-01	8.9490706789443255e+00
3.6400687051199915e-01	8.9873041668293006e+00
3.6800334097918652e-01	8.9358912424137174e+00
3.7201193321639953e-01	8.7334174837761740e+00
3.7600822683000312e-01	9.1885193123666031e+00
3.8000438743012777e-01	9.2063167821252758e+00
3.8400080826504890e-01	9.3515362743834416e+00
3.8800957435604960e-01	9.6805310676482872e+00
3.9200642108130013e-01	1.0261105264227281e+01
3.9600310637445674e-01	1.0579622725482213e+01
4.0001179888062621e-01	1.0332398481622450e+01
4.0400821484005101e-01	1.0787827357279735e+01
4.0800295455474783e-01	1.2194393413290873e+01
4.1200881409289020e-01	1.3592544270205480e+01
4.1600291046300331e-01	1.4486099857983984e+01
4.2000986065881329e-01	1.4908410096037645e+01
4.2400318284191768e-01	1.4763154884053183e+01
4.2800763339764358e-01	1.6657937307166105e+01
4.3201195119178504e-01	1.8671933888694731e+01
4.3600446893727429e-01	1.9603888782750293e+01
4.4000877698543767e-01	1.9061238841797600e+01
4.4400000759629960e-01	1.6803581745287296e+01
4.4800246799583004e-01	1.7229429553647037e+01
4.5200389175585481e-01	1.7545125355714404e+01
4.5600372880598067e-01	1.7866484568607508e+01
4.6000254018394254e-01	1.6120274113128829e+01
4.6400070238107211e-01	1.9331869692758676e+01
4.6801049466136618e-01	2.1322369169352680e+01
4.7200657987625089e-01	2.0106064386187576e+01
4.7600260268056893e-01	1.7194526490631173e+01
4.8001166381926619e-01	2.0536493506813528e+01
4.8400820783176668e-01	1.9861196753062160e+01
4.8800484699715313e-01	1.5697748363830188e+01
4.9200048252177947e-01	1.8394504803167795e+01
4.9600767314011956e-01	1.7461802569542179e+01
5.0000231389729410e-01	1.8987264813676660e+01
5.0400892441838829e-01	1.8109661050174417e+01
5.0800275243797355e-01	1.7645411640268499e+01
5.1200814757615998e-01	1.7629147186123067e+01
5.1600020562193594e-01	1.8050749247671245e+01
5.2000314910399015e-01	2.0056069135616319e+01
5.2400498117081706e-01	1.9890416506928876e+01
5.2800635719309874e-01	2.1085293971768266e+01
5.3200716780333857e-01	2.3001576341979668e+01
5.3600742281958091e-01	2.4295103598347708e+01
5.4000734307520271e-01	2.5633329574143499e+01
5.4400667948450443e-01	2.7607419938159616e+01
5.4800589010331768e-01	2.6712828370025022e+01
5.5200500069295799e-01	3.0578469714911179e+01
5.5600490757931609e-01	2.5742516096456598e+01
5.6000530857827091e-01	3.2077744472517864e+01
5.6400564863402913e-01	2.6624077503224715e+01
5.6800490541369297e-01	3.1101073391580790e+01
5.7200079963318640e-01	2.9201961940005383e+01
5.7600777450028728e-01	2.7074623780471295e+01
5.8000084072148117e-01	2.9579577020219912e+01
5.8400416070733152e-01	2.5902315398011442e+01
5.8800669527821581e-01	2.7598353646574445e+01
5.9200850368023172e-01	2.5098579446377975e+01
5.9600991814921833e-01	2.4475908567745321e+01
6.0000011788505470e-01	2.6960777020456419e+01
6.0400294044762293e-01	2.4624706599154639e+01
6.0800704245361836e-01	2.7877279590963777e+01
6.1200077002071918e-01	2.5775061567537335e+01
6.1600835527238862e-01	2.6046814613008753e+01
6.2000357830789066e-01	2.9358539144315369e+01
6.2401195202375359e-01	2.5403302238278929e+01
6.2800995626039113e-01	3.1861540205343569e+01
6.3200905178166067e-01	2.7045019764261092e+01
6.3600765688091243e-01	3.2704677975050821e+01
6.4000626464273491e-01	3.0196922531205715e+01
6.4400401932714213e-01	3.1262973477259528e+01
6.4800071588557140e-01	3.0533211286571753e+01
6.5200859894407881e-01	3.0577661505410447e+01
6.5600239395206017e-01	3.0916669482209254e+01
6.6000778684375161e-01	3.0000713570483757e+01
6.6400179214412325e-01	3.2554024662045741e+01
6.6800852360015794e-01	3.5059894785890549e+01
6.7200265645829671e-01	3.3955893559770026e+01
6.7600745144398922e-01	2.9485639208639725e+01
6.8001097769504260e-01	3.3240884827171691e+01
6.8400010038293435e-01	3.2279408749502863e+01
6.8801180083814939e-01	3.6107903398704053e+01
6.9200982812693446e-01	3.7071992315196326e+01
6.9600588718201239e-01	3.2294951860189911e+01
7.0001159241862576e-01	4.1008951905265121e+01
7.0400390754394793e-01	4.3948922581395614e+01
7.0800724723078123e-01	4.0701541917893508e+01
7.1200946642799101e-01	4.2342400592580638e+01
7.1601119381271405e-01	4.1197631368074966e+01
7.2000100016902324e-01	3.7497408697102202e+01
7.2400093483315286e-01	4.2480438003768292e+01
7.2801070877212937e-01	4.5349339561471027e+01
7.3200557448199022e-01	4.4629474068939423e+01
7.3601095205459111e-01	5.1065588950528117e+01
7.4000416498770683e-01	5.0477789837205655e+01
7.4400995934623393e-01	5.1526643967979602e+01
7.4800174003527453e-01	5.2014974545758001e+01
7.5200687504619068e-01	5.0609826838613060e+01
7.5600015997421810e-01	4.8947221869418222e+01
7.6000496996822087e-01	4.6861500985329670e+01
7.6400661500004841e-01	5.1292953019954297e+01
7.6800562514956250e-01	4.8097940202186201e+01
7.7200263726807239e-01	4.9800755617450548e+01
7.7601149016408977e-01	5.2666530409866425e+01
7.8000845857700363e-01	4.5775327498655194e+01
7.8400479099868670e-01	5.2293385164779664e+01
7.8800222298494438e-01	5.6820873808150331e+01
7.9200167029064672e-01	5.8076629493815545e+01
7.9600352290473597e-01	5.4964002396113017e+01
8.0000365007649354e-01	5.5346210780429395e+01
8.0400159069871802e-01	5.3618718029440572e+01
8.0801008496146776e-01	4.9072248737954823e+01
8.1200499673850401e-01	4.9624724598248292e+01
8.1601085610007973e-01	5.2519016337273477e+01
8.2000155628655458e-01	5.6155367218664665e+01
8.2400121994574094e-01	5.6493332611985721e+01
8.2801027078337441e-01	5.3008622666207174e+01
8.3200622953730508e-01	5.0291837055109589e+01
8.3600817705332908e-01	5.4372462802663122e+01
8.4000161058836953e-01	5.3707578612900036e+01
8.4400986581618764e-01	4.8993790936298993e+01
8.4800886477266935e-01	5.1863089448374737e+01
8.5200914889220736e-01	5.3908818430755311e+01
8.5600906277259436e-01	5.4275918341126840e+01
8.6000512907565918e-01	5.2012535923120851e+01
8.6400124455772920e-01	6.1682526047004160e+01
8.6800038685190584e-01	5.9643336103636820e+01
8.7200158693371688e-01	5.9729875706828558e+01
8.7600273238733084e-01	7.2601652521657968e+01
8.8000372221159284e-01	6.3728961555314399e+01
8.8400414444608377e-01	7.0076225812666877e+01
8.8800016997972131e-01	6.9881973698248629e+01
8.9200524776808243e-01	6.2454162811273676e+01
8.9600694848826723e-01	6.2994445393738658e+01
9.0000622098740679e-01	5.9579687660777523e+01
9.0400665414283032e-01	5.2349759723269287e+01
9.0800814983492817e-01	6.0259737567648969e+01
9.1200910096266496e-01	6.0954132329715229e+01
9.1600934917316723e-01	5.6476471338394788e+01
9.2000442074021505e-01	6.1949686097967891e+01
9.2400618922685285e-01	6.0581361990290667e+01
9.2800603304974327e-01	5.6928232529482386e+01
9.3200851635364967e-01	5.6734434329247570e+01
9.3601060993429541e-01	5.8257909857728464e+01
9.4000079820385229e-01	5.9758191178309239e+01
9.4400632537712226e-01	5.9470317645584871e+01
9.4800372228570784e-01	6.1873023032537894e+01
9.5200814779549914e-01	6.3446750310007978e+01
9.5600616844598796e-01	6.2623348082797619e+01
9.6000289035449116e-01	5.9997239363704324e+01
9.6400929639328592e-01	6.8490861458813981e+01
9.6800128065832658e-01	7.7975333376436382e+01
9.7200291756097335e-01	8.4374795274417465e+01
9.7601096621900185e-01	8.6211202213950543e+01
9.8000295429866746e-01	8.4112219431328938e+01
9.8400412553613215e-01	7.9473637347372261e+01
9.8800437689340415e-01	7.3957390911379150e+01
9.9200583500989781e-01	7.0706948346902422e+01
9.9601081075930609e-01	6.8621160614090115e+01
1.0000063133281443e+00	6.6429569034402320e+01
1.0040008841177406e+00	6.1394897107954009e+01
1.0080077952973849e+00	6.3966676765896089e+01
1.0120036197127380e+00	5.7211865586904125e+01
1.0160000413341312e+00	5.7943210744056906e+01
1.0200104593161343e+00	7.0002234960195040e+01
1.0240096839289730e+00	7.6018454965484139e+01
1.0280089962961225e+00	6.6565009217651522e+01
1.0320055812510847e+00	7.6239976249648535e+01
1.0360076842751982e+00	7.8328315790261826e+01
1.0400043391720988e+00	7.6741265320296378e+01
1.0440075664390558e+00	7.1040029082780705e+01
1.0480113343247928e+00	8.0321683342139366e+01
1.0520035338662084e+00	8.9173899641294838e+01
1.0560079598371139e+00	8.9498365378071824e+01
1.0600095369639857e+00	9.7614525323397004e+01
1.0640087861177094e+00	9.8887440707208185e+01
1.0680068638819167e+00	8.8160171822021951e+01
1.0720035273394590e+00	7.0666670187858159e+01
1.0760115960245413e+00	7.0467894211517162e+01
1.0800087636371853e+00	7.2519785494033187e+01
1.0840074114691380e+00	7.0563729762946437e+01
1.0880073074587269e+00	6.9883838268213466e+01
1.0920079417528088e+00	7.0992360456918760e+01
1.0960116772241231e+00	7.3901907450314994e+01
1.1000061311362619e+00	7.1877209052686098e+01
1.1040067563216820e+00	8.2353367388666044e+01
1.1080099065660689e+00	7.5519259132452859e+01
1.1120071062210253e+00	8.4562756394381395e+01
1.1160020165015978e+00	8.8459374613428480e+01
1.1200061076358354e+00	8.8528343550666605e+01
1.1240088089309672e+00	8.7906805685516233e+01
1.1280025968560463e+00	8.9605246533684010e+01
1.1320022066777484e+00	7.7515162056341751e+01
1.1360113177245359e+00	8.6070753562818723e+01
1.1400102875796945e+00	7.0407889565015907e+01
1.1440094912051630e+00	7.3000051333567328e+01
1.1480068674589470e+00	7.2311004825791400e+01
1.1520006750424649e+00	7.2906808906189582e+01
1.1560066359833239e+00	7.5263554612456119e+01
1.1600021679103865e+00	7.0048196969497326e+01
1.1640011474792042e+00	7.0771499152287163e+01
1.1680106654673215e+00	7.3670307238277701e+01
1.1720061121313963e+00	8.3312336723614891e+01
1.1760017147275161e+00	7.9454067360150589e+01
1.1800087419807372e+00	6.6588911152551276e+01
1.1840051220836481e+00	6.8862650295222821e+01
1.1880031639235618e+00	7.3371567656660261e+01
1.1920013199402284e+00	5.8746666949035259e+01
1.1960093295504171e+00	7.4063067895015635e+01
1.2000048890197685e+00	6.9748165754788630e+01
1.2040023509342082e+00	6.1740908452733173e+01
1.2080034674396782e+00	7.2318871783846220e+01
1.2120104323326855e+00	7.0001319194212286e+01
1.2160093868551127e+00	7.5838046168358574e+01
1.2200091119466523e+00	8.2989538858099223e+01
1.2240105197167348e+00	7.8438839495227185e+01
1.2280112320589212e+00	8.9374144760590795e+01
1.2320085846944318e+00	9.3403106876876436e+01
1.2360066182944405e+00	1.0106215287169596e+02
1.2400084109164620e+00	9.0302303095345550e+01
1.2440120798610537e+00	9.6989735198902579e+01
1.2480025173006397e+00	8.7687525282250704e+01
1.2520050675992906e+00	7.9662777834455639e+01
1.2560028198555586e+00	9.1877305812149132e+01
1.2600084337834243e+00	8.2689195981425883e+01
1.2640111820146653e+00	8.1655032807127711e+01
1.2680008039213588e+00	8.3468075086826914e+01
1.2720007170703294e+00	8.0112940165114821e+01
1.2760085129742982e+00	7.9700198300753684e+01
1.2800022045446542e+00	7.8121431343941140e+01
1.2840101577595371e+00	7.5313610053429088e+01
1.2880087465509436e+00	7.3749100114439827e+01
1.2920032839856976e+00	7.9288625474646807e+01
1.2960048420201649e+00	8.1735649039517298e+01
1.3000023720255249e+00	8.4648834023320362e+01
1.3040075122281980e+00	8.4126173102546119e+01
1.3080002270859385e+00	9.6339711979788731e+01
1.3120027110074617e+00	9.1496241680468884e+01
1.3160057634704618e+00	7.9440457640633795e+01
1.3200088932479663e+00	8.0179597448272560e+01
1.3240039090174405e+00	8.2997556486237656e+01
1.3280041926102626e+00	7.4930657843840237e+01
1.3320083261063214e+00	8.2757497345036697e+01
1.3360117207282107e+00	8.5014636004965595e+01
1.3400116208700770e+00	8.4356504197120771e+01
1.3440108074889809e+00	9.1597386787179204e+01
1.3480094788725032e+00	8.9544813512302440e+01
1.3520044431131524e+00	1.0110910413223422e+02
1.3560093756470042e+00	9.2332317092632863e+01
1.3600009962979900e+00	8.8877419156603025e+01
1.3640008155451782e+00	1.0107521784382521e+02
1.3680020587243358e+00	1.0021187955136588e+02
1.3720079042954323e+00	8.1918408525063143e+01
1.3760088469472875e+00	8.0094322967908539e+01
1.3800020215090498e+00	7.5155070099535720e+01
1.3840097799330835e+00	9.0222826679010169e+01
1.3880064299857890e+00	8.9529632355439190e+01
1.3920034389213356e+00	8.9944731490060036e+01
1.3960081492327476e+00	8.6074009494791383e+01
1.4000036886204992e+00	8.0143280654292099e+01
1.4040006657672570e+00	8.2504629624805361e+01
1.4080025760174777e+00	8.3936427031217704e+01
1.4120019367921051e+00	7.7067588751467085e+01
1.4160027183899924e+00	8.8697206579124071e+01
1.4200063498077131e+00	8.5596666727203683e+01
1.4240118229300285e+00	8.8377229308079976e+01
1.4280067817845201e+00	8.6580308299807612e+01
1.4320039850788502e+00	8.4490735275894949e+01
1.4360010049559189e+00	8.4136198494746651e+01
1.4400081288990367e+00	8.3092479198203947e+01
1.4440033933949314e+00	9.6944164904938901e+01
1.4480003085084459e+00	9.0970940242980461e+01
1.4520001577554462e+00	9.0223583669553449e+01
1.4560035319646669e+00	9.4558242040525315e+01
1.4600117167046420e+00	1.0069479597851091e+02
1.4640027324729343e+00	1.0921967830359378e+02
1.4680033359900502e+00	1.1179427558851135e+02
1.4720113453889436e+00	1.0023855472167453e+02
1.4760022489683688e+00	1.0152315401082456e+02
1.4800015633506032e+00	1.0138995501790006e+02
1.4840020652401522e+00	1.0727605263793399e+02
1.4880077144480155e+00	9.9580231746837356e+01
1.4920106988545097e+00	9.8611803202908391e+01
1.4960088135972196e+00	9.5950098274839078e+01
1.5000066220453807e+00	9.7997009113762559e+01
1.5040054132215448e+00	9.3139948463835850e+01
1.5080053215377434e+00	1.0170509417107995e+02
1.5120047411537831e+00	1.0593160348737058e+02
1.5160075079340385e+00	1.0195902342992889e+02
1.5200025209810395e+00	1.0038181202263922e+02
1.5240056000185926e+00	1.0620332062866106e+02
1.5280082220200584e+00	1.0507014655086628e+02
1.5320032333015998e+00	1.0036969321610357e+02
1.5360004521481960e+00	9.5051090910015134e+01
1.5400076418324715e+00	9.3955107567841338e+01
1.5440066030528252e+00	8.8294263019860210e+01
1.5480111105980321e+00	8.9777072117772974e+01
1.5520058853766354e+00	8.1954582857822459e+01
1.5560032655658400e+00	7.8459901421611505e+01
1.5600022791622679e+00	8.0330560067301846e+01
1.5640005159162498e+00	8.3153638181471010e+01
1.5680087113904930e+00	8.4017497309519968e+01
1.5720012374885641e+00	8.3407470970527399e+01
1.5760045320671889e+00	8.1287846725344394e+01
1.5800092816811246e+00	7.8262711524684505e+01
1.5840031144001341e+00	8.3265779395618353e+01
1.5880086099129100e+00	8.0040412277554537e+01
1.5920005189594206e+00	7.8694440200338917e+01
1.5960060133896858e+00	8.2258568958027340e+01
1.6000089336141317e+00	8.3831215967082599e+01
1.6040094267932758e+00	8.7714679981329724e+01
1.6080092080072550e+00	8.6958516351804676e+01
1.6120066831068713e+00	8.9302918024147459e+01
1.6160008392287395e+00	8.5667346786922508e+01
1.6200052701330674e+00	8.1574564851710335e+01
1.6240118236194012e+00	7.3959756378674413e+01
1.6280092895434082e+00	7.7883313452640195e+01
1.6320068867962001e+00	7.2316119412739312e+01
1.6360005548337995e+00	7.9911631477233996e+01
1.6400039458576083e+00	7.5820404154516169e+01
1.6440042765027385e+00	8.3564582889174346e+01
1.6480031288875348e+00	7.8899623395446227e+01
1.6520040666451032e+00	9.6333504744189625e+01
1.6560118337724252e+00	9.6643418182715948e+01
1.6600059251581019e+00	9.9598399598305065e+01
1.6640030084808610e+00	9.1019351810728040e+01
1.6680084206012571e+00	9.8491098790832410e+01
1.6720105816157802e+00	1.1388018622309977e+02
1.6760089583550670e+00	9.4490418513871887e+01
1.6800047541725174e+00	8.3319646987170799e+01
1.6840001170688630e+00	8.9423830250626935e+01
1.6880104137608376e+00	8.5028667235003113e+01
1.6920091602412863e+00	8.1553282402509922e+01
1.6960042505927635e+00	8.2580847861697336e+01
1.7000072750232553e+00	8.6196648127956806e+01
1.7040063596961048e+00	8.9891117925333816e+01
1.7080013484786436e+00	9.1597677106648149e+01
1.7120054178059807e+00	9.1713315068537426e+01
1.7160096312568272e+00	9.0393467217593908e+01
1.7200048101496335e+00	8.7579776679492994e+01
1.7240064835057201e+00	9.2476807459554664e+01
1.7280102564819511e+00	8.0487321132511255e+01
1.7320090204003311e+00	9.9320649880751162e+01
1.7360057274388709e+00	9.7496736583695650e+01
1.7400005294974217e+00	8.0474772486322635e+01
1.7440085010523712e+00	1.1825719629490671e+02
1.7480067799467800e+00	8.9133250959894539e+01
1.7520082159631916e+00	8.6291134409870068e+01
1.7560099371584614e+00	8.9974658335495761e+01
1.7600027756275398e+00	7.9478685586695008e+01
1.7640119533631902e+00	8.7624448606043288e+01
1.7680044298515574e+00	7.3581586228623152e+01
1.7720064592588347e+00	9.3427991179421539e+01
1.7760100939572465e+00	9.4588217742510921e+01
1.7800011041262465e+00	7.5299468134854280e+01
1.7840112719178334e+00	7.8083465910913375e+01
1.7880062360747382e+00	7.7460843436482790e+01
1.7920086534873942e+00	8.5885863490482635e+01
1.7960094076413511e+00	8.6768967951242374e+01
1.8000082937066466e+00	9.2701898202517711e+01
1.8040077713896305e+00	8.7230795359739176e+01
1.8080081574003735e+00	7.5315904260180545e+01
1.8120108377146114e+00	8.3022507515039081e+01
1.8160038002441388e+00	7.9411372627621247e+01
1.8200034283417521e+00	8.1317202062995420e+01
1.8240112661549415e+00	7.7968429416508457e+01
1.8280091087915631e+00	8.1324321249366776e+01
1.8320040315805732e+00	8.2426820284999948e+01
1.8360086706950436e+00	8.0770110842882360e+01
1.8400002756438154e+00	7.4393075365393202e+01
1.8440021955423878e+00	7.2309022903304751e+01
1.8480015448597018e+00	7.8998486786786870e+01
1.8520100741442234e+00	7.9376039495416435e+01
1.8560050252313829e+00	8.0342231622696403e+01
1.8600007543053616e+00	8.4908688280108009e+01
1.8640102958845615e+00	7.8666426235783021e+01
1.8680070860165525e+00	8.9334032158653187e+01
1.8720053681835760e+00	8.8414837129502345e+01
1.8760084340722907e+00	9.3997792015257787e+01
1.8800034246734401e+00	6.9951948733459957e+01
1.8840014156841893e+00	8.4014178474780991e+01
1.8880102854979433e+00	9.3421708286059982e+01
1.8920060593472154e+00	9.9799209697077643e+01
1.8960035073603516e+00	9.4470157624507692e+01
1.9000023890919939e+00	8.4061051330533047e+01
1.9040073090527079e+00	9.3877383532013425e+01
1.9080061473582057e+00	9.8939325704159884e+01
1.9120008430720112e+00	1.0016233034017884e+02
1.9160060328968727e+00	9.5704008114384052e+01
1.9200116034957120e+00	8.6370902919055254e+01
1.9240069835527165e+00	8.0600530647772231e+01
1.9280035548110641e+00	8.3240953765469541e+01
1.9320105039948807e+00	9.4199561952135440e+01
1.9360037094654949e+00	8.2131370854152678e+01
1.9400080855447173e+00	7.4685972641675590e+01
1.9440000428702036e+00	8.5611294300443959e+01
1.9480062450845246e+00	8.8993907007785168e+01
1.9520053065834413e+00	7.7306415260006816e+01
1.9560069598379477e+00	8.6655328507011518e+01
1.9600009874901339e+00	8.6197571885149117e+01
1.9640081936410210e+00	7.7357730241508406e+01
1.9680048349852690e+00	8.3491709787002009e+01
1.9720043513672187e+00	8.3810039950158952e+01
1.9760051811333907e+00	8.9317403383506985e+01
1.9800045649635476e+00	8.0408581410812147e+01
1.9840061353163443e+00	8.5473462047656994e+01
1.9880083620669884e+00	7.7448388985438825e+01
1.9920077089348600e+00	8.4013575871151673e+01
1.9960051260731531e+00	7.7470025325902569e+01
2.0000110663834834e+00	8.0937807064642882e+01
2.0040003428661537e+00	1.0107623671458461e+02
2.0080054556283069e+00	1.0645167674244605e+02
2.0120010263193970e+00	8.7676085820762552e+01
2.0160019929603474e+00	7.4476828765254254e+01
2.0200075950253900e+00	9.0331199115390419e+01
2.0240017940298003e+00	7.3532427419355741e+01
2.0280077451352425e+00	8.0528660641122656e+01
2.0320075192289728e+00	8.2510037135681188e+01
2.0360090019547803e+00	8.0101423501296338e+01
2.0400111703234058e+00	9.2552633374053030e+01
2.0440046912394085e+00	9.0680792134416407e+01
2.0480028311784837e+00	7.6419017516125891e+01
2.0520115526394256e+00	9.1462566722441522e+01
2.0560066504707586e+00	9.2315913537925994e+01
2.0600027282178814e+00	7.9920623052951441e+01
2.0640025661031740e+00	8.7196910677961384e+01
2.0680043191805053e+00	1.0190456481270118e+02
2.0720033158936610e+00	8.6121639523935215e+01
2.0760104217605262e+00	9.2691300570382722e+01
2.0800021617775259e+00	9.2750361541024020e+01
2.0840039658965983e+00	1.0158093265912487e+02
2.0880050797397560e+00	9.8710737455678199e+01
2.0920075120834660e+00	1.1782104886990541e+02
2.0960017905010897e+00	1.2950458258526410e+02
2.1000109169591097e+00	9.4478629443748304e+01
2.1040061208178749e+00	9.9351819410601777e+01
2.1080088170667466e+00	1.0427760379707408e+02
2.1120101830832829e+00	9.2400489789205267e+01
2.1160090217663048e+00	8.1232567154206421e+01
2.1200021828815254e+00	9.2859963175780692e+01
2.1240012320414223e+00	8.7925868049810461e+01
2.1280083286124749e+00	9.1958911121088363e+01
2.1320004117205813e+00	8.6986292161030462e+01
2.1360065509023531e+00	9.4654886500189036e+01
2.1400028114449068e+00	8.4013122197278392e+01
2.1440105910549949e+00	9.2100308009027884e+01
2.1480077855269570e+00	9.4533506183101935e+01
2.1520086771689835e+00	1.0837495345132176e+02
2.1560021036312804e+00	1.2371685535307584e+02
2.1600057926453200e+00	1.1663314283626001e+02
2.1640072495047233e+00	1.2680170881766708e+02
2.1680072931965140e+00	1.0909856915617502e+02
2.1720087218908706e+00	9.7354756515819204e+01
2.1760004926548588e+00	1.1328322223817993e+02
2.1800091786703044e+00	8.1583742915657922e+01
2.1840117636090479e+00	1.0144177097221396e+02
2.1880055842386126e+00	8.9296068924510962e+01
2.1920017389701072e+00	9.0520758068741230e+01
2.1960093332338531e+00	9.3676346743084139e+01
2.2000051232022741e+00	9.9321900253105113e+01
2.2040104570597912e+00	8.8298450529475630e+01
2.2080026056618922e+00	8.7119248088906076e+01
2.2120055950737725e+00	9.0536034922923704e+01
2.2160090220169817e+00	8.7984212010260777e+01
2.2200008723540106e+00	8.7540253483905246e+01
2.2240011412665011e+00	8.2624243482167472e+01
2.2280103435298715e+00	8.5102070592770332e+01
2.2320064716224155e+00	9.1003572930960857e+01
2.2360099455109399e+00	8.0184483510279208e+01
2.2400102261745722e+00	8.4012445236241902e+01
2.2440096998239816e+00	8.8532480254500470e+01
2.2480105270291992e+00	8.7418621153001965e+01
2.2520016349326353e+00	8.5143331402801607e+01
2.2560086113951745e+00	8.6077586875550494e+01
2.2600083890997871e+00	8.2615554853338608e+01
2.2640008242594223e+00	8.5630387389144062e+01
2.2680057582410686e+00	8.8589148344573317e+01
2.2720055401021302e+00	8.7760645965078254e+01
2.2760001272356765e+00	8.8259285091559207e+01
2.2800040046667966e+00	8.8465665946878133e+01
2.2840098702851650e+00	8.2646380160487865e+01
2.2880021817719651e+00	9.1325298445972678e+01
2.2920045958588813e+00	9.5377089137104079e+01
2.2960046636056761e+00	8.7247866628305701e+01
2.3000029072059154e+00	9.4816035790716938e+01
2.3040062544411457e+00	8.4588943181488247e+01
2.3080040118462262e+00	1.0895547777339905e+02
2.3120079276248289e+00	9.6696724085059302e+01
2.3160116499213013e+00	1.0407048340941824e+02
2.3200008987663883e+00	1.0207264731643400e+02
2.3240015425773040e+00	9.7533463431286364e+01
2.3280116663820127e+00	8.4014858683115079e+01
2.3320106524506015e+00	9.5222434660930375e+01
2.3360075484015321e+00	8.3446712064984794e+01
2.3400015695140262e+00	8.8770030268563318e+01
2.3440026804422209e+00	1.0419492842608587e+02
2.3480097052124309e+00	9.5995917332132450e+01
2.3520025408009664e+00	1.0281302203568832e+02
2.3560030981358873e+00	1.1623699882131780e+02
2.3600019762772639e+00	1.0275077695684246e+02
2.3640025299909095e+00	8.5004357416404218e+01
2.3680080243282844e+00	8.2014334513694081e+01
2.3720003015729976e+00	8.4641720991985679e+01
2.3760043692528763e+00	9.3432857798540724e+01
2.3800000587046117e+00	9.3017295165892705e+01
2.3840025119565373e+00	9.0412185796114912e+01
2.3880109161576191e+00	9.0489165682572377e+01
2.3920033053109777e+00	9.6800048281913803e+01
2.3960090873768221e+00	1.0102015054918708e+02
2.4000083255230211e+00	1.0290501134436789e+02
2.4040008643564743e+00	1.0053695374154321e+02
2.4080026672057304e+00	9.5083755223056215e+01
2.4120075134992431e+00	8.8311992731513200e+01
2.4160046009141292e+00	9.6334457987681859e+01
2.4200105353350319e+00	1.0182858231456771e+02
2.4240045984767056e+00	9.4014929217912240e+01
2.4280058011621839e+00	8.5666873366557965e+01
2.4320037441969480e+00	9.6678002457395692e+01
2.4360103999366594e+00	9.9096064579369852e+01
2.4400022448596337e+00	9.1927560883335545e+01
2.4440050787383383e+00	1.0551080316706069e+02
2.4480002433098522e+00	1.0610342152470024e+02
2.4520060110389590e+00	1.1259155237995643e+02
2.4560004657188346e+00	1.2474375412457712e+02
2.4600106966838116e+00	1.0137316997228314e+02
2.4640003288680674e+00	1.1855846078779291e+02
2.4680070965352630e+00	8.6729143132312004e+01
2.4720082698198227e+00	1.0916019542296398e+02
2.4760035510925928e+00	8.7540541141277743e+01
2.4800055494539448e+00	1.0373676599324268e+02
2.4840059940602779e+00	1.0450213189484576e+02
2.4880070646968804e+00	9.1868463067984635e+01
2.4920018492291582e+00	9.9795515303162830e+01
2.4960115002680721e+00	8.7340661832687843e+01
2.5000093669259997e+00	8.1803886029412382e+01
2.5040118997004317e+00	8.5580276778903496e+01
2.5080073886504066e+00	9.5100584809889469e+01
2.5120118466836519e+00	9.2327379955655076e+01
2.5160026174954373e+00	1.0864308363469971e+02
2.5200053070915289e+00	1.1598115263160291e+02
2.5240077713047877e+00	9.9946451073554556e+01
2.5280070268142465e+00	1.0023053754554400e+02
2.5320025258390406e+00	1.0063579274328097e+02
2.5360100401953591e+00	9.0097838447644193e+01
2.5400087505628082e+00	1.0712659442235143e+02
2.5440042720680625e+00	1.0079030035555192e+02
2.5480036421511714e+00	8.8847471293666786e+01
2.5520101705967551e+00	1.0507524209436984e+02
2.5560046994128509e+00	1.0670876767822118e+02
2.5600118054397889e+00	1.0213340063213641e+02
2.5640056611928510e+00	9.2271515234263987e+01
2.5680028311624494e+00	9.1281903006564121e+01
2.5720048708987351e+00	9.8907349810621980e+01
2.5760061354691555e+00	1.0617860588400913e+02
2.5800006911880700e+00	1.0589106476453107e+02
2.5840013992155360e+00	1.0398866179167378e+02
2.5880018466756032e+00	1.0399723074816613e+02
2.5920007379939181e+00	1.1763654978617791e+02
2.5960075154660092e+00	1.3163440236466920e+02
2.6000107846329339e+00	1.3229375940757390e+02
2.6040001480877080e+00	1.1182155185229682e+02
2.6080006925578525e+00	1.0392694903800822e+02
2.6120005018369263e+00	1.0168615180401264e+02
2.6160118461412858e+00	1.0438726765645235e+02
2.6200117378328618e+00	9.3488893628522248e+01
2.6240003515465311e+00	8.8922311663299169e+01
2.6280017455514062e+00	8.4807315056557101e+01
2.6320051342641646e+00	8.7559413425412771e+01
2.6360098005799157e+00	8.2309015098422435e+01
2.6400095499616252e+00	9.9245376597117556e+01
2.6440055452409417e+00	9.1950540706211243e+01
2.6480063253390109e+00	9.3848247128991574e+01
2.6520010036909247e+00	9.8423566885717051e+01
2.6560053533304400e+00	9.3013904001870145e+01
2.6600081635262574e+00	9.2405944730644933e+01
2.6640003261834768e+00	1.0216964085459669e+02
2.6680101747931952e+00	1.1230328030281754e+02
2.6720056526919804e+00	9.7403716166492643e+01
2.6760024256393558e+00	1.0606911495017518e+02
2.6800106835148809e+00	1.1510088915007012e+02
2.6840094455313408e+00	1.1067610018071824e+02
2.6880001907927005e+00	9.7394170614353271e+01
2.6920041176849172e+00	1.0905366198666869e+02
2.6960093388886732e+00	1.3996123652561778e+02
2.7000119282753618e+00	1.4333627637823821e+02
2.7040094689421945e+00	1.1007724515734274e+02
2.7080064630148275e+00	1.2900606692034739e+02
2.7120021164833159e+00	1.3699684014118679e+02
2.7160094915195652e+00	1.2547340789335608e+02
2.7200099666328925e+00	9.3683425710461421e+01
2.7240097905926142e+00	1.2684441808974495e+02
2.7280051059123380e+00	1.2577893653843053e+02
2.7320076053218751e+00	1.0334403309189474e+02
2.7360045327987774e+00	1.3047707520955441e+02
2.7400102103438324e+00	9.4870300626395533e+01
2.7440031402695402e+00	1.1526837706298545e+02
2.7480078397332321e+00	1.1117020261465613e+02
2.7520014692798926e+00	8.8816931513381164e+01
2.7560105373261576e+00	8.3035298214986170e+01
2.7600116771824807e+00	7.9152259823034839e+01
2.7640054496478919e+00	8.9986890248280091e+01
2.7680035315545162e+00	7.6355794548413527e+01
2.7720076276126400e+00	8.1745706914167670e+01
2.7760061654354882e+00	8.7421734934363613e+01
2.7800001107358079e+00	9.3331014103890993e+01
2.7840008193873689e+00	8.2778825491636368e+01
2.7880010355025573e+00	9.0140822408585407e+01
2.7920039099269331e+00	8.5909497881267470e+01
2.7960074459289408e+00	8.8309041045657082e+01
2.8000006449784300e+00	1.0601415607808066e+02
2.8040098387475436e+00	1.1712407086280892e+02
2.8080116540377769e+00	1.1835255963775359e+02
2.8120054712876539e+00	1.0485734092254521e+02
2.8160112992529469e+00	8.9736349580060605e+01
2.8200007156675464e+00	1.0275595526917238e+02
2.8240062033655811e+00	1.0317662953983232e+02
2.8280041271730192e+00	1.0043091523795641e+02
2.8320013390558483e+00	8.7988515191351212e+01
2.8360083808482832e+00	1.0828654869953188e+02
2.8400020109484352e+00	1.1643604170430977e+02
2.8440066148697607e+00	9.6823827575891343e+01
2.8480069211255286e+00	1.1243533002810256e+02
2.8520037292834219e+00	1.3354184163950242e+02
2.8560112880538950e+00	1.1967255034421979e+02
2.8600089641034354e+00	1.0159064469749727e+02
2.8640046463626843e+00	1.2450060128268845e+02
2.8680107296359179e+00	1.3346259209566767e+02
2.8720024364556580e+00	1.0726759630858145e+02
2.8760052258743647e+00	9.1518542283847665e+01
2.8800110637425869e+00	9.3389586184850529e+01
2.8840000282411036e+00	9.9097439340939644e+01
2.8880060351970105e+00	1.0617069091625511e+02
2.8920093631457133e+00	1.0939539586507891e+02
2.8960036605698765e+00	1.0850594510410053e+02
2.9000033652053232e+00	1.0389525869955442e+02
2.9040102825086627e+00	9.5339008171327791e+01
2.9080034148633338e+00	9.1923937486462847e+01
2.9120052094158138e+00	9.9796422748866675e+01
2.9160089903092548e+00	1.0132380795490877e+02
2.9200027368425081e+00	9.7650087442110831e+01
2.9240087749280712e+00	9.9624011429422978e+01
2.9280022157580334e+00	9.2807716454051842e+01
2.9320006980341717e+00	9.3184675230213443e+01
2.9360055588978864e+00	9.8897257618645042e+01
2.9400057630984353e+00	1.0783635369253746e+02
2.9440036520157697e+00	1.1144159009328746e+02
2.9480086169400233e+00	1.2203447281404605e+02
2.9520095738357117e+00	1.2318797532490544e+02
2.9560096661107100e+00	1.2698486708577198e+02
2.9600103144382830e+00	1.5183092694003244e+02
2.9640092029902134e+00	1.4551982690600957e+02
2.9680075254504947e+00	1.3739527334510831e+02
2.9720089938410599e+00	1.6820095242839486e+02
2.9760103183484601e+00	1.5738579839650853e+02
2.9800104032336461e+00	1.5136093083772082e+02
2.9840106103881086e+00	1.7454023487314993e+02
2.9880103083995273e+00	1.7917459748267069e+02
2.9920080085292069e+00	1.6025424428662194e+02
2.9960037128721848e+00	1.6975697196550601e+02
3.0000094354060716e+00	1.4882907620779380e+02
3.0040017177414131e+00	1.3760903574951033e+02
3.0080062924771411e+00	1.4599916799617046e+02
3.0120097153460192e+00	1.3462032033154310e+02
3.0160109602145106e+00	1.0964202966533065e+02
3.0200116863468773e+00	1.1689413554582315e+02
3.0240105194068532e+00	1.1757063739323648e+02
3.0280109520197080e+00	1.1218167843195526e+02
3.0320015114646957e+00	1.0207408156964547e+02
3.0360091369309150e+00	9.5383587381058916e+01
3.0400115190419679e+00	9.6809452285645492e+01
3.0440088669680816e+00	9.1277110422768871e+01
3.0480049191270284e+00	9.3726907500896132e+01
3.0520023123189426e+00	8.4258787096647552e+01
3.0560112379634057e+00	8.8131130844538447e+01
3.0600015150698150e+00	8.8020800099456594e+01
3.0640092628140669e+00	9.3949211793460535e+01
3.0680028488604036e+00	1.0378224162504866e+02
3.0720053911659622e+00	1.0088203585160799e+02
3.0760075367826696e+00	9.2686156887684504e+01
3.0800110537447694e+00	8.2455601247585420e+01
3.0840008635133582e+00	8.3217820707727896e+01
3.0880117813282255e+00	8.4309391502735778e+01
3.0920089818612952e+00	1.0820822039870127e+02
3.0960097667944040e+00	8.4072330567042172e+01
3.1000107696875583e+00	9.2945977138715790e+01
3.1040014038333319e+00	1.0190103907666024e+02
3.1080004509030341e+00	9.3488632135794489e+01
3.1120087161731096e+00	9.0966636419676661e+01
3.1160026613077192e+00	1.0642086700190301e+02
3.1200075672872618e+00	8.9774379789016436e+01
3.1240014583533307e+00	9.9153077073009428e+01
3.1280062503788493e+00	8.8564358482318340e+01
3.1320102682258537e+00	1.0027562209371911e+02
3.1360021692190254e+00	1.0763319518053243e+02
3.1400062773562367e+00	9.5917435678934794e+01
3.1440114420732064e+00	1.0407715235602363e+02
3.1480063786192547e+00	1.1096549137655109e+02
3.1520063818699509e+00	1.1042485534664972e+02
3.1560073969113209e+00	1.0802433707954725e+02
3.1600042366471759e+00	1.1033579151560043e+02
3.1640105765132316e+00	9.4801942361519934e+01
3.1680079975030502e+00	1.1358259118517445e+02
3.1720018727958443e+00	1.1719775767544604e+02
3.1760001062452452e+00	1.0448174636515245e+02
3.1800099618624622e+00	1.1398075132019756e+02
3.1840070257210020e+00	9.7884237653258651e+01
3.1880058673521106e+00	9.4996490801095376e+01
3.1920039357843319e+00	9.6157724909951966e+01
3.1960108405575665e+00	9.9486523900630587e+01
3.2000030353615028e+00	9.2614244167540051e+01
3.2040077222668195e+00	9.2960819631039499e+01
3.2080031508483406e+00	1.0221024531362865e+02
3.2120098823997920e+00	9.0058966890543644e+01
3.2160033791250888e+00	9.4796635288915198e+01
3.2200116618260930e+00	9.4102299793968896e+01
3.2240107553590911e+00	9.2444588022324467e+01
3.2280073326774303e+00	9.2709102926389647e+01
3.2320012759127028e+00	9.1166446507366103e+01
3.2360053426340487e+00	9.0039347251946140e+01
3.2400069635821365e+00	8.7473854715498376e+01
3.2440076736380066e+00	8.8505502544435657e+01
3.2480101356753956e+00	7.8007759985904798e+01
3.2520084246921668e+00	1.0816787962472040e+02
3.2560111935834479e+00	9.9133455070400188e+01
3.2600075006421618e+00	8.7119175438372480e+01
3.2640097680349918e+00	8.7840397675783876e+01
3.2680015386398114e+00	8.6404327996707408e+01
3.2720116380346860e+00	8.3319515039440560e+01
3.2760041420036878e+00	8.3482018971767260e+01
3.2800027308071895e+00	8.2292122992336402e+01
3.2840027540396157e+00	1.0362069016694026e+02
3.2880040908864521e+00	1.0286478005344945e+02
3.2920112729257074e+00	9.1005082424453093e+01
3.2960094722925812e+00	8.4402798876234982e+01
3.3000001518353694e+00	8.5231107760925298e+01
3.3040088848794187e+00	7.9195696837595847e+01
3.3080046134826366e+00	8.0485344504550639e+01
3.3120035580323153e+00	8.2602621366959013e+01
3.3160075755013789e+00	8.5857617246690140e+01
3.3200046781523675e+00	8.0281422833605959e+01
3.3240019976804431e+00	8.3376463258014226e+01
3.3280009281901299e+00	8.4331785184755930e+01
3.3320017100251649e+00	9.0377770651385987e+01
3.3360097883699682e+00	8.1658196056576287e+01
3.3400051085595650e+00	8.8398474448321707e+01
3.3440020230137386e+00	9.3138783682001801e+01
3.3480084358198234e+00	8.0955243044313363e+01
3.3520105655916783e+00	8.4944098332507309e+01
3.3560108954050456e+00	7.9346083826063477e+01
3.3600078976133299e+00	8.4790268804165223e+01
3.3640026114370376e+00	8.3239452486060813e+01
3.3680109835935568e+00	8.5341583402694226e+01
3.3720116647407514e+00	9.1389627413365076e+01
3.3760105106865619e+00	1.0149142473531722e+02
3.3800002585209361e+00	9.8142218139346483e+01
3.3840055931028052e+00	9.9089974621126046e+01
3.3880041700295900e+00	1.0567962403200681e+02
3.3920006122815209e+00	9.4302135167440909e+01
3.3960107595090641e+00	1.0951053294952101e+02
3.4000087362490214e+00	1.1665841385364158e+02
3.4040093142805041e+00	9.9856495411983857e+01
3.4080036939264660e+00	9.4091197710629572e+01
3.4120003331084066e+00	1.0906108366291178e+02
3.4160027107548552e+00	9.8906416904375916e+01
3.4200012966820066e+00	8.4806527479739486e+01
3.4240106431847974e+00	9.1568048155157896e+01
3.4280062107178502e+00	9.0393109732946073e+01
3.4320109699921226e+00	9.8944580383526556e+01
3.4360032606192261e+00	8.4057754715426171e+01
3.4400111289585813e+00	8.9470324321550422e+01
3.4440099993000275e+00	8.3829655891559725e+01
3.4480117522839779e+00	1.0018318572096720e+02
3.4520066350742855e+00	8.2340974847833081e+01
3.4560016112996830e+00	1.0780903989180842e+02
3.4600050391337214e+00	1.0078478290066056e+02
3.4640056406850972e+00	1.0321303435403810e+02
3.4680028576392417e+00	9.3561529897580314e+01
3.4720083281241561e+00	9.6795942917367597e+01
3.4760014052688146e+00	1.1318009438210976e+02
3.4800100961238329e+00	9.5445553200489286e+01
3.4840112615422583e+00	1.0863440011386638e+02
3.4880084075041018e+00	9.8684318298935779e+01
3.4920102158165247e+00	1.1019822196557686e+02
3.4960075294010582e+00	1.2034761131640221e+02
3.5000039201923876e+00	1.4317105122075054e+02
3.5040022317691806e+00	1.2304215599533707e+02
3.5080033475513899e+00	1.2325332047123763e+02
3.5120008122766198e+00	1.0465711362466109e+02
3.5160064326011571e+00	9.6462665205651803e+01
3.5200093624804003e+00	1.0049767355318671e+02
3.5240070046048437e+00	1.0759376108421186e+02
3.5280108175504274e+00	9.8773827867233976e+01
3.5320095717124871e+00	9.5614140152056862e+01
3.5360004022210263e+00	1.1412597590794357e+02
3.5400043947551865e+00	1.1767026823890839e+02
3.5440053072076121e+00	9.3632970723474699e+01
3.5480058570138922e+00	1.1239438540016401e+02
3.5520051549904608e+00	1.0818656549556015e+02
3.5560109276693499e+00	1.0817413260062561e+02
3.5600111715253413e+00	1.1405485511173856e+02
3.5640037765826942e+00	1.1355447426315294e+02
3.5680027706000197e+00	1.0774608696708064e+02
3.5720115328777711e+00	1.1171140541552076e+02
3.5760009594432076e+00	1.1184322094014703e+02
3.5800043512245301e+00	1.2277988039949035e+02
3.5840012195929187e+00	1.3697260937958401e+02
3.5880107729698252e+00	1.1077338342430716e+02
3.5920005722679096e+00	1.0975463201645992e+02
3.5960003904418172e+00	1.2729604184620540e+02
3.6000097379382301e+00	1.1354161936293831e+02
3.6040051834199298e+00	1.1354239529846124e+02
3.6080009283953753e+00	8.9108254216521203e+01
3.6120004487251287e+00	1.2389755981770713e+02
3.6160064002562948e+00	1.0297452891485653e+02
3.6200042087048208e+00	1.1399361570639000e+02
3.6240041606450424e+00	1.0843962186164437e+02
3.6280070442124019e+00	1.0639554257748365e+02
3.6320113228762398e+00	1.1210135673099376e+02
3.6360105626874137e+00	1.2017268039352648e+02
3.6400066153144617e+00	1.0105894176507324e+02
3.6440015427628705e+00	1.1400999366929855e+02
3.6480108415036661e+00	1.1846806273274478e+02
3.6520002474156330e+00	1.0063614286050856e+02
3.6560057413339537e+00	1.0558202700644600e+02
3.6600049514195212e+00	1.0933478409049540e+02
3.6640041643891967e+00	9.9760023757275974e+01
3.6680023376125286e+00	9.6542507096954239e+01
3.6720015737320693e+00	9.9636365423419733e+01
3.6760045772612444e+00	1.0214215387536929e+02
3.6800052020106238e+00	1.0895190460717149e+02
3.6840042164467981e+00	1.0812761238300968e+02
3.6880030698462898e+00	1.1682254626323359e+02
3.6920031482758700e+00	9.8521430670862088e+01
3.6960097831485719e+00	1.1223695230048399e+02
3.7000041705681852e+00	1.0794915047255168e+02
3.7040061274288618e+00	9.9589708275011233e+01
3.7080088172508505e+00	1.0023164708659806e+02
3.7120033632765472e+00	9.8263352574801274e+01
3.7160064425492330e+00	1.0015663043608949e+02
3.7200086663447700e+00	9.2004621590103710e+01
3.7240019267117170e+00	1.0017355795742040e+02
3.7280077839608090e+00	1.0098541083671903e+02
3.7320080807498401e+00	9.7815543279498499e+01
3.7360068691839903e+00	9.7965563625201526e+01
3.7400078120925677e+00	1.1060433636936934e+02
3.7440086445129204e+00	1.0070780594022649e+02
3.7480027789999890e+00	1.0349881153128051e+02
3.7520019462361831e+00	1.1741876882343232e+02
3.7560008987888085e+00	1.1260277793167452e+02
3.7600100964306424e+00	1.4587702502211536e+02
3.7640067571408728e+00	1.2521928747952563e+02
3.7680038191017213e+00	1.3293769415697753e+02
3.7720030246474656e+00	9.7349900035210780e+01
3.7760084738355948e+00	1.1301323966842610e+02
3.7800004973397732e+00	9.8482552649259603e+01
3.7840069687146998e+00	1.1726110456877798e+02
3.7880051368172585e+00	1.0765456638039628e+02
3.7920025979630356e+00	1.0469425419454276e+02
3.7960111632218316e+00	9.1953268125252876e+01
3.8000082353332765e+00	9.4707813772944732e+01
3.8040056765370065e+00	9.5854064063851780e+01
3.8080084220970583e+00	9.2871785208594929e+01
3.8120083648768164e+00	8.8482110651635594e+01
3.8160065789276798e+00	9.1829840921543152e+01
3.8200042962467844e+00	9.1593764613906558e+01
3.8240024781315056e+00	9.1688085323997015e+01
3.8280016797858902e+00	9.3248876209893211e+01
3.8320013034069103e+00	8.9517236042692986e+01
3.8360019117380499e+00	9.4652571400793107e+01
3.8400052851531443e+00	9.0767524710728566e+01
3.8440004064792705e+00	9.2372086761685651e+01
3.8480034391661913e+00	8.5519922246411838e+01
3.8520003970033669e+00	9.7633245086777094e+01
3.8560031929803684e+00	9.8818125901333488e+01
3.8600013852398405e+00	9.5439903598037489e+01
3.8640096194888427e+00	1.0045171891229904e+02
3.8680024596067639e+00	9.2959283079840276e+01
3.8720079257856845e+00	9.0336045433968437e+01
3.8760043212724660e+00	8.6332605683554448e+01
3.8800069005170816e+00	9.2856604922617990e+01
3.8840025800881048e+00	9.4987324682264543e+01
3.8880015170711486e+00	1.0445937028703916e+02
3.8920042315694401e+00	1.0738466144223229e+02
3.8960063076035891e+00	1.0597901665449497e+02
3.9000071390789408e+00	1.1749262971610921e+02
3.9040045011533939e+00	9.5190339695694590e+01
3.9080118183174610e+00	1.0811738111992592e+02
3.9120046269462980e+00	8.9136345376322197e+01
3.9160069887658850e+00	9.5952650767011605e+01
3.9200075443440592e+00	9.0099833184812539e+01
3.9240046394218986e+00	8.8972804805539582e+01
3.9280000774698101e+00	8.8507929832340906e+01
3.9320060210501757e+00	9.0793572330663267e+01
3.9360075922973881e+00	9.8975212628036346e+01
3.9400078392208142e+00	9.5859509411484950e+01
3.9440037527674066e+00	9.3965280513355680e+01
3.9480095827316468e+00	9.9136802872588888e+01
3.9520045071968810e+00	9.9599331729546137e+01
3.9560006401613550e+00	1.0515648498082294e+02
3.9600100894680037e+00	9.6681449094867162e+01
3.9640100639930567e+00	1.0971283156312381e+02
3.9680008594201222e+00	8.9463211174999913e+01
3.9720053946857696e+00	9.1398119394744612e+01
3.9760031428317051e+00	1.1943011483486734e+02
3.9800006908285281e+00	1.0166562392955605e+02
3.9840051413453299e+00	1.0377243795955440e+02
3.9880002395792351e+00	9.7776604945903500e+01
3.9920079326275761e+00	9.0270472545253597e+01
3.9960112990112617e+00	1.1639892130440948e+02
4.0000013512832169e+00	9.8527076627159758e+01
4.0040025107012935e+00	1.1447281520936811e+02
4.0080001653338782e+00	1.0348008845507316e+02
4.0120078302034043e+00	1.0265618712962134e+02
4.0160027201771920e+00	1.1107719865064753e+02
4.0200047251483699e+00	9.4739854771676335e+01
4.0240045904401978e+00	1.1034418867105634e+02
4.0280065889930476e+00	1.1878571669266633e+02
4.0320000651977024e+00	1.0934529855493886e+02
4.0360050441564459e+00	1.0827640587699503e+02
4.0400083479189846e+00	1.2153379025468766e+02
4.0440105558563797e+00	1.2117223856312587e+02
4.0480007300145564e+00	1.0845088384396648e+02
4.0520047685000620e+00	9.1170037034167692e+01
4.0560007293527498e+00	9.6081761982372470e+01
4.0600096463267539e+00	9.6755257223973771e+01
4.0640060511307956e+00	1.0401709977587223e+02
4.0680113588201712e+00	1.0647630409905095e+02
4.0720020670657755e+00	1.1120698329462894e+02
4.0760060556493150e+00	1.1951289014314766e+02
4.0800034453794503e+00	1.0023473516821507e+02
4.0840075147075048e+00	9.9150031234704841e+01
4.0880044113958247e+00	1.1267498282311114e+02
4.0920092974833198e+00	1.1739379682000097e+02
4.0960114815887012e+00	9.8974355653848122e+01
4.1000116690093744e+00	1.0465859634641930e+02
4.1040103180155683e+00	1.0414371749919387e+02
4.1080098265229790e+00	9.5452218728361643e+01
4.1120000857581385e+00	9.2221546437954274e+01
4.1160071431843805e+00	9.3841498943842424e+01
4.1200088852747543e+00	9.3493979810511263e+01
4.1240050812150502e+00	9.1697681668071070e+01
4.1280013671454121e+00	9.0656595951882139e+01
4.1320106169159221e+00	9.6044815207726472e+01
4.1360116085117333e+00	1.0593923935453083e+02
4.1400044149043822e+00	9.0606586595241282e+01
4.1440118577404643e+00	1.0655271399036674e+02
4.1480095057050530e+00	9.8887512009362510e+01
4.1520095908112395e+00	1.0765804839159439e+02
4.1560077334917258e+00	1.0853650095873004e+02
4.1600115865880953e+00	1.1332856393098670e+02
4.1640099520855163e+00	1.1297544512966016e+02
4.1680015604909757e+00	1.1852008736385123e+02
4.1720099144751286e+00	1.1880190920113776e+02
4.1760038731000515e+00	1.2400515365149464e+02
4.1800095076030992e+00	1.0809211400725633e+02
4.1840039840760390e+00	1.2626482464919086e+02
4.1880054730149556e+00	1.0843900577866495e+02
4.1920051470909492e+00	1.0835757529843261e+02
4.1960052172567535e+00	1.1868632263344102e+02
4.2000057890009748e+00	1.0001267239092762e+02
4.2040078888003940e+00	1.1668553869162014e+02
4.2080110988662494e+00	1.0393002759281261e+02
4.2120028153979758e+00	1.0590301090989878e+02
4.2160073414044739e+00	1.1698614574960665e+02
4.2200119635980560e+00	1.1762947656022342e+02
4.2240116116737889e+00	1.0504391217519924e+02
4.2280049169966185e+00	1.1609055173854271e+02
4.2320061869580083e+00	1.1259025965139605e+02
4.2360078989292607e+00	1.1887048536064069e+02
4.2400089586181142e+00	1.1487756339153063e+02
4.2440090306625473e+00	1.2541608354192819e+02
4.2480109904222365e+00	1.0182046507021774e+02
4.2520099513210834e+00	1.3123195610102425e+02
4.2560089376000256e+00	1.4801728278907171e+02
4.2600099395403719e+00	1.3474976373604653e+02
4.2640061995470564e+00	1.2382502020750479e+02
4.2680051974443263e+00	1.1002710259213183e+02
4.2720000720079625e+00	1.2159102867825436e+02
4.2760061140107890e+00	1.0814356161938065e+02
4.2800118181919435e+00	1.1291962707473957e+02
4.2840087428758906e+00	1.0879984110532588e+02
4.2880078363786076e+00	1.4184619740740749e+02
4.2920089829393184e+00	1.5547971554476436e+02
4.2960002324588880e+00	1.4255065107246591e+02
4.3000075856081228e+00	1.6682262043522897e+02
4.3040038613359384e+00	1.7457015101851198e+02
4.3080002738605740e+00	1.6972095081681803e+02
4.3120094776682203e+00	1.6000127082996255e+02
4.3160079146972743e+00	1.4624270819813722e+02
4.3200084417288043e+00	1.2793910942864814e+02
4.3240118376123355e+00	1.2541343824206972e+02
4.3280106848384685e+00	1.2498202623665281e+02
4.3320086662522534e+00	1.2370822616465387e+02
4.3360051177153087e+00	1.2725598523730048e+02
4.3400011815559472e+00	1.2213481146079999e+02
4.3440109212483238e+00	1.2951891804389578e+02
4.3480075689230011e+00	1.4089826753436594e+02
4.3520017262068418e+00	1.4345850793345500e+02
4.3560057762076161e+00	1.3790687872471389e+02
4.3600093835925140e+00	1.2728411771037041e+02
4.3640003000623278e+00	1.2063809152126704e+02
4.3680109878866720e+00	1.2787613961605952e+02
4.3720057554225855e+00	1.3348325622926293e+02
4.3760107286296712e+00	1.3424885807597843e+02
4.3800044968659320e+00	1.2757076679380053e+02
4.3840043382464184e+00	1.2257986098208464e+02
4.3880111338108696e+00	1.1571584859681056e+02
4.3920090058424686e+00	1.0793276401251276e+02
4.3960071092371500e+00	1.0225222218943810e+02
4.4000067013489073e+00	1.1230200061453317e+02
4.4040053828035379e+00	1.2605466907210649e+02
4.4080049223049906e+00	9.2302485915138803e+01
4.4120008753287268e+00	8.9011587095876479e+01
4.4160042684796776e+00	8.1486889376502859e+01
4.4200031730742841e+00	8.9896510490328993e+01
4.4240095264283550e+00	8.7790755605192260e+01
4.4280013064416375e+00	8.6618909638748434e+01
4.4320004392096335e+00	1.0390102116936364e+02
4.4360042176067749e+00	9.8794084994445555e+01
4.4400034016889212e+00	9.7949378592334511e+01
4.4440004947943104e+00	1.1047816993570474e+02
4.4480092564825462e+00	1.0288399453399924e+02
4.4520070390485076e+00	9.2315226910636554e+01
4.4560118900731940e+00	9.1102460104002731e+01
4.4600032005659145e+00	9.6922969796139270e+01
4.4640057512553142e+00	9.5753200573677191e+01
4.4680044769642473e+00	9.1548906982577606e+01
4.4720002852783747e+00	8.1781482398992281e+01
4.4760065683091748e+00	8.9486741505816468e+01
4.4800043307833519e+00	8.9113071592113243e+01
4.4840067771381227e+00	8.4460655154798658e+01
4.4880031579444477e+00	8.5159923955571614e+01
4.4920045977505048e+00	8.1128634155584535e+01
4.4960072008677292e+00	8.0239096616110530e+01
4.5000016391940809e+00	8.7501241570127689e+01
4.5040107006934118e+00	8.6964830712092095e+01
4.5080045961100979e+00	8.5045345125167799e+01
4.5120081629900293e+00	8.7329056758534705e+01
4.5160116591472477e+00	8.8286392094916934e+01
4.5200024137454289e+00	8.1951039428895143e+01
4.5240015462144347e+00	8.2599531199699484e+01
4.5280078164918267e+00	8.9200097037206021e+01
4.5320107929049573e+00	8.7299427951767143e+01
4.5360110756022962e+00	8.6425941860610280e+01
4.5400115834651196e+00	7.9216626556951326e+01
4.5440008333742643e+00	8.4388453044009268e+01
4.5480006035358818e+00	7.6205642559185023e+01
4.5520099156094966e+00	7.6141394622853781e+01
4.5560027646080945e+00	7.9093382719908675e+01
4.5600041737815031e+00	8.0682909418310061e+01
4.5640034305515718e+00	7.7534066678548712e+01
4.5680029613949609e+00	8.2707226147084512e+01
4.5720001844656881e+00	9.2005526180229793e+01
4.5760060874714679e+00	8.6227716811997851e+01
4.5800004630668170e+00	8.4678022527955164e+01
4.5840105427417921e+00	9.6422739601132790e+01
4.5880023805553014e+00	9.3491825564305074e+01
4.5920077217154525e+00	1.0663415933154570e+02
4.5960019533982575e+00	9.7701650502185927e+01
4.6000093990772442e+00	9.6912877502523827e+01
4.6040082323541682e+00	1.4025053816504473e+02
4.6080101189968641e+00	1.5516385602953710e+02
4.6120015025612009e+00	1.1095357165542733e+02
4.6160038251173603e+00	1.0539679679232867e+02
4.6200065541927922e+00	9.4228126222684807e+01
4.6240102459881385e+00	9.6374511076300053e+01
4.6280047552604451e+00	9.0105598703144423e+01
4.6320042309742604e+00	1.0364934315145251e+02
4.6360029610126814e+00	8.4441041703235555e+01
4.6400087933942462e+00	9.8523580520559975e+01
4.6440020869838641e+00	1.0101470854127571e+02
4.6480105739706383e+00	7.7147997959751024e+01
4.6520100435619867e+00	9.7112971517488418e+01
4.6560101344129947e+00	9.2200207439874887e+01
4.6600113802646339e+00	9.9182559053764209e+01
4.6640014743204254e+00	9.5111449980675317e+01
4.6680023446365810e+00	9.0214872040594855e+01
4.6720029672793677e+00	8.9146742220250147e+01
4.6760057113628894e+00	8.6487707576175595e+01
4.6800107689897539e+00	8.9213515563177907e+01
4.6840027152862405e+00	8.7347496596389192e+01
4.6880096482333338e+00	9.3523240580834198e+01
4.6920082104883090e+00	9.0024089360892930e+01
4.6960105791588012e+00	9.5187697947775064e+01
4.7000013013361910e+00	8.4891959781285948e+01
4.7040034487096172e+00	8.9111100331738712e+01
4.7080044823860154e+00	9.9901906717059930e+01
4.7120049510564295e+00	1.0974927247021047e+02
4.7160054711412629e+00	1.1812784917207246e+02
4.7200080099333359e+00	1.2450785145770243e+02
4.7240090312315974e+00	1.0968662837086906e+02
4.7280069980985173e+00	1.0520707018058165e+02
4.7320031240524001e+00	1.1489374002997330e+02
4.7360110979252070e+00	1.0705368735509849e+02
4.7400064942318183e+00	1.1047955641779782e+02
4.7440098784964810e+00	9.2681804655891355e+01
4.7480091488313825e+00	9.8649461062761702e+01
4.7520056276725233e+00	1.0200048338972024e+02
4.7560005395132618e+00	1.1553904964199708e+02
4.7600057252305579e+00	1.0656742018242434e+02
4.7640073245742638e+00	9.4570305468044751e+01
4.7680086094959364e+00	9.9691186967705690e+01
4.7720117019593635e+00	9.3348325964546206e+01
4.7760062341372018e+00	1.0976538680667477e+02
4.7800006813049229e+00	1.2058255970798021e+02
4.7840002657835949e+00	1.1159632368293941e+02
4.7880053630825969e+00	1.1043941129497600e+02
4.7920009432816340e+00	1.2094785359537933e+02
4.7960049717191016e+00	1.0813625835505493e+02
4.8000082578647847e+00	9.2634856687843012e+01
4.8040114674799819e+00	9.4605483636620519e+01
4.8080024018211258e+00	1.0280073693821842e+02
4.8120064583475495e+00	1.0612182702412885e+02
4.8160001475051608e+00	1.0307839257498559e+02
4.8200076073645368e+00	1.0030996161177204e+02
4.8240019350392771e+00	1.0590622849478140e+02
4.8280109782899396e+00	1.0801731460941045e+02
4.8320095522286035e+00	1.0600895250417855e+02
4.8360080587078906e+00	1.0335834465614617e+02
4.8400039720461505e+00	1.0408286506759359e+02
4.8440083504720626e+00	1.0257255767445405e+02
4.8480093868470107e+00	1.0237640923440067e+02
4.8520093306623782e+00	1.1286001829828623e+02
4.8560055353554805e+00	1.1663317512814908e+02
4.8600007926710767e+00	1.1200299207145852e+02
4.8640037241120515e+00	1.0002561642899641e+02
4.8680065083651547e+00	1.0924592336451207e+02
4.8720091334151423e+00	1.1818547015411153e+02
4.8760116265832396e+00	1.1617657707141875e+02
4.8800102939100762e+00	1.0724971819729583e+02
4.8840106824640133e+00	1.0387390411419790e+02
4.8880060814787356e+00	1.1822783074443582e+02
4.8920024895007428e+00	1.1820501969342241e+02
4.8960084198471492e+00	1.1087135860149739e+02
4.9000101232342121e+00	1.0249369400642257e+02
4.9040056671369916e+00	1.1755602623277935e+02
4.9080099302233036e+00	1.1493448845435701e+02
4.9120012731977702e+00	1.0927043787310444e+02
4.9160022603541842e+00	1.1535587459022859e+02
4.9200020137957230e+00	1.1807184145502083e+02
4.9240015686885563e+00	1.1486449973471866e+02
4.9280019817603025e+00	1.0683358037708659e+02
4.9320038855523212e+00	8.7949057866987573e+01
4.9360054555185107e+00	1.0756564761398788e+02
4.9400058640164595e+00	1.1873579158243980e+02
4.9440055821340474e+00	1.1823921360192817e+02
4.9480055979658593e+00	1.0821393958638465e+02
4.9520072016207619e+00	1.1668301236187914e+02
4.9560114262225889e+00	1.2834152799237688e+02
4.9600075117270510e+00	1.1379082702664448e+02
4.9640055948411730e+00	1.1322069782851355e+02
4.9680061417285195e+00	1.1134432511786747e+02
4.9720061536400495e+00	1.1130127406243170e+02
4.9760085197464052e+00	1.0950852445363783e+02
4.9800037276542852e+00	1.0920449006367772e+02
4.9840085355031443e+00	1.0856619689581389e+02
4.9880021280193203e+00	1.0734954977096626e+02
4.9920101184696621e+00	1.0510960311296081e+02
4.9960002451889398e+00	1.0914284377277623e+02
5.0000093621148149e+00	1.1474729240204586e+02
5.0040003735295260e+00	1.0552939223776046e+02
5.0080075480435831e+00	1.1152031706681308e+02
5.0120009024474310e+00	9.3486291425568993e+01
5.0160024498352023e+00	9.6384419460027942e+01
5.0200010820767673e+00	9.3354018612475343e+01
5.0240109167961187e+00	9.2131873603226751e+01
5.0280022527543125e+00	8.9806668241626696e+01
5.0320115658899462e+00	1.0064555207634547e+02
5.0360084812824750e+00	9.0542825636408296e+01
5.0400038799968847e+00	9.1785463440295345e+01
5.0440100577604925e+00	1.0019885628510528e+02
5.0480045819712984e+00	9.4441089590388643e+01
5.0520007764078754e+00	1.0224767513548468e+02
5.0560026380500158e+00	9.4117067945261837e+01
5.0600068669697613e+00	1.0826232687347348e+02
5.0640119243944435e+00	1.3819734055484770e+02
5.0680063078048132e+00	1.3217292378968395e+02
5.0720006068204748e+00	1.1701250689347413e+02
5.0760053066088009e+00	1.1217854622352354e+02
5.0800087319733587e+00	1.2353161862496560e+02
5.0840109545629666e+00	1.0616752724021316e+02
5.0880000038177373e+00	1.2799842354470472e+02
5.0920083997468453e+00	1.1596561894956240e+02
5.0960031079372659e+00	1.2641067447108965e+02
5.1000000660663884e+00	1.1527372256253088e+02
5.1040056090999562e+00	1.1891899909649567e+02
5.1080007022327072e+00	1.2640885623876569e+02
5.1120040617425149e+00	9.7717523493185951e+01
5.1160041897446487e+00	1.1974072208521788e+02
5.1200021620252549e+00	1.1129080350634709e+02
5.1240085965189861e+00	1.0167697945149710e+02
5.1280095676934323e+00	9.8228464554339013e+01
5.1320012775800379e+00	1.0874118454620616e+02
5.1360054773480295e+00	9.5487782440054303e+01
5.1400097255234511e+00	9.8706770642393636e+01
5.1440042189237261e+00	9.9418908573873011e+01
5.1480099314953591e+00	8.8917601935858187e+01
5.1520076173281870e+00	8.9977797323742777e+01
5.1560084114212890e+00	8.9026490029471489e+01
5.1600021117816253e+00	9.8197961722515231e+01
5.1640082746656653e+00	8.7297218894501526e+01
5.1680079543988491e+00	1.0820103551009593e+02
5.1720117495966509e+00	1.0824432050216038e+02
5.1760094660424754e+00	9.8848120333847788e+01
5.1800090006479165e+00	9.4563293441854242e+01
5.1840035445682213e+00	8.4102509733958698e+01
5.1880072481485255e+00	9.0109244148929861e+01
5.1920065135456674e+00	8.5782733517194472e+01
5.1960028279088544e+00	9.1191114631585521e+01
5.2000113194582163e+00	9.2572448864640648e+01
5.2040018637029872e+00	8.7740763368281733e+01
5.2080078339033440e+00	8.5716430139722135e+01
5.2120056298087345e+00	8.6281150104506708e+01
5.2160096906172084e+00	8.9203666861088251e+01
5.2200080390589108e+00	8.8123227019331196e+01
5.2240012758480905e+00	8.9995709800178503e+01
5.2280019424494242e+00	1.0724861529279663e+02
5.2320103770448556e+00	1.0927526686088719e+02
5.2360025754009580e+00	9.3689088759857029e+01
5.2400035837747332e+00	9.5832663998144369e+01
5.2440042314773514e+00	9.3062647357785849e+01
5.2480062639453910e+00	9.2101045453973470e+01
5.2520063982846343e+00	8.6102506771969047e+01
5.2560029459561237e+00	8.7526638006134590e+01
5.2600089664803935e+00	9.3344285948773958e+01
5.2640005078592962e+00	8.2460539040249159e+01
5.2680059289270327e+00	9.0939109492380297e+01
5.2720025102792931e+00	9.6787940646780484e+01
5.2760039585711196e+00	1.0557931508438556e+02
5.2800060362665020e+00	1.2139502763987142e+02
5.2840028881468442e+00	1.0728546560979234e+02
5.2880041334129357e+00	8.6462322544981220e+01
5.2920079684956765e+00	9.0229908779658345e+01
5.2960012893818540e+00	8.0824963776916846e+01
5.3000078191270346e+00	9.0460701654822941e+01
5.3040116391379977e+00	9.1682343455690855e+01
5.3080024231935612e+00	1.0284146977524495e+02
5.3120051375955466e+00	1.1007556547339178e+02
5.3160038513097287e+00	1.1417406047246800e+02
5.3200018786163046e+00	1.1447735060313647e+02
5.3240059213560809e+00	1.1129762905238613e+02
5.3280026710427428e+00	1.1321353968159350e+02
5.3320085656467198e+00	1.2261032891981434e+02
5.3360115998301598e+00	1.2693425086955087e+02
5.3400016344460726e+00	1.2769763623722626e+02
5.3440081336043717e+00	1.3975419390756539e+02
5.3480095810939252e+00	1.4894934626411239e+02
5.3520029158708819e+00	1.3699357572924700e+02
5.3560029393105379e+00	1.1677432857891317e+02
5.3600002199187911e+00	1.1470326183266208e+02
5.3640114692167034e+00	9.5130941367315799e+01
5.3680004179968286e+00	1.0626600667301986e+02
5.3720044207760278e+00	9.2410115497027135e+01
5.3760072391420861e+00	9.6301719919291884e+01
5.3800023484298514e+00	9.9371019680665540e+01
5.3840025334215182e+00	9.8965919790543651e+01
5.3880054575481440e+00	9.9438050554046654e+01
5.3920086111631402e+00	8.8813828927399101e+01
5.3960091530557159e+00	9.7994052218107583e+01
5.4000112650107361e+00	9.6872526984658890e+01
5.4040100643974887e+00	1.0608492472932753e+02
5.4080106219465565e+00	1.0237190077849912e+02
5.4120007568768695e+00	9.3801179262425606e+01
5.4160073812007976e+00	9.6649919663248639e+01
5.4200088860647577e+00	9.5714818244485400e+01
5.4240057020876113e+00	1.0247739473808974e+02
5.4280108702423950e+00	9.9858424581975257e+01
5.4320053905338064e+00	9.8650608197346969e+01
5.4360068316462158e+00	9.9688841819531547e+01
5.4400108294990908e+00	1.1262050429936167e+02
5.4440103179916761e+00	1.2304942182274817e+02
5.4480114106105226e+00	1.2766368579094203e+02
5.4520103474215214e+00	1.2128500650661904e+02
5.4560070838216053e+00	9.9838557212148643e+01
5.4600059380308084e+00	1.0055500723164947e+02
5.4640039845764701e+00	9.7794044435708628e+01
5.4680001904141369e+00	9.3266036325944029e+01
5.4720070933206495e+00	9.7433296646965971e+01
5.4760019273258553e+00	9.6879580648397763e+01
5.4800079403145219e+00	1.0231163974141728e+02
5.4840011578724228e+00	9.8840563985847055e+01
5.4880056945141096e+00	1.0765521744205569e+02
5.4920101515851236e+00	1.0325475098242619e+02
5.4960024380883770e+00	9.7054347035742623e+01
5.5000074968258819e+00	1.0419646786682964e+02
5.5040014636131698e+00	1.0120691767850911e+02
5.5080051688287819e+00	9.4407938968075143e+01
5.5120087065084755e+00	9.6736304366300843e+01
5.5160096260247622e+00	9.1506713058900118e+01
5.5200029953696230e+00	9.3801030535532220e+01
5.5240029192702975e+00	1.0015018359378746e+02
5.5280001510757026e+00	1.1638165496688669e+02
5.5320113180996051e+00	1.0883200140291430e+02
5.5360039195825133e+00	9.1710365024829017e+01
5.5400017770258021e+00	1.0535494846999801e+02
5.5440095861346297e+00	9.2154788396742475e+01
5.5480079064647470e+00	8.9971157622657046e+01
5.5520094824375672e+00	8.9709686880572875e+01
5.5560032183923971e+00	9.2556202088074016e+01
5.5600078258687100e+00	9.1318659039016694e+01
5.5640088944646786e+00	8.8695768249189783e+01
5.5680081398137036e+00	8.5466311314330483e+01
5.5720054851473479e+00	8.5806232528024168e+01
5.5760108389693297e+00	9.2628034898921044e+01
5.5800008132620738e+00	8.8824227953606069e+01
5.5840015930713394e+00	8.2091755009281243e+01
5.5880031803945203e+00	9.2339119728863153e+01
5.5920053438842654e+00	8.4839561480947921e+01
5.5960077067590586e+00	9.0146513563445424e+01
5.6000116039761219e+00	8.7409872119390471e+01
5.6040050954513987e+00	9.3794154292946885e+01
5.6080104933989583e+00	9.3461644369137403e+01
5.6120024661439851e+00	8.8920634147259250e+01
5.6160118721078938e+00	8.5117907316008441e+01
5.6200064106965799e+00	8.9762200343411607e+01
5.6240004974007904e+00	8.9045654291070392e+01
5.6280066481789763e+00	9.3941133912295484e+01
5.6320022357118322e+00	9.3607073684241612e+01
5.6360091334309947e+00	9.5710710747006388e+01
5.6400029647484864e+00	9.6111293925761473e+01
5.6440097680204131e+00	8.7698608389510568e+01
5.6480086504996718e+00	9.1245467568576970e+01
5.6520000006463418e+00	9.7490009552607489e+01
5.6560096956617825e+00	9.2730669103809234e+01
5.6600042611740307e+00	9.7810680012207257e+01
5.6640025538251280e+00	9.4778630626701485e+01
5.6680052530485794e+00	8.9471321940343756e+01
5.6720103153050951e+00	8.2535144017369433e+01
5.6760116019962883e+00	8.8360062158597501e+01
5.6800093068104687e+00	9.6237858294649598e+01
5.6840051255808000e+00	9.8518797269555108e+01
5.6880105718479781e+00	1.0565656440613685e+02
5.6920029841010482e+00	9.9309064866937405e+01
5.6960090090577129e+00	1.2199541346264498e+02
5.7000043128136593e+00	1.2908866018484460e+02
5.7040099002840270e+00	1.1196994869259957e+02
5.7080037804991344e+00	1.0124046685400205e+02
5.7120005590647969e+00	1.3140603577137324e+02
5.7160074398039740e+00	1.1328360135882700e+02
5.7200096888826817e+00	1.4351320958898654e+02
5.7240107061383156e+00	1.3544984382760501e+02
5.7280110967635895e+00	1.2507542417966403e+02
5.7320087734855001e+00	1.1645980498190737e+02
5.7360016547975183e+00	1.0779944300334913e+02
5.7400036747010477e+00	1.2026768383974810e+02
5.7440038841382757e+00	1.2503914097858920e+02
5.7480062403851635e+00	1.2305222930830067e+02
5.7520049488759630e+00	1.2236162387682934e+02
5.7560003893658012e+00	1.2172065372968535e+02
5.7600062060149551e+00	1.0857861634122612e+02
5.7640033014363521e+00	1.1912983381257966e+02
5.7680063844699507e+00	1.3848704674161706e+02
5.7720106650728127e+00	1.4141525785765785e+02
5.7760033985415484e+00	1.2076734433834621e+02
5.7800086984253989e+00	1.0663288227598881e+02
5.7840020432325314e+00	1.3179383736823300e+02
5.7880067672155793e+00	1.3724975648255750e+02
5.7920110775420115e+00	1.1251676317760483e+02
5.7960055364739222e+00	1.1613678633915079e+02
5.8000013117401705e+00	1.3392322161126339e+02
5.8040077752243286e+00	1.1379970116900047e+02
5.8080009533741697e+00	1.3068084692041347e+02
5.8120040678262015e+00	1.3179430223431973e+02
5.8160060568320864e+00	1.1966802041903821e+02
5.8200002577828602e+00	1.2841322078634008e+02
5.8240119126729883e+00	1.1076694507382298e+02
5.8280017038240581e+00	1.3291533698495272e+02
5.8320007589460454e+00	1.1639748436821652e+02
5.8360007245039291e+00	1.2939690882796856e+02
5.8400016464671465e+00	1.0092362417546543e+02
5.8440001541869693e+00	1.1867681484152456e+02
5.8480107431284489e+00	1.0540644002744273e+02
5.8520075246345593e+00	1.0228953266206490e+02
5.8560118745541869e+00	1.1012502360514280e+02
5.8600024366305909e+00	1.0078744484662884e+02
5.8640046958158374e+00	9.3905310966814710e+01
5.8680054448807875e+00	9.9609352644334393e+01
5.8720031536768058e+00	9.0371498307855916e+01
5.8760100429487290e+00	1.0691314057790871e+02
5.8800036003217668e+00	1.0579728162639795e+02
5.8840093286070960e+00	1.0526292159064108e+02
5.8880062867889240e+00	9.3161285996358671e+01
5.8920055803220652e+00	9.7111785226368582e+01
5.8960078863023888e+00	9.5756828739469668e+01
5.9000103814318656e+00	1.0229763690872443e+02
5.9040001310272325e+00	9.1111772368435823e+01
5.9080014864304227e+00	1.0035245422188189e+02
5.9120022970588879e+00	1.0453783553689709e+02
5.9160115478527642e+00	1.0090776189440612e+02
5.9200103082861677e+00	1.0603971484249773e+02
5.9240082649284336e+00	1.0438138645404922e+02
5.9280085347804041e+00	1.0144460541947802e+02
5.9320074266384735e+00	9.7360057544823079e+01
5.9360030974283466e+00	9.4654060886961389e+01
5.9400073984501587e+00	8.6480487712258437e+01
5.9440063197089019e+00	9.5334690448270379e+01
5.9480027591541029e+00	1.0864897039668782e+02
5.9520024130925000e+00	1.2792270487165517e+02
5.9560106512042390e+00	1.0728063225880153e+02
5.9600025626036235e+00	9.5176579297609933e+01
5.9640031091946382e+00	1.0467717801136423e+02
5.9680046106955524e+00	9.7477857408117742e+01
5.9720097198403419e+00	1.0221226631888075e+02
5.9760074949459003e+00	9.5461304337318452e+01
5.9800093305032700e+00	1.0117972410537816e+02
5.9840038805814517e+00	1.0364470562946192e+02
5.9880050406470904e+00	1.2334004672478530e+02
5.9920062894078745e+00	1.1802007821372963e+02
5.9960033805058854e+00	1.3735255990628676e+02
6.0000017149421705e+00	1.3684362684309880e+02
6.0040047767307838e+00	1.1879696517967045e+02
6.0080033298908182e+00	1.5240950063399916e+02
6.0120115954266318e+00	1.1592081872781264e+02
6.0160037116486134e+00	1.3896750957481342e+02
6.0200050098787923e+00	1.3343094628725669e+02
6.0240083277459373e+00	1.0451810758740120e+02
6.0280049505775244e+00	1.3532473738957847e+02
6.0320040527643952e+00	1.2035911905173191e+02
6.0360017731037638e+00	9.6769057764658271e+01
6.0400082921062523e+00	1.0409132205305626e+02
6.0440105650161309e+00	1.1275650233285801e+02
6.0480105718000070e+00	8.7892757607058030e+01
6.0520083648188727e+00	8.3292109951195215e+01
6.0560075653942711e+00	1.0190431800524732e+02
6.0600103423743050e+00	8.5432241715462055e+01
6.0640072521661521e+00	8.7959338676219062e+01
6.0680089797049357e+00	8.9497768176419726e+01
6.0720101430096882e+00	9.5873314238186182e+01
6.0760001717435301e+00	8.8678820622156962e+01
6.0800032841900142e+00	1.1486130891211199e+02
6.0840082429322981e+00	1.0840489520179497e+02
6.0880041229678010e+00	1.2475235475818992e+02
6.0920004505604055e+00	1.0846580654422652e+02
6.0960070728581908e+00	1.1782662790263367e+02
6.1000095369979697e+00	1.2655268533156563e+02
6.1040070557648720e+00	1.1720346185705473e+02
6.1080003343705656e+00	1.1348723325096580e+02
6.1120010888160428e+00	9.4989018918328782e+01
6.1160104635326968e+00	1.1295122930250379e+02
6.1200076055891444e+00	1.1185103088890335e+02
6.1240070075703654e+00	1.1041759669875347e+02
6.1280006223988392e+00	1.1946020703700580e+02
6.1320114598651330e+00	1.1569310590295557e+02
6.1360036019258359e+00	1.3804156320017080e+02
6.1400063029580858e+00	1.1722551269376591e+02
6.1440053222620890e+00	1.5105212534051847e+02
6.1480019412333977e+00	1.3328903168715385e+02
6.1520105776746643e+00	1.2736184926904782e+02
6.1560100191399902e+00	1.4868567664244631e+02
6.1600009987752093e+00	1.3657919639719316e+02
6.1640066714687212e+00	1.1262679701199951e+02
6.1680096840407233e+00	1.3477858343596611e+02
6.1720108055900242e+00	1.4106475312350750e+02
6.1760030899502549e+00	1.3673493352529164e+02
6.1800061913485225e+00	1.4400687550673086e+02
6.1840032790526100e+00	1.5451900246148566e+02
6.1880041748164274e+00	1.4935698498454508e+02
6.1920033200814881e+00	1.3145308327971733e+02
6.1960060767553138e+00	1.4647040728812166e+02
6.2000056416271825e+00	1.5043888710627203e+02
6.2040019049874457e+00	1.4127983867077234e+02
6.2080113428268344e+00	1.2700950403826849e+02
6.2120077936325675e+00	1.4697398309484873e+02
6.2160093079873739e+00	1.5107134720787855e+02
6.2200002664553349e+00	1.3147039524308423e+02
6.2240023315096877e+00	1.5503014799037530e+02
6.2280027791996737e+00	1.4589809297560160e+02
6.2320107321309175e+00	1.4952377430189108e+02
6.2360048031606246e+00	1.5248410199220598e+02
6.2400095557414721e+00	1.4504372396270287e+02
6.2440098921658596e+00	1.5267044298968062e+02
6.2480082948285451e+00	1.4328431022075068e+02
6.2520054213706864e+00	1.4722193371010303e+02
6.2560083998789411e+00	1.4472844022293427e+02
6.2600096909989595e+00	1.3761378944662832e+02
6.2640096604307756e+00	1.5046408679369316e+02
6.2680083116943459e+00	1.2333224497477980e+02
6.2720028078536787e+00	1.5386263867618032e+02
6.2760086253802312e+00	1.2766358057606837e+02
6.2800060410598233e+00	1.3869232673025218e+02
6.2840059239976203e+00	1.2996967788417146e+02
6.2880043662700436e+00	1.2241356568859713e+02
6.2920117960200388e+00	1.2814580206895607e+02
6.2960117365958777e+00	1.3773489908022225e+02
6.3000074382523996e+00	1.1411888736531014e+02
6.3040043054365800e+00	1.1598328278893149e+02
6.3080054718942966e+00	1.1675077000571693e+02
6.3120109666975095e+00	1.0191144931991641e+02
6.3160067628176657e+00	1.1524464573673342e+02
6.3200075338187647e+00	9.4014760220354802e+01
6.3240054427108259e+00	9.8560881614681307e+01
6.3280053171315478e+00	1.0806135273705806e+02
6.3320090717276090e+00	9.8672722109147827e+01
6.3360095331297108e+00	9.5044610185635932e+01
6.3400083802893583e+00	8.6657480427036745e+01
6.3440031990973766e+00	9.2836367629739456e+01
6.3480065280095879e+00	1.0457933105885930e+02
6.3520048087369023e+00	1.0824463406757826e+02
6.3560000935016641e+00	8.7157165132475342e+01
6.3600087508514012e+00	9.5492593397892136e+01
6.3640117850820941e+00	9.5584093798623812e+01
6.3680050498135277e+00	9.2947001960033134e+01
6.3720073392685785e+00	9.2206161788914216e+01
6.3760085825162056e+00	9.6465645197385470e+01
6.3800074072835153e+00	9.5434219938695222e+01
6.3840055311770758e+00	9.5501924959093827e+01
6.3880033730784671e+00	1.0304813835542825e+02
6.3920018088155572e+00	1.0922674983905651e+02
6.3960115728696474e+00	1.0345792505291858e+02
6.4000085869779335e+00	1.0657966018682737e+02
6.4040077544130583e+00	9.6176913533845564e+01
6.4080111210388822e+00	1.0480406920334748e+02
6.4120075150715516e+00	9.3610205942332172e+01
6.4160102379043167e+00	9.4260595879368154e+01
6.4200119797659223e+00	8.7653272461233399e+01
6.4240100917153979e+00	9.3604770372964737e+01
6.4280065602119567e+00	9.9721857570069417e+01
6.4320040017954154e+00	9.4642271619055194e+01
6.4360013869086421e+00	1.0085582168428871e+02
6.4400118811030671e+00	9.4349694249904402e+01
6.4440082839418782e+00	1.0411078539536607e+02
6.4480026085809694e+00	1.0436103365114622e+02
6.4520055386929762e+00	1.0103499238090903e+02
6.4560004821448995e+00	9.3807191651968139e+01
6.4600072870930019e+00	9.9542181606754994e+01
6.4640025489410098e+00	1.0739443621153035e+02
6.4680098770507461e+00	9.8564823709932625e+01
6.4720026010843643e+00	9.9470373184460286e+01
6.4760102727566631e+00	9.4202409859440166e+01
6.4800095489768363e+00	1.0828186687504605e+02
6.4840080834219602e+00	9.4790282436705780e+01
6.4880040214562928e+00	9.7616792586894974e+01
6.4920080521431567e+00	9.0732641875037544e+01
6.4960085035408301e+00	1.0207918164909744e+02
6.5000078080262869e+00	9.2881399614394539e+01
6.5040048757954541e+00	9.7417018733551842e+01
6.5080007027236375e+00	9.8612031411412687e+01
6.5120096076515157e+00	9.6636236575012134e+01
6.5160004461883316e+00	8.7324117079398235e+01
6.5200076682234922e+00	8.9309223450654116e+01
6.5240037343452704e+00	1.0991455785778473e+02
6.5280014579572416e+00	1.0522360476669569e+02
6.5320016609766478e+00	1.1039999251893593e+02
6.5360019499634436e+00	1.0439754974527014e+02
6.5400016735094662e+00	1.0246835750031906e+02
6.5440093923181610e+00	1.2340656152693552e+02
6.5480100057464492e+00	1.0794278531759412e+02
6.5520054016807450e+00	1.0639658952793999e+02
6.5560083204441026e+00	9.4850807450536735e+01
6.5600066304109985e+00	9.7993256853380373e+01
6.5640027766924423e+00	1.0013289403163471e+02
6.5680001352253701e+00	1.0721654251917904e+02
6.5720117270705600e+00	9.4886387081658214e+01
6.5760020664206262e+00	9.2593520537925386e+01
6.5800067601020107e+00	9.0373369275044936e+01
6.5840015993342309e+00	9.0165702781273026e+01
6.5880108233656216e+00	8.7529758135901176e+01
6.5920118594618478e+00	9.1470438869240681e+01
6.5960036521468490e+00	8.6172263455985330e+01
6.6000037935448814e+00	8.5886693491273149e+01
6.6040012154004728e+00	8.8572669346953077e+01
6.6080091604744915e+00	9.4056027944854989e+01
6.6120058815782583e+00	9.8331563928925618e+01
6.6160030990855905e+00	9.4573062808017525e+01
6.6200078563683284e+00	9.5430657101483362e+01
6.6240075138489027e+00	9.0889260845526650e+01
6.6280033325781815e+00	9.0197976678627185e+01
6.6320109570570427e+00	9.8385863395880691e+01
6.6360064237526544e+00	1.1096940642359478e+02
6.6400100544451979e+00	9.4376162793380345e+01
6.6440117618356211e+00	9.5689816584870570e+01
6.6480020697709925e+00	9.9975306104882165e+01
6.6520083391328324e+00	9.0526256333105536e+01
6.6560113158155998e+00	8.9306417785081891e+01
6.6600008485757307e+00	9.4928362731699124e+01
6.6640014055383547e+00	9.5380939867097723e+01
6.6680010809292147e+00	9.0447990803359247e+01
6.6720040603177644e+00	9.1069666710876504e+01
6.6760075794388269e+00	8.8066528171907677e+01
6.6800089860497947e+00	9.5108403938992438e+01
6.6840115818025723e+00	9.3607956019547586e+01
6.6880055549010011e+00	1.1931466807687666e+02
6.6920042059001572e+00	1.1642522161092319e+02
6.6960025425468501e+00	1.1740639300219220e+02
6.7000054879585100e+00	1.2950166541791816e+02
6.7040034787687564e+00	1.3171111022781412e+02
6.7080043206716793e+00	1.1946340130836396e+02
6.7120065817078745e+00	1.2110316586726923e+02
6.7160114867398510e+00	1.1357147269552253e+02
6.7200079684223635e+00	1.0974242020542229e+02
6.7240115660493069e+00	1.0835354099932768e+02
6.7280116315362797e+00	9.3093256316870566e+01
6.7320087932077879e+00	9.3798603617490357e+01
6.7360046452123381e+00	9.0341479620301726e+01
6.7400033947577702e+00	1.0755059370148513e+02
6.7440036045630496e+00	1.1234270009923810e+02
6.7480009549750370e+00	9.7479946231149086e+01
6.7520073416110913e+00	1.0428778779707459e+02
6.7560088184538545e+00	9.1629498371275204e+01
6.7600060477068826e+00	9.4662748303350781e+01
6.7640112404823372e+00	1.0463254327681679e+02
6.7680011874776298e+00	1.0432998062980758e+02
6.7720018327773897e+00	9.7332125119200043e+01
6.7760064942612477e+00	9.7447194494702060e+01
6.7800067497562297e+00	1.0818294444559425e+02
6.7840000285680384e+00	1.0495175376581179e+02
6.7880074114825790e+00	1.0189910557346806e+02
6.7920060948459522e+00	1.0357606142039789e+02
6.7960069126120466e+00	9.5039206872592914e+01
6.8000017823526600e+00	9.7697578301205908e+01
6.8040034354614853e+00	1.4062353643810749e+02
6.8080002400364821e+00	1.3039687252695848e+02
6.8120031399779561e+00	1.1247363396356479e+02
6.8160004693077605e+00	9.0056293595488427e+01
6.8200066997224962e+00	9.5090445447972982e+01
6.8240036135141571e+00	9.9008311143276600e+01
6.8280081866248139e+00	9.7106331787901382e+01
6.8320007837651859e+00	1.1360678484317782e+02
6.8360049599061599e+00	9.7356579760223525e+01
6.8400058306737694e+00	1.0157008651848128e+02
6.8440009166468103e+00	9.3930719864408019e+01
6.8480030455295466e+00	1.0169238673285093e+02
6.8520109621246785e+00	9.2714342817345567e+01
6.8560053833858570e+00	1.1607441637425444e+02
6.8600082525767041e+00	1.1986001571506986e+02
6.8640092270747832e+00	1.0848179320505298e+02
6.8680096509152806e+00	1.1018281604075686e+02
6.8720000791274298e+00	9.4991183179452761e+01
6.8760116951709405e+00	9.7859936879975081e+01
6.8800075229224493e+00	9.7668844959642499e+01
6.8840019791742808e+00	9.6910468259282453e+01
6.8880007077141601e+00	9.1039154472329628e+01
6.8920050932081933e+00	1.0476272766021449e+02
6.8960009182874815e+00	1.1516289271286944e+02
6.9000116522380468e+00	1.0970620305556071e+02
6.9040020944549738e+00	9.5671077463435864e+01
6.9080075363180349e+00	8.4745369523330197e+01
6.9120019515511295e+00	8.6367750794026549e+01
6.9160070297026905e+00	9.3773261644412912e+01
6.9200085654273593e+00	8.3669165161794268e+01
6.9240053932297894e+00	9.9134510436954301e+01
6.9280107716334047e+00	9.7913220688748012e+01
6.9320018554593199e+00	8.8798669483548679e+01
6.9360023598129406e+00	8.8764268795281794e+01
6.9400030929333427e+00	8.9131181288822660e+01
6.9440048164731403e+00	9.1390806756592141e+01
6.9480007314308638e+00	8.6963099264739199e+01
6.9520037948324767e+00	9.9117653694469581e+01
6.9560040145000945e+00	9.1239159206872273e+01
6.9600050972875041e+00	9.0938929802004708e+01
6.9640088443823789e+00	8.8078753201353422e+01
6.9680016559055478e+00	8.3998416803564112e+01
6.9720064714182541e+00	7.9471685718024148e+01
6.9760091436406553e+00	7.7920242384105222e+01
6.9800106090600593e+00	8.2038040339114389e+01
6.9840117247943549e+00	8.8174847793666231e+01
6.9880092881380271e+00	8.9604965426092022e+01
6.9920036301395454e+00	8.5484181958286584e+01
6.9960068401654691e+00	9.0086205153772454e+01
7.0000087637451305e+00	1.0346637421297139e+02
7.0040091535420528e+00	9.4313581148077489e+01
7.0080093052019103e+00	1.0365727198056159e+02
7.0120100501462481e+00	9.6133521208947428e+01
7.0160003153456296e+00	8.9858768737469418e+01
7.0200040984365675e+00	9.6260511099879423e+01
7.0240005985731084e+00	9.8161995932387342e+01
7.0280094454074025e+00	9.7223575003827989e+01
7.0320081989794820e+00	8.6383087399777253e+01
7.0360105434379880e+00	9.8069715917813198e+01
7.0400067012828647e+00	9.9426042383590527e+01
7.0440108864931812e+00	1.0604307142478994e+02
7.0480002079790030e+00	1.0036947145278236e+02
7.0520008705334325e+00	9.3572083065719426e+01
7.0560078098903931e+00	8.8478988201032010e+01
7.0600025147080796e+00	8.7830019685729738e+01
7.0640096734811593e+00	9.4922300385891390e+01
7.0680111187240184e+00	9.1282631921957716e+01
7.0720008576737392e+00	1.0613158369006682e+02
7.0760046950479660e+00	1.1379452793009095e+02
7.0800015710209179e+00	1.0622088254737555e+02
7.0840013783812630e+00	1.1564803834975710e+02
7.0880008413829092e+00	1.2274008926623728e+02
7.0920007457479350e+00	1.0187823983403808e+02
7.0960030566358503e+00	1.0550180226686631e+02
7.1000091380202521e+00	1.0220856243406155e+02
7.1040041159807990e+00	9.4406334630063057e+01
7.1080008599330986e+00	9.6466530404146852e+01
7.1120099757141446e+00	9.5744734852768616e+01
7.1160057334572997e+00	9.0637058085613276e+01
7.1200018139143468e+00	8.8844957761085112e+01
7.1240029690887079e+00	9.5002301229249383e+01
7.1280102240825949e+00	9.7742961904127242e+01
7.1320020527738510e+00	9.8523173096754675e+01
7.1360058116774976e+00	9.7023021392773174e+01
7.1400114092200271e+00	9.2385368866141150e+01
7.1440065118745721e+00	9.2447894056621394e+01
7.1480096424534789e+00	9.9174088138886461e+01
7.1520074607979520e+00	1.0002786374629190e+02
7.1560026343980061e+00	9.7938763938320747e+01
7.1600003026997783e+00	1.0337568717352619e+02
7.1640011081587422e+00	1.0218645052079630e+02
7.1680051441687311e+00	8.9175315868430630e+01
7.1720020056872267e+00	9.2492007940291231e+01
7.1760115201861714e+00	9.5421142947655639e+01
7.1800077746352837e+00	9.0578229185757479e+01
7.1840052645516268e+00	8.7290656927697995e+01
7.1880077707860082e+00	8.8903940463812702e+01
7.1920008354628839e+00	9.0361632447794605e+01
7.1960075817417408e+00	9.3339923731049069e+01
7.2000114489754132e+00	9.1561439197224118e+01
7.2040107311618717e+00	9.0339365873740789e+01
7.2080054881181903e+00	9.3201039952084798e+01
7.2120077009788499e+00	8.7482132340280856e+01
7.2160080785581595e+00	8.7612894163135394e+01
7.2200087234879202e+00	8.1930160895590930e+01
7.2240009603373023e+00	8.7467695613425846e+01
7.2280077328006360e+00	8.3963623189911942e+01
7.2320078904217233e+00	8.3140690223127947e+01
7.2360112860751711e+00	1.0066260771490560e+02
7.2400100990620269e+00	1.0606924680111227e+02
7.2440018894559133e+00	9.0344446279090917e+01
7.2480014306705973e+00	8.5939693338761515e+01
7.2520007310700594e+00	1.0186306763326462e+02
7.2560086266364401e+00	1.0524644994422282e+02
7.2600011645714142e+00	9.3081145302278600e+01
7.2640089806446966e+00	9.2843978157732508e+01
7.2680062376790566e+00	1.0130819408084390e+02
7.2720046871788959e+00	9.8304629649983795e+01
7.2760021787493656e+00	9.8992120141393883e+01
7.2800080477143032e+00	9.4200326654225833e+01
7.2840108418234610e+00	9.3389615203084063e+01
7.2880021116804468e+00	9.3349967696020130e+01
7.2920057474674653e+00	9.1220105898610910e+01
7.2960109719227972e+00	9.4120948283584326e+01
7.3000067181890520e+00	9.8086185917550111e+01
7.3040087948830292e+00	9.6359704603901804e+01
7.3080069434668626e+00	9.6382501441055027e+01
7.3120041573242460e+00	9.1308551226077853e+01
7.3160027859021213e+00	7.8368568767364934e+01
7.3200055375425874e+00	8.6206450804302989e+01
7.3240014548236063e+00	8.9582608176568868e+01
7.3280023581952971e+00	9.6260212487970080e+01
7.3320010766508501e+00	9.8341008128948900e+01
7.3360005107534461e+00	9.4233448996831441e+01
7.3400117523209163e+00	8.6561486893198079e+01
7.3440083863540444e+00	9.2557825104622438e+01
7.3480033943575132e+00	9.4313555475341985e+01
7.3520085869690037e+00	9.0148781652197357e+01
7.3560093313962405e+00	9.2404129685470025e+01
7.3600091454637262e+00	1.0897684432286177e+02
7.3640084768715228e+00	1.3186298069750055e+02
7.3680030334929967e+00	1.1327346560720920e+02
7.3720074270233162e+00	1.0490369356389833e+02
7.3760076747465755e+00	1.0982909318984311e+02
7.3800057029530528e+00	1.1396994433825199e+02
7.3840011473337004e+00	1.0602409941658394e+02
7.3880013024856765e+00	8.4058353319166400e+01
7.3920067101795519e+00	9.5814827645812159e+01
7.3960057364761616e+00	9.3707823975654279e+01
7.4000108272658514e+00	9.4990313243963826e+01
7.4040109240497554e+00	9.5433181168995077e+01
7.4080038712627072e+00	1.0020171769470065e+02
7.4120078891904244e+00	9.5461424167314561e+01
7.4160077165969751e+00	8.7684327855190162e+01
7.4200043254271826e+00	8.7405333777553054e+01
7.4240108884394633e+00	9.8817004104500455e+01
7.4280031925922154e+00	1.0224859719247981e+02
7.4320075118542039e+00	9.3088383206669292e+01
7.4360105961555467e+00	9.9731065018338953e+01
7.4400004597024401e+00	9.8984177397220904e+01
7.4440117256708325e+00	9.9990970894379743e+01
7.4480020136045555e+00	1.1478547285850355e+02
7.4520085592076368e+00	1.1341952155073849e+02
7.4560112341422116e+00	1.1252832847250646e+02
7.4600010165532682e+00	1.1713499266172379e+02
7.4640063548746038e+00	1.1437086352865175e+02
7.4680061962868329e+00	1.0616849703297528e+02
7.4720101447498166e+00	1.0107272071162427e+02
7.4760082021735927e+00	9.8175954660398759e+01
7.4800025893101036e+00	9.8098750893362336e+01
7.4840087206174468e+00	9.8332090421479762e+01
7.4880078925184019e+00	9.7260533394116180e+01
7.4920111067253092e+00	1.0367359793992152e+02
7.4960054837654253e+00	9.7220931310461069e+01
7.5000023540247689e+00	8.6027899374908401e+01
7.5040020827955169e+00	8.5165687415732549e+01
7.5080093421742200e+00	9.3254164795181183e+01
7.5120106045656412e+00	8.8015053859002279e+01
7.5160064801948820e+00	9.3332676920009263e+01
7.5200112922124909e+00	9.0694037107882252e+01
7.5240012431497609e+00	9.1562247168337635e+01
7.5280047616168160e+00	1.0035612269712306e+02
7.5320015975950794e+00	9.8519695296478716e+01
7.5360102883302886e+00	1.0310293101337224e+02
7.5400032623189501e+00	1.1010677129945252e+02
7.5440086694068800e+00	1.0861376724102097e+02
7.5480031281166271e+00	1.1023483239653679e+02
7.5520067437974125e+00	1.2669138041897483e+02
7.5560077760273465e+00	1.2746311846414419e+02
7.5600090784653764e+00	1.2735879389937516e+02
7.5640015192209145e+00	1.2004767203815250e+02
7.5680094905097661e+00	1.2768751915776087e+02
7.5720093316536650e+00	1.1779035163912769e+02
7.5760116991462239e+00	1.2650478216555881e+02
7.5800055526437298e+00	1.2780718755630491e+02
7.5840096431434816e+00	1.2168673987868085e+02
7.5880005350148432e+00	1.3482964183921288e+02
7.5920014734261914e+00	1.3716799061441500e+02
7.5960028398532149e+00	1.2692161820666088e+02
7.6000028652414668e+00	1.1221393963228834e+02
7.6040066468133807e+00	1.0092297977876908e+02
7.6080034746760905e+00	1.1702770420938853e+02
7.6120061083553709e+00	9.8825483074382575e+01
7.6160027043660961e+00	1.0459031223652067e+02
7.6200063984245139e+00	1.0151071206742786e+02
7.6240061834950170e+00	1.0592443028692331e+02
7.6280014212238507e+00	8.7539040885154037e+01
7.6320057006343864e+00	9.0271524074615130e+01
7.6360074774264080e+00	9.4855498218940895e+01
7.6400003012569071e+00	9.3533218633821008e+01
7.6440072043079912e+00	1.0017730851414355e+02
7.6480075338498787e+00	1.0193816578578391e+02
7.6520038281544522e+00	9.8860545929282736e+01
7.6560067174873900e+00	1.0106645263148188e+02
7.6600109709187700e+00	1.0882953662745020e+02
7.6640058463038923e+00	1.0764741248172054e+02
7.6680044183505887e+00	1.2644767629705964e+02
7.6720092553723509e+00	1.2596176223983373e+02
7.6760105138341803e+00	1.1745563574527299e+02
7.6800118508218249e+00	1.0348206992078137e+02
7.6840005197577579e+00	1.1174202424206116e+02
7.6880103564077977e+00	1.0876268098880767e+02
7.6920075740611233e+00	1.1377219169677745e+02
7.6960095460760849e+00	1.1329182039959574e+02
7.7000058587311493e+00	1.2110983220486985e+02
7.7040080097432977e+00	1.3227730419500020e+02
7.7080024354838148e+00	1.2759836488305325e+02
7.7120119702394270e+00	1.2072599360733027e+02
7.7160053406315470e+00	1.2593704676675434e+02
7.7200055545671669e+00	1.1183861354078699e+02
7.7240030663118793e+00	9.9965742808800655e+01
7.7280009049749303e+00	1.0001572198157595e+02
7.7320024133268275e+00	8.7541632834159643e+01
7.7360020782539696e+00	8.9520640032897589e+01
7.7400098116805909e+00	9.4502714715464165e+01
7.7440075410680906e+00	9.9039750559251530e+01
7.7480045202579175e+00	9.5135667215951074e+01
7.7520025698002195e+00	9.7403005728501412e+01
7.7560025801457915e+00	9.9348931755589902e+01
7.7600078330978395e+00	9.5726369713580738e+01
7.7640054244120718e+00	8.9051780536588822e+01
7.7680106029232334e+00	8.9957766354470408e+01
7.7720011480843052e+00	9.3969433459137761e+01
7.7760036503649115e+00	9.7117436242494747e+01
7.7800059674989539e+00	9.6148504620493753e+01
7.7840098309829182e+00	1.0014786981644896e+02
7.7880047947521893e+00	1.0240420741424866e+02
7.7920089591100323e+00	1.1897843401661713e+02
7.7960005096552401e+00	1.1624084332750668e+02
7.8000013339129541e+00	1.1599744278256374e+02
7.8040115931273863e+00	1.1204773476595737e+02
7.8080107649516588e+00	1.1826749907082667e+02
7.8120007852971689e+00	1.0512713804461271e+02
7.8160074681266325e+00	1.0906898574059871e+02
7.8200041306373418e+00	1.1687651301324551e+02
7.8240031365582583e+00	9.3999267726003282e+01
7.8280017358577103e+00	1.1386818455358994e+02
7.8320104562782520e+00	1.0241611068459906e+02
7.8360058638998753e+00	1.0547856427133614e+02
7.8400003216789989e+00	1.2615785494625672e+02
7.8440030246101511e+00	1.3080032512535692e+02
7.8480068166928509e+00	1.1302765608157281e+02
7.8520104266878761e+00	1.2554517103102104e+02
7.8560115220695206e+00	1.4724545414429124e+02
7.8600105846854929e+00	1.4542272363557672e+02
7.8640060247855095e+00	1.2479355446359855e+02
7.8680095738926852e+00	1.1895988743973147e+02
7.8720080435659749e+00	1.0436033249508209e+02
7.8760034148466991e+00	9.6599236696507390e+01
7.8800004336117180e+00	9.2534221281080704e+01
7.8840030184575509e+00	8.9685074609206410e+01
7.8880105852228999e+00	9.3700522150908483e+01
7.8920035834212001e+00	9.5686495867289338e+01
7.8960079345254739e+00	9.4665075716992533e+01
7.9000010037442818e+00	8.9106156398905881e+01
7.9040006548929647e+00	8.8885207091287270e+01
7.9080105477248566e+00	8.8589889990804068e+01
7.9120105939652499e+00	9.3156963656813332e+01
7.9160025385823314e+00	9.0208881985509862e+01
7.9200112672023435e+00	9.4624424819374426e+01
7.9240054354600389e+00	9.9764962864295100e+01
7.9280016395285813e+00	9.1088519141585451e+01
7.9320083734376627e+00	1.0319651353520085e+02
7.9360029260223977e+00	8.7758929784860413e+01
7.9400095856557780e+00	9.6505283777450359e+01
7.9440057113570450e+00	1.0343641546610175e+02
7.9480022134800894e+00	9.0315023867201248e+01
7.9520087064563123e+00	9.3622652931162420e+01
7.9560067689632552e+00	9.1304436397466930e+01
7.9600060247235600e+00	8.9670248700053406e+01
7.9640028500699751e+00	9.0354924234399348e+01
7.9680078819645246e+00	8.6394603577637298e+01
7.9720032574877875e+00	1.0047149480805415e+02
7.9760104288924536e+00	9.8046352530714614e+01
7.9800055475537333e+00	9.3740327921672204e+01
7.9840021732833621e+00	9.5593852471357408e+01
7.9880107961019240e+00	9.0588687532158076e+01
7.9920036084866677e+00	1.0821180015444021e+02
7.9960036687875533e+00	9.9442929255488593e+01
8.0000000000000000e+00	8.9666433571500150e+01
