0.0000000000000000e+00	2.3459469976632259e+00
2.0219526256825038e-02	2.5058103888123409e+00
4.0173899503174695e-02	2.4776683228369203e+00
6.0114384595977996e-02	2.3576495768444672e+00
8.0042730171915752e-02	2.5358470949734673e+00
1.0020665929084342e-01	2.4342496991192633e+00
1.2012155535655114e-01	2.3591763249534328e+00
1.4003264317002093e-01	2.5403362210951044e+00
1.6018406232680085e-01	2.3789931496380556e+00
1.8009099122098107e-01	2.3503493750724469e+00
2.0023813686291667e-01	2.5248121066047378e+00
2.2014163220881988e-01	2.2967195518824579e+00
2.4004438345508969e-01	2.3282949096421506e+00
2.6019150430635124e-01	2.4829888221338394e+00
2.8009840061800689e-01	2.2281251589986311e+00
3.0000926925926952e-01	2.3342303264881159e+00
3.2016650234847516e-01	2.4099004076532964e+00
3.4008499870413156e-01	2.2051397884811688e+00
3.6000814090406824e-01	2.3208507764123145e+00
3.8017853471891611e-01	2.3129878666025285e+00
4.0010902659572939e-01	2.1744617302002514e+00
4.2004228191872350e-01	2.2791743703423260e+00
4.4021911624817578e-01	2.2064618171140236e+00
4.6015340523218734e-01	2.1652242310121563e+00
4.8008819341043912e-01	2.2154734211804681e+00
5.0002208528249525e-01	2.1758867818482162e+00
5.2019670821256481e-01	2.2695636267032899e+00
5.4012531102663874e-01	2.1502292524628337e+00
5.6005193386904462e-01	2.1412534258946225e+00
5.8022048682662974e-01	2.2752246830762446e+00
6.0014510387434883e-01	2.1677391489971058e+00
6.2006969771030118e-01	2.2653972984187414e+00
6.4023685244332229e-01	2.1200947781308446e+00
6.6016045501339149e-01	2.1133835012916240e+00
6.8008350208423607e-01	2.2706890471211718e+00
7.0000691745456467e-01	2.1067456689919144e+00
7.2017310654976696e-01	2.2275309459101402e+00
7.4009623917871370e-01	2.1093609148370165e+00
7.6001965646072778e-01	2.0516782278455978e+00
7.8018818782702548e-01	2.2296046146999915e+00
8.0011686843044116e-01	2.1276350173789580e+00
8.2004915608922946e-01	2.1540485300797738e+00
8.4022841192319886e-01	2.1481565163986671e+00
8.6016884759904211e-01	2.0948704828806748e+00
8.8010948360847341e-01	2.1708745740284008e+00
9.0004989590565498e-01	2.1793296574911301e+00
9.2023207063110946e-01	2.0871314416136206e+00
9.4017155569470257e-01	2.0991165326691807e+00
9.6011072086494431e-01	2.1964023980275207e+00
9.8005113056165150e-01	2.0891298154943296e+00
1.0002354497390442e+00	2.1669999517252023e+00
1.0201779669732154e+00	2.1991555003396805e+00
1.0401218839283612e+00	2.0923700325638586e+00
1.0600654651309105e+00	2.2399497860127431e+00
1.0800078129711204e+00	2.1793880640544128e+00
1.1001925332594744e+00	2.0810006477674370e+00
1.1201328233702761e+00	2.2861256109154016e+00
1.1400718128156295e+00	2.1463963757099709e+00
1.1600100116169239e+00	2.0750279876930633e+00
1.1801901418384106e+00	2.3078338789545798e+00
1.2001269029205903e+00	2.0908364742345711e+00
1.2200629347268823e+00	2.1524645428017757e+00
1.2402417550294926e+00	2.3026206004390328e+00
1.2601776527388022e+00	2.0793958100306615e+00
1.2801118380862073e+00	2.2150806532531293e+00
1.3000441396818418e+00	2.2688335803659125e+00
1.3202195337897618e+00	2.1295146055988190e+00
1.3401504593989086e+00	2.2504621879586844e+00
1.3600806215911776e+00	2.2160529174418038e+00
1.3800109427207721e+00	2.1780380961583563e+00
1.4001841258270509e+00	2.2567293037916496e+00
1.4201150297252894e+00	2.1466372483983829e+00
1.4400463712562988e+00	2.2094673097819242e+00
1.4602221547469196e+00	2.2406110061597309e+00
1.4801560652955832e+00	2.1004665171941634e+00
1.5000923236227115e+00	2.2225426031961857e+00
1.5200303288628716e+00	2.2105937135308542e+00
1.5402114362480201e+00	2.0962265421357476e+00
1.5601490704016181e+00	2.2131118610359697e+00
1.5800868221581039e+00	2.1734448933911379e+00
1.6000251083138664e+00	2.1220122505339942e+00
1.6202068595396819e+00	2.1830207777136015e+00
1.6401460341695546e+00	2.1346831318205481e+00
1.6600856259736729e+00	2.0988549649705606e+00
1.6800259393830954e+00	2.1326090825507045e+00
1.7002098322044645e+00	2.0959947427170618e+00
1.7201508728457111e+00	2.0915172300143361e+00
1.7400907401904637e+00	2.1078882198338715e+00
1.7600296951487826e+00	2.0698402447669402e+00
1.7802105036899158e+00	2.1156291120002058e+00
1.8001484462930135e+00	2.0891086151360074e+00
1.8200864271717827e+00	2.0978949289169582e+00
1.8400252294262898e+00	2.1320469978345340e+00
1.8602066179740893e+00	2.0756135840854215e+00
1.8801440854706963e+00	2.0940032681232106e+00
1.9000813473233367e+00	2.1219681110476087e+00
1.9200180167455976e+00	2.0582031228032851e+00
1.9401971040390749e+00	2.1053647298460505e+00
1.9601319523102532e+00	2.0847832522442680e+00
1.9800652205807108e+00	2.0824025001416788e+00
2.0002402223567448e+00	2.1297958138575281e+00
2.0201707313930957e+00	2.0582187124328173e+00
2.0400993526100040e+00	2.1017172585114738e+00
2.0600265643674827e+00	2.1434493955555749e+00
2.0801951671546957e+00	2.0692479461584363e+00
2.1001188402142819e+00	2.0713358110367004e+00
2.1200411111116062e+00	2.1158994419716346e+00
2.1402036299732945e+00	2.0899173041666943e+00
2.1601217395220917e+00	2.1347040948406808e+00
2.1800381746464379e+00	2.0492524303660873e+00
2.2001976508796210e+00	2.0640477977969658e+00
2.2201141210926769e+00	2.1614791000186444e+00
2.2400310401341885e+00	2.0622448270317442e+00
2.2601904600597327e+00	2.0779137323904613e+00
2.2801074551274123e+00	2.1389677468799961e+00
2.3000237922230578e+00	2.0408320219793459e+00
2.3201833147707753e+00	2.1523401789578482e+00
2.3401004957970661e+00	2.0655820990656184e+00
2.3600175684896629e+00	2.2041479399241353e+00
2.3801768437148323e+00	2.1763508504625273e+00
2.4000913496963490e+00	2.2179103616006932e+00
2.4200048304703867e+00	2.1042095351277323e+00
2.4401587229870594e+00	2.1960492245694798e+00
2.4600671694087466e+00	2.1977711420394170e+00
2.4802157692924061e+00	2.1642705167532132e+00
2.5001201555831876e+00	2.2556639441500534e+00
2.5200236946615582e+00	2.0975831618808223e+00
2.5401687265807169e+00	2.2773574476996603e+00
2.5600707545467256e+00	2.0324592880959571e+00
2.5802153970478963e+00	2.2681276690791261e+00
2.6001184695674810e+00	2.1241675027192488e+00
2.6200223889425494e+00	2.2391683372874169e+00
2.6401714735425603e+00	2.1871305535245158e+00
2.6600788528781254e+00	2.1924167143206668e+00
2.6802320615485939e+00	2.2228361913273660e+00
2.7001431360862092e+00	2.1577405180932985e+00
2.7200570676939457e+00	2.2250695594942993e+00
2.7402151943005748e+00	2.1384850953995809e+00
2.7601315324623199e+00	2.2016700681767123e+00
2.7800485276565881e+00	2.1469830544260224e+00
2.8002089520444686e+00	2.2177476883618965e+00
2.8201242545545870e+00	2.2499125333223402e+00
2.8400361943493699e+00	2.2161875804026860e+00
2.8601878418242990e+00	2.3226328731617447e+00
2.8800947552942135e+00	2.2551959082518200e+00
2.9002425797738880e+00	2.3627401542187392e+00
2.9201465704293428e+00	2.2868737514031365e+00
2.9400508565930155e+00	2.3725623872702917e+00
2.9601970696869895e+00	2.2868415006702700e+00
2.9801017492500641e+00	2.3698389272052132e+00
3.0000068927547647e+00	2.2582341602001161e+00
3.0201549113828050e+00	2.4165394888847302e+00
3.0400602245271400e+00	2.2991680709021622e+00
3.0602084032342813e+00	2.4171754586173586e+00
3.0801113050001168e+00	2.3876137990617483e+00
3.1000133758341866e+00	2.3713185406115644e+00
3.1201587267367468e+00	2.4405590740254590e+00
3.1400593832696746e+00	2.2906525153670896e+00
3.1601995124196178e+00	2.4550027082314823e+00
3.1800937972506529e+00	2.3485047047630574e+00
3.2002287783242904e+00	2.4248348004683717e+00
3.2201189363698273e+00	2.4005716523037601e+00
3.2400075964529464e+00	2.3513372366498033e+00
3.2601386926435261e+00	2.4087020611109664e+00
3.2800289299753409e+00	2.3742876520767591e+00
3.3001627132085711e+00	2.4268233344478110e+00
3.3200555346691005e+00	2.4587391038019146e+00
3.3401929834455064e+00	2.4388396868694042e+00
3.3600885291462621e+00	2.5086237688019768e+00
3.3802273597964976e+00	2.4616532365426043e+00
3.4001240249234881e+00	2.5189679986595568e+00
3.4200201653057785e+00	2.5568507665671616e+00
3.4401580742576443e+00	2.4788549687732178e+00
3.4600536518710601e+00	2.6280852705329822e+00
3.4801924501494867e+00	2.4458075878767827e+00
3.5000879060887859e+00	2.6571027163195744e+00
3.5202226944130461e+00	2.5375355893599560e+00
3.5401120013421012e+00	2.6965409763041088e+00
3.5602412600512658e+00	2.5936012487695530e+00
3.5801241743651495e+00	2.8401740131436273e+00
3.6000042314779486e+00	2.6577461025972879e+00
3.6201239378957881e+00	2.9581298070516686e+00
3.6402412596416931e+00	2.8368721469854141e+00
3.6601155195134516e+00	2.9926998417355195e+00
3.6802309444437382e+00	3.0121127852104919e+00
3.7001022017803202e+00	2.8958299219451096e+00
3.7202129652717288e+00	3.0988492908165357e+00
3.7400824767526410e+00	2.6952190430069898e+00
3.7601961092926812e+00	3.0641793265205557e+00
3.7800669081580374e+00	2.8284222871017155e+00
3.8001805031215765e+00	2.9196996628474952e+00
3.8200483149816264e+00	2.8599430718574079e+00
3.8401557266147561e+00	2.7195367528996721e+00
3.8600213420248055e+00	2.8051485418165645e+00
3.8801307255510213e+00	2.5445621816832813e+00
3.9002385021117183e+00	2.6777548557809472e+00
3.9201000888871000e+00	2.4711234328026230e+00
3.9402010523324420e+00	2.5837582089134119e+00
3.9600601092920087e+00	2.6460538465313870e+00
3.9801627117051299e+00	2.7099113942003212e+00
4.0000247510325169e+00	2.7186204823945039e+00
4.0201294624825143e+00	2.7581931594602280e+00
4.0402371648198807e+00	2.9026043569157598e+00
4.0601075674207001e+00	2.7619059812226676e+00
4.0802233835616155e+00	3.0056031583651981e+00
4.1000972260416457e+00	2.9636452652709679e+00
4.1202119404014752e+00	2.9905957838188773e+00
4.1400821588553542e+00	3.1279049952587599e+00
4.1601903703468155e+00	2.9594426290545317e+00
4.1800535015013729e+00	3.1512175362499022e+00
4.2001551214619806e+00	3.1464558996599856e+00
4.2200110591010933e+00	3.0880515300139679e+00
4.2401059939407650e+00	3.2187582073450480e+00
4.2601971949446087e+00	3.1203822184776855e+00
4.2800422588117391e+00	3.1889320589465933e+00
4.3001236429216050e+00	3.2414090299081213e+00
4.3202014323340867e+00	3.1836182667734509e+00
4.3400341246204599e+00	3.3844213233710807e+00
4.3601008769920337e+00	3.4144818377212238e+00
4.3801614798330588e+00	3.3833859207367314e+00
4.4002170501782372e+00	3.6802545848974066e+00
4.4200249821208679e+00	3.6749870773806337e+00
4.4400722718691084e+00	3.8412149177088244e+00
4.4601159990666144e+00	3.9356104250187283e+00
4.4801557397882092e+00	3.8269251025174409e+00
4.5001921287836186e+00	4.0770984703676767e+00
4.5202258139674099e+00	3.9180279710386130e+00
4.5400215478791495e+00	4.1207490912034448e+00
4.5600640575411013e+00	4.3197911791635866e+00
4.5801099736956763e+00	4.3336727598763627e+00
4.6001615847659982e+00	4.6511074947821731e+00
4.6202171644296728e+00	4.8601870907624489e+00
4.6400324099540882e+00	4.7909144211742998e+00
4.6600910900239132e+00	5.0230104133283326e+00
4.6801499282690324e+00	5.2262933184998159e+00
4.7002062497063575e+00	5.0989601683093317e+00
4.7200184412869151e+00	5.1757605424500497e+00
4.7400698034576942e+00	5.3532694407794983e+00
4.7601210586874982e+00	5.2164151911059848e+00
4.7801695625486333e+00	5.0886592976205005e+00
4.8002178028417184e+00	5.2089123978484144e+00
4.8200218675154405e+00	5.1238075362332536e+00
4.8400637486573759e+00	4.9780278456332914e+00
4.8601028332554090e+00	4.9202044906212343e+00
4.8801375242179681e+00	4.9209473859148378e+00
4.9001688714735865e+00	4.9713205111524230e+00
4.9201969336809448e+00	4.9718394056915827e+00
4.9402231288701568e+00	4.7803122431352696e+00
4.9600045066311322e+00	4.9202521875799414e+00
4.9800239183795307e+00	4.9138491093273418e+00
5.0000412865879653e+00	5.0231146239830640e+00
5.0200565704774780e+00	5.1896610703814874e+00
5.0400716713797173e+00	5.1795015975233447e+00
5.0600895218921096e+00	5.0890951277195207e+00
5.0801093657294807e+00	5.0756142453895441e+00
5.1001295487653007e+00	5.0742259741201847e+00
5.1201522730204001e+00	5.1435327307248420e+00
5.1401779775287944e+00	5.2228343311986505e+00
5.1602071825597831e+00	5.2415493681792134e+00
5.1802354942802751e+00	5.5592744309880127e+00
5.2000212721000452e+00	5.8601685037477242e+00
5.2200460406153093e+00	6.1286734376298515e+00
5.2400686125562865e+00	6.2642354024921758e+00
5.2600884030418413e+00	6.3707509009609682e+00
5.2801059669906971e+00	6.3914439576951523e+00
5.3001231775146671e+00	6.7360059360198754e+00
5.3201403189254339e+00	6.8732968091749562e+00
5.3401584818396426e+00	6.8878663265059741e+00
5.3601800500819090e+00	7.0249614517897019e+00
5.3802035974168430e+00	7.0577740123853632e+00
5.4002290769068040e+00	7.1007923317952217e+00
5.4200169054784233e+00	7.5443752979655239e+00
5.4400451729362338e+00	7.8487818055876728e+00
5.4600692751942592e+00	8.0126182984220780e+00
5.4800938349721378e+00	8.6482621628398544e+00
5.5001184907681200e+00	9.2003192426801927e+00
5.5201431834157750e+00	9.5742384148608135e+00
5.5401670065391810e+00	9.8058615916424046e+00
5.5601846332664850e+00	9.7686674937046636e+00
5.5801929344458356e+00	9.5894634003944983e+00
5.6001921592148278e+00	1.0156989454740081e+01
5.6201863815430633e+00	1.0593602327676557e+01
5.6401780422856298e+00	1.0779683231169297e+01
5.6601731174251038e+00	1.0592109591791582e+01
5.6801727030631008e+00	1.0231772825841899e+01
5.7001783702611597e+00	1.0523396119530604e+01
5.7201832306474021e+00	1.0603194189179288e+01
5.7401817121632339e+00	1.1193670593467958e+01
5.7601749161932965e+00	1.2219139524127762e+01
5.7801498880101665e+00	1.3365355192557089e+01
5.8001039216353449e+00	1.4213134144481554e+01
5.8200432598857637e+00	1.4180390161670170e+01
5.8402193584375119e+00	1.3228394091347846e+01
5.8601577330756083e+00	1.2299897915979082e+01
5.8801051842177507e+00	1.3294156951091020e+01
5.9000645420409130e+00	1.3584440744143970e+01
5.9200292049359069e+00	1.3149069792497563e+01
5.9402292697258874e+00	1.3131887749940349e+01
5.9601893563115267e+00	1.4110985389864746e+01
5.9801531157224854e+00	1.4627591181706617e+01
6.0001246661948686e+00	1.4343349732152241e+01
6.0200975160771621e+00	1.3309496896516254e+01
6.0400644176411369e+00	1.2968595365846193e+01
6.0600190303393724e+00	1.4084877384002461e+01
6.0801986096727800e+00	1.4656761852925177e+01
6.1001245588823645e+00	1.4875823145776662e+01
6.1200399268359460e+00	1.4624469852218024e+01
6.1401850953412911e+00	1.4057562084132117e+01
6.1600798399451460e+00	1.3741410338790052e+01
6.1802141952448144e+00	1.3169303826499599e+01
6.2001111152890527e+00	1.2882656781564126e+01
6.2200076125657713e+00	1.3322012048171665e+01
6.2401446342700453e+00	1.3607392131275676e+01
6.2600451950837028e+00	1.4244655580058341e+01
6.2801874381773723e+00	1.4919229513051331e+01
6.3000923273845357e+00	1.5105152227052720e+01
6.3200038843643407e+00	1.4953558207745765e+01
6.3401616484862817e+00	1.4615179607906651e+01
6.3600823844405072e+00	1.4786034536832757e+01
6.3800009528538340e+00	1.5389322993255560e+01
6.4001466380303089e+00	1.6569157191431191e+01
6.4200454090724568e+00	1.7322871384651968e+01
6.4401792740162955e+00	1.7658411138680837e+01
6.4600745405113784e+00	1.7629309698959958e+01
6.4802035175186221e+00	1.7459028805588609e+01
6.5000831966238009e+00	1.7157493771625244e+01
6.5201965232102754e+00	1.8303060747981299e+01
6.5400723113096069e+00	1.9270499198626322e+01
6.5601888247119193e+00	1.9943684704846962e+01
6.5800574146513648e+00	2.0097717040345731e+01
6.6001572150598218e+00	2.1244641317125858e+01
6.6200219465825532e+00	2.3390126087976967e+01
6.6401356400684417e+00	2.5242272175037442e+01
6.6600223791199946e+00	2.6321848604211251e+01
6.6801541159897564e+00	2.5886878077406060e+01
6.7000396513612461e+00	2.4090957371426928e+01
6.7201561426340959e+00	2.3447123055008319e+01
6.7400214533914360e+00	2.5785327384461649e+01
6.7601144338560069e+00	2.6603767317819990e+01
6.7801993456457739e+00	2.6994274022151227e+01
6.8000366025477383e+00	2.7144018615804633e+01
6.8200964141804734e+00	2.6755632844515404e+01
6.8401452738717801e+00	2.6287554296373383e+01
6.8601892340635020e+00	2.5724462125401551e+01
6.8800007573369424e+00	2.5117713972514267e+01
6.9000578399684311e+00	2.4712421997982688e+01
6.9201215103940426e+00	2.4519134126362015e+01
6.9401897820650911e+00	2.4177495316494849e+01
6.9600135835047787e+00	2.4540232646452157e+01
6.9800674021907430e+00	2.6089687172865943e+01
7.0001204263444299e+00	2.7169796011433547e+01
7.0201694688564205e+00	2.8089784402562049e+01
7.0402044972310760e+00	2.8516703117514865e+01
7.0602373423572500e+00	2.9811833734925290e+01
7.0800339712341138e+00	3.0880986588720962e+01
7.1000776070370248e+00	3.0833527953715286e+01
7.1201343311031051e+00	3.1482088036513520e+01
7.1402021236315871e+00	3.2860515193474562e+01
7.1600326206036726e+00	3.3761563727844724e+01
7.1801011973879474e+00	3.4567518016402076e+01
7.2001603368485005e+00	3.4580158405660576e+01
7.2202084383372744e+00	3.3810629986634325e+01
7.2400131926150264e+00	3.1943428576854878e+01
7.2600533519580566e+00	3.0658978955182835e+01
7.2800922495305338e+00	3.2614477484136884e+01
7.3001291353745463e+00	3.6108570177214901e+01
7.3201549481288097e+00	3.8144153455768674e+01
7.3401691053194495e+00	3.7863738149889208e+01
7.3601754886923541e+00	3.5321524529501033e+01
7.3801779229874267e+00	3.0622183715137488e+01
7.4001789558659645e+00	2.7202544077960141e+01
7.4201807488822986e+00	2.8179908738259751e+01
7.4401834914506573e+00	2.8378448964455846e+01
7.4601835527581528e+00	2.6354942661393881e+01
7.4801791925760881e+00	2.5226472209714860e+01
7.5001703363775745e+00	2.6895164463024045e+01
7.5201540562381313e+00	2.7507690528301730e+01
7.5401272384265621e+00	2.6745447851170635e+01
7.5600893371590185e+00	2.5296888985159853e+01
7.5800429911333440e+00	2.3582183098284979e+01
7.6002328937251944e+00	2.3711313354832420e+01
7.6201912973076267e+00	2.4523046361333385e+01
7.6401497253161752e+00	2.4883455646279042e+01
7.6601002269285488e+00	2.4623578026175544e+01
7.6800351255403152e+00	2.3721594766892618e+01
7.7001938103741425e+00	2.4714308039250430e+01
7.7201035353809155e+00	2.6069351264362098e+01
7.7402357191115394e+00	2.7448783671282786e+01
7.7601181691882841e+00	2.9155434297050959e+01
7.7802257901478331e+00	3.0027798025736107e+01
7.8000860182420135e+00	3.1100233470282646e+01
7.8201758874637353e+00	3.1908856155749529e+01
7.8400227897446726e+00	3.2373119249151202e+01
7.8601038257724039e+00	3.4255561558710014e+01
7.8801922436673300e+00	3.2104252305554347e+01
7.9000556090938714e+00	3.1976801997770679e+01
7.9201728885330924e+00	3.1043675079793221e+01
7.9400676613656129e+00	3.4511783706005978e+01
7.9602088292039088e+00	3.7157799080630127e+01
7.9801104916014634e+00	3.5584811632151741e+01
8.0000091367923023e+00	3.1622329463921957e+01
8.0201530177260754e+00	3.4128647191436905e+01
8.0400743880046708e+00	3.5338257180170849e+01
8.0600128267615361e+00	3.4976275222381297e+01
8.0802071205799386e+00	3.3474700993981607e+01
8.1001827511697453e+00	3.1705065863955792e+01
8.1201459671646496e+00	2.8872501757287864e+01
8.1400955160030595e+00	3.1690170554129416e+01
8.1600348116270691e+00	3.4069687630253590e+01
8.1802083684346059e+00	3.4176321457120295e+01
8.2001503582084538e+00	3.1984707407394708e+01
8.2201085603875050e+00	3.0182412872051078e+01
8.2400822064445904e+00	2.9089505225462400e+01
8.2600660545849589e+00	3.0379458090845048e+01
8.2800402952031469e+00	3.1545248785466676e+01
8.3000009546825755e+00	3.1440727480798177e+01
8.3201836291722806e+00	2.9590576601782754e+01
8.3401139792334060e+00	2.8284699528310423e+01
8.3600285685029316e+00	3.1429450417133030e+01
8.3801702294276179e+00	3.3387311130243752e+01
8.4000616975203979e+00	3.3856289090219299e+01
8.4201853296451112e+00	3.2767816788077646e+01
8.4400852702145475e+00	3.0405662230849440e+01
8.4600068702738742e+00	2.7214041491691553e+01
8.4801697519507613e+00	2.6498859067450038e+01
8.5000894013189043e+00	2.8924390770161171e+01
8.5202291341555618e+00	3.0211318843849003e+01
8.5401164902743929e+00	3.0405110636205936e+01
8.5602119637175829e+00	2.9540465200216062e+01
8.5800467495896431e+00	3.0461147747031941e+01
8.6000983648455058e+00	3.0240556836784865e+01
8.6201353012044528e+00	3.0826407297154901e+01
8.6401633753823202e+00	3.0998999147394635e+01
8.6601829224413880e+00	3.0842976141112544e+01
8.6801838122005250e+00	3.0050921696138165e+01
8.7001505261320560e+00	2.8902812765474206e+01
8.7200803888483343e+00	2.8097864022328178e+01
8.7402174497935086e+00	2.8315458065976852e+01
8.7601040144383120e+00	3.0346581725611710e+01
8.7802094658914012e+00	3.1738673626219231e+01
8.8000790972484531e+00	3.1990945931221923e+01
8.8201808756438087e+00	3.1254726677598129e+01
8.8400430004180439e+00	3.2280909001993585e+01
8.8601248569844060e+00	3.3358975686316306e+01
8.8802067706587504e+00	3.3511150561920068e+01
8.9000518787916540e+00	3.4843633411588890e+01
8.9201256555713435e+00	3.4499021507105695e+01
8.9401991017553577e+00	3.5492865165525423e+01
8.9600496192272416e+00	3.9241571812145203e+01
8.9801543952028524e+00	4.1884917316065810e+01
9.0000471704979148e+00	4.2498969691273238e+01
9.0202053609733319e+00	3.9729811255063161e+01
9.0401662289501896e+00	4.0647778212773396e+01
9.0601598374733854e+00	4.3544757969434556e+01
9.0801798283586503e+00	4.3728365383791065e+01
9.1002084348208019e+00	4.5232842937699118e+01
9.1200083164483861e+00	4.6749258432132748e+01
9.1400515771032929e+00	4.5874544502927634e+01
9.1601098463979049e+00	4.3169905718019947e+01
9.1801852874492607e+00	4.1953686882414715e+01
9.2000424835063672e+00	4.5678853310305755e+01
9.2201603508942487e+00	4.9230326023893696e+01
9.2400638259392505e+00	5.2634091591639496e+01
9.2602277573810561e+00	5.5952364828191783e+01
9.2801573728481319e+00	5.7592669582078329e+01
9.3000942783067195e+00	5.6493038230143448e+01
9.3200375985223403e+00	5.3332148171622983e+01
9.3402109366493953e+00	4.8794002065987200e+01
9.3601234552441923e+00	4.3875609412984396e+01
9.3800190837026243e+00	3.9359843427768695e+01
9.4001360678062298e+00	3.8135998319954339e+01
9.4202327692153531e+00	3.6510763082367504e+01
9.4400730379364823e+00	3.5451035983409582e+01
9.4601416863236061e+00	3.6598430631289197e+01
9.4802077743819098e+00	3.7895539658071598e+01
9.5000181660288447e+00	3.8574111597809051e+01
9.5200539057138567e+00	3.8536039655300016e+01
9.5400819983283842e+00	3.7760622880864233e+01
9.5600989976252215e+00	3.7687223966790505e+01
9.5801100077959838e+00	3.7328123746632166e+01
9.6001235436597803e+00	3.8377884749669867e+01
9.6201447322500933e+00	4.1445551234480419e+01
9.6401822130854846e+00	4.4037219830539584e+01
9.6602173904952888e+00	4.5988210590567412e+01
9.6800144746841479e+00	4.7165010321728339e+01
9.7000635539364701e+00	4.7624081172519418e+01
9.7201192510552659e+00	4.7407743575982813e+01
9.7401766978965529e+00	4.6683124389997424e+01
9.7600127742469009e+00	4.5538121064056007e+01
9.7801105889168145e+00	4.3960442797165733e+01
9.8002368702758158e+00	4.2003457342280569e+01
9.8201500820078476e+00	3.9797785338155805e+01
9.8400655074462904e+00	3.7434418972253070e+01
9.8602006565207247e+00	3.7432486821104099e+01
9.8800849338613403e+00	3.8395732856306545e+01
9.9002051743456629e+00	3.8899715400418749e+01
9.9200975986962465e+00	3.9039804187736877e+01
9.9402177237236664e+00	4.0218805368380110e+01
9.9600896837153385e+00	4.2157630147818139e+01
9.9801984052888919e+00	4.4309035642247515e+01
1.0000091119883992e+01	4.6675595158157755e+01
1.0020216232374919e+01	4.9106827787700034e+01
1.0040106913013130e+01	5.1370851538946525e+01
1.0060008582789852e+01	5.3335648382418881e+01
1.0080131744956068e+01	5.4836427107925836e+01
1.0100002742777857e+01	5.5651257111874557e+01
1.0120112566353166e+01	5.5388926638284026e+01
1.0140004660308932e+01	5.4088689177252327e+01
1.0160121478841685e+01	5.2136880383396011e+01
1.0180227198372947e+01	4.9746002794878216e+01
1.0200099600826528e+01	4.6882072622228584e+01
1.0220220206510781e+01	4.5174579041847458e+01
1.0240117261552651e+01	4.5112403362936561e+01
1.0260018166260799e+01	4.5406128899985625e+01
1.0280173604563746e+01	4.4946136602467995e+01
1.0300110177975231e+01	4.4663467966926540e+01
1.0320065593683047e+01	4.5156706543143365e+01
1.0340036020750528e+01	4.5648460851586350e+01
1.0360011133302740e+01	4.6667513177745647e+01
1.0380213091003721e+01	4.7137303980035675e+01
1.0400157576773651e+01	4.7372937330930306e+01
1.0420087053576058e+01	4.8322523411249705e+01
1.0440230765240219e+01	4.9151767754962684e+01
1.0460105556887665e+01	4.9814705717815457e+01
1.0480201324211869e+01	5.0445375574077303e+01
1.0500063022032753e+01	5.1635917983748129e+01
1.0520175405473063e+01	5.1957728902457717e+01
1.0540066483910891e+01	5.1504876128324533e+01
1.0560205456400258e+01	5.0743004854517508e+01
1.0580106505805496e+01	5.0735260914512473e+01
1.0600011989605566e+01	5.1962134200142927e+01
1.0620161470289911e+01	5.3036178387292132e+01
1.0640081416824342e+01	5.3878126691702491e+01
1.0660008975924260e+01	5.3895246632873501e+01
1.0680168685447990e+01	5.3567673441805269e+01
1.0700092440644898e+01	5.3166944147420075e+01
1.0720024900348369e+01	5.2149977872947865e+01
1.0740192728713573e+01	5.0859903523119506e+01
1.0760119684577422e+01	5.1176473597574308e+01
1.0780051888991524e+01	4.8681573285409023e+01
1.0800221501956862e+01	5.0927021359627055e+01
1.0820151778841973e+01	5.4502951237883707e+01
1.0840076212830756e+01	5.5989386103171498e+01
1.0860225956126312e+01	5.5181638872354974e+01
1.0880124511475346e+01	5.2898902957506920e+01
1.0900016558260880e+01	5.7630453255547408e+01
1.0920159171233148e+01	6.1187182229693676e+01
1.0940084067484250e+01	6.2233425890534086e+01
1.0960001653462685e+01	6.1857112233248039e+01
1.0980140867558699e+01	6.0267163892227657e+01
1.1000007381442227e+01	5.7304415294392740e+01
1.1020067780105935e+01	5.2258095291624308e+01
1.1040105914225991e+01	4.7228152203997908e+01
1.1060131032271549e+01	4.9883284440214290e+01
1.1080149053136886e+01	5.2168110129690419e+01
1.1100161784311304e+01	5.3789125139295955e+01
1.1120179237205763e+01	5.4771403409132553e+01
1.1140182107295201e+01	5.4728287301189681e+01
1.1160159473665923e+01	5.2638544067122261e+01
1.1180125857325434e+01	4.8681597101331803e+01
1.1200098889144360e+01	4.9613213516873408e+01
1.1220095481467528e+01	4.7471722343698687e+01
1.1240138054481433e+01	4.3391836694679846e+01
1.1260226735178119e+01	4.4716180263716474e+01
1.1280106984497884e+01	4.8294598904192398e+01
1.1300225527386461e+01	4.9362561769219575e+01
1.1320102561753270e+01	4.6740573073070323e+01
1.1340222842786778e+01	4.8647064574124769e+01
1.1360110871667947e+01	5.0871121721666334e+01
1.1380016823547111e+01	4.4911715468878889e+01
1.1400155380181619e+01	4.8102978665972060e+01
1.1420055593304781e+01	5.0196155470512920e+01
1.1440196123923755e+01	5.0555512474042573e+01
1.1460110656664243e+01	5.3088670787311472e+01
1.1480039352670223e+01	5.5040200732675835e+01
1.1500199625882772e+01	5.6388521563127142e+01
1.1520103555795052e+01	5.6478626057920792e+01
1.1540224387395527e+01	5.5280401323112116e+01
1.1560100026767399e+01	5.3444727446195195e+01
1.1580197637419579e+01	5.1914531634973557e+01
1.1600050046655472e+01	5.2910848197891958e+01
1.1620130752627405e+01	5.4154036805364285e+01
1.1640206974543316e+01	5.5612472181836360e+01
1.1660038159216967e+01	5.7081699247871967e+01
1.1680096271963208e+01	5.8435822637325465e+01
1.1700147263636541e+01	5.9643090481953791e+01
1.1720183902647232e+01	5.9907741720593712e+01
1.1740208172222014e+01	6.0310132589583951e+01
1.1760219357077183e+01	6.5839904357314296e+01
1.1780218712216039e+01	7.0698752783858097e+01
1.1800207598996638e+01	7.4712473530138141e+01
1.1820191443841113e+01	7.7799101191497783e+01
1.1840170777922777e+01	7.9883038178429572e+01
1.1860140156031850e+01	8.0726956029607649e+01
1.1880095096812941e+01	8.0257633960983355e+01
1.1900031144944576e+01	7.8583144792032357e+01
1.1920185070457304e+01	7.5871707527923803e+01
1.1940096272510997e+01	7.2206657767626098e+01
1.1960005517991995e+01	6.7549554043571106e+01
1.1980153491445870e+01	6.2033355693431893e+01
1.2000074445325584e+01	6.2835391497677911e+01
1.2020006982978906e+01	6.7363640040832877e+01
1.2040187051711401e+01	7.1698724471045736e+01
1.2060152107281695e+01	7.5198210637244543e+01
1.2080147350643996e+01	7.7551769130761869e+01
1.2100176095023333e+01	7.8656070477811966e+01
1.2120011178289724e+01	7.8356156353109867e+01
1.2140101660619264e+01	7.6515570409259766e+01
1.2160180501199020e+01	7.3659211992821227e+01
1.2180024216674511e+01	6.9403933192507253e+01
1.2200095818950933e+01	6.3828753272003581e+01
1.2220160603614817e+01	6.1554576919012767e+01
1.2240226482296910e+01	6.2219001251278357e+01
1.2260061977641167e+01	6.1005064422089170e+01
1.2280131238183774e+01	6.3643038942662521e+01
1.2300208170338871e+01	6.5681716657120489e+01
1.2320058752015770e+01	6.6759741664594983e+01
1.2340142594696863e+01	6.9083677891225690e+01
1.2360202098058904e+01	7.1727500361984653e+01
1.2380233221135915e+01	7.4518846266436313e+01
1.2400016830797060e+01	7.7234102686866265e+01
1.2420047003545845e+01	7.9751037183229258e+01
1.2440111422971972e+01	8.1760207109933489e+01
1.2460213086718655e+01	8.3065438720201627e+01
1.2480108925743890e+01	8.3268119497179455e+01
1.2500006054411319e+01	8.2171143490575190e+01
1.2520138257149295e+01	7.9808428411736031e+01
1.2540033825220013e+01	7.6202450886460440e+01
1.2560171225313443e+01	7.0959823823554700e+01
1.2580085534605628e+01	6.4389926046217724e+01
1.2600003109229130e+01	5.6275561828333743e+01
1.2620168803586093e+01	5.4411001466874438e+01
1.2640109987763529e+01	5.6420307069262670e+01
1.2660065572334615e+01	5.8655527917328136e+01
1.2680019163248211e+01	6.1861392313809183e+01
1.2700197039433410e+01	6.5816688108860077e+01
1.2720130003296735e+01	6.9511444642324534e+01
1.2740057746744453e+01	7.3074604287837190e+01
1.2760204457984411e+01	7.5921890730396015e+01
1.2780097938846179e+01	7.8032763311012232e+01
1.2800006319598586e+01	7.9343455449148180e+01
1.2820161857023713e+01	7.9808880746946357e+01
1.2840097097420522e+01	7.8903917154648269e+01
1.2860044131370293e+01	7.7086656778836016e+01
1.2880219610603746e+01	7.4195732937240507e+01
1.2900120587931953e+01	7.0661566965983553e+01
1.2920004358320131e+01	6.6749667049885986e+01
1.2940123361420607e+01	6.1897786094474931e+01
1.2960011053277187e+01	5.6436504451359397e+01
1.2980159283325971e+01	5.0512492731707987e+01
1.3000087082609014e+01	4.4133885966588842e+01
1.3020006479355745e+01	4.2127224093217421e+01
1.3040137880703984e+01	4.2564949624750760e+01
1.3060009076009173e+01	4.3495394430280129e+01
1.3080090187588151e+01	4.6100164661208950e+01
1.3100165180052851e+01	4.7192644013888732e+01
1.3120025226001149e+01	4.7535476935064096e+01
1.3140139743699571e+01	4.6747221921386874e+01
1.3160002502050089e+01	4.5183995452500533e+01
1.3180100617568725e+01	4.5175536959014948e+01
1.3200193447533369e+01	4.5315992542850161e+01
1.3220052647502667e+01	4.4987782722081981e+01
1.3240155837687800e+01	4.4370260874314127e+01
1.3260026097376507e+01	4.3614046329384109e+01
1.3280132387837035e+01	4.2916290128923677e+01
1.3300019338908390e+01	4.2253461010971918e+01
1.3320147445698751e+01	4.1472115415328787e+01
1.3340021648635460e+01	4.1431383005956818e+01
1.3360125640945634e+01	4.4130028731950482e+01
1.3380205651981557e+01	4.3888818597896417e+01
1.3400026889677354e+01	4.0813361014966993e+01
1.3420073938212399e+01	4.2392605093698933e+01
1.3440107239355109e+01	4.6089032030986807e+01
1.3460131931185442e+01	4.6149955815927925e+01
1.3480157018073532e+01	4.6380286157207777e+01
1.3500192166303693e+01	4.8245652527281827e+01
1.3520223694254440e+01	4.8552118379885897e+01
1.3540020363251331e+01	4.8849496080390395e+01
1.3560041769075220e+01	5.0708531395938110e+01
1.3580061645208277e+01	5.2026255222923076e+01
1.3600088467802339e+01	5.2493962201187223e+01
1.3620106960627950e+01	5.1956618444885954e+01
1.3640132071583560e+01	5.5692104656110025e+01
1.3660158928541911e+01	5.8624975736418563e+01
1.3680196371896152e+01	6.0733724635300142e+01
1.3700230656487328e+01	6.2092341143071856e+01
1.3720023591496416e+01	6.2301649207770069e+01
1.3740064309530853e+01	6.1141211372926051e+01
1.3760114136750587e+01	5.9083776583642731e+01
1.3780165793581203e+01	5.6562937467529473e+01
1.3800219679565711e+01	5.4462609951152565e+01
1.3820037349539842e+01	5.4107412352480232e+01
1.3840091079714989e+01	5.4102667799063759e+01
1.3860164021354398e+01	5.6129759980686650e+01
1.3880029262113506e+01	6.3089918646991848e+01
1.3900128016885215e+01	6.6895910165808900e+01
1.3920219095757915e+01	6.5428115515033909e+01
1.3940082101985460e+01	6.3382753169435766e+01
1.3960202822538022e+01	6.8643785157332147e+01
1.3980105214050122e+01	7.7570001106111150e+01
1.4000232232841405e+01	7.9380682334334921e+01
1.4020107792189863e+01	7.2794821821293255e+01
1.4040211213777544e+01	6.4072602786970265e+01
1.4060078886859992e+01	7.3631531503803032e+01
1.4080201424104816e+01	7.4915542000050323e+01
1.4100102252493297e+01	6.8782281382217533e+01
1.4120017962566571e+01	7.0496923441040309e+01
1.4140166264552386e+01	7.2006390306934549e+01
1.4160068053517897e+01	7.3631562242300703e+01
1.4180192485577237e+01	7.3540692840622285e+01
1.4200072791582171e+01	7.3531659621713459e+01
1.4220190468804056e+01	7.7971429218499154e+01
1.4240058958262235e+01	7.7648152638438731e+01
1.4260145538564521e+01	7.0988367198262736e+01
1.4280216995020311e+01	6.9660251807417509e+01
1.4300047130724934e+01	6.7598792310451699e+01
1.4320121065086477e+01	6.5283226851164784e+01
1.4340194509203709e+01	6.4215861877358662e+01
1.4360026627486940e+01	6.6742399154354374e+01
1.4380097126869524e+01	7.0414313036857308e+01
1.4400175888121613e+01	6.9361069252665246e+01
1.4420027281063094e+01	7.0807030002371405e+01
1.4440121234543838e+01	7.2051152950182754e+01
1.4460212023102228e+01	7.3031943508787108e+01
1.4480062945162816e+01	7.3475716191885851e+01
1.4500161396280571e+01	7.3669235593512326e+01
1.4520036013945198e+01	7.2915407680224845e+01
1.4540146466360678e+01	7.1419873945071757e+01
1.4560018837237665e+01	6.9381816648987993e+01
1.4580154505323902e+01	6.6630936051692217e+01
1.4600093015368831e+01	6.3296867324419338e+01
1.4620033828643377e+01	5.9035882038061239e+01
1.4640198235935678e+01	5.4333522220053602e+01
1.4660110810987538e+01	5.4550953068464132e+01
1.4680013467416211e+01	5.3203586895047053e+01
1.4700127524237670e+01	4.9270141263613247e+01
1.4720233111096478e+01	4.3672138720565300e+01
1.4740107190775984e+01	4.0999224063395317e+01
1.4760215028452317e+01	4.4226239349760334e+01
1.4780084201480840e+01	4.6536002367175826e+01
1.4800186971525291e+01	5.1241253128575188e+01
1.4820047545582344e+01	5.2203370145654077e+01
1.4840153292179476e+01	5.0171556519963382e+01
1.4860028010931504e+01	4.7224613483719381e+01
1.4880134182818683e+01	4.6880513056118687e+01
1.4900000657322531e+01	5.0569188955493289e+01
1.4920099452975874e+01	5.3658711595710486e+01
1.4940187099000230e+01	5.5881642022011263e+01
1.4960045324832144e+01	5.7055384507925574e+01
1.4980159098257475e+01	5.5660490863676131e+01
1.5000050609729051e+01	5.1822666613235661e+01
1.5020196417505709e+01	4.8550140049839698e+01
1.5040113968455110e+01	5.2345323366648472e+01
1.5060051996963791e+01	5.5585436381831400e+01
1.5080015599275105e+01	5.4802150871125257e+01
1.5100187754942015e+01	5.5119022622657276e+01
1.5120104604150240e+01	5.9089961837520335e+01
1.5140006583635476e+01	5.8574524961082901e+01
1.5160143606095483e+01	6.0144893501068609e+01
1.5180056834969822e+01	7.1018070775523540e+01
1.5200222799336791e+01	7.6186000185373402e+01
1.5220163830763475e+01	7.3995072767401425e+01
1.5240097549605304e+01	6.4604917011340561e+01
1.5260007785312608e+01	5.0668452169680798e+01
1.5280131286558342e+01	5.0709785865856340e+01
1.5300013988936575e+01	6.5301762577363448e+01
1.5320111796986799e+01	7.5082017912422941e+01
1.5340171433252157e+01	7.7385184261858399e+01
1.5360209252028286e+01	7.1340072479771152e+01
1.5380009845496437e+01	6.5393452860649930e+01
1.5400035175286234e+01	7.5599929145316239e+01
1.5420057328314552e+01	7.9743288287432804e+01
1.5440075873522636e+01	7.8009133660180837e+01
1.5460087254548956e+01	6.9866409254547037e+01
1.5480091842593566e+01	6.5396266631720138e+01
1.5500098374756440e+01	7.3311979954704427e+01
1.5520106973802910e+01	7.6677218726487283e+01
1.5540126310666063e+01	7.3770740988242707e+01
1.5560157571548105e+01	6.3357366142698318e+01
1.5580211020915780e+01	7.3466961642255228e+01
1.5600052107558199e+01	7.9755386000208219e+01
1.5620147443761169e+01	7.9052010834863751e+01
1.5640024251629088e+01	6.9316944822450893e+01
1.5660119447903559e+01	7.7083652863876821e+01
1.5680190930586456e+01	8.4975410704357316e+01
1.5700000202602896e+01	8.5784366569432294e+01
1.5720023040488142e+01	7.8619487635450440e+01
1.5740043102536459e+01	7.4941296979665807e+01
1.5760073087956940e+01	8.5382164040900136e+01
1.5780116037635704e+01	8.8269743813496660e+01
1.5800172500751991e+01	8.3696359067275594e+01
1.5820227757448313e+01	7.2971172807941173e+01
1.5840048308059965e+01	7.7121650058837233e+01
1.5860112190811078e+01	8.0180845930522196e+01
1.5880184305098101e+01	7.6917390123266429e+01
1.5900032104624295e+01	6.9428384910497201e+01
1.5920142285754864e+01	6.2989508820377466e+01
1.5940028683027572e+01	6.8115487936237045e+01
1.5960137178674533e+01	6.7748484325074628e+01
1.5980011446430172e+01	6.2887893574593100e+01
1.6000128340563059e+01	5.4661852174993278e+01
1.6020220215827372e+01	5.5922967948996586e+01
1.6040060060405647e+01	5.6199592756871752e+01
1.6060137288486715e+01	5.2228600543071522e+01
1.6080229452795574e+01	4.6927602717862342e+01
1.6100084376755287e+01	4.8348906316362694e+01
1.6120169495123157e+01	4.4160494619902927e+01
1.6140025105884952e+01	4.3693164419462427e+01
1.6160133844988245e+01	4.9121450056180116e+01
1.6180032670193832e+01	4.8191598878903818e+01
1.6200191758814327e+01	4.7287309110297564e+01
1.6220120555219513e+01	4.7857617993871237e+01
1.6240044898094620e+01	4.7835335414534640e+01
1.6260196127680356e+01	4.7055865958210646e+01
1.6280091613125020e+01	4.9539838185178532e+01
1.6300184863191387e+01	5.0320989139151045e+01
1.6320005492770118e+01	4.9312140145322424e+01
1.6340042831382899e+01	4.9112433133600355e+01
1.6360061535028183e+01	4.8928057793073805e+01
1.6380076617393975e+01	4.7115197144517246e+01
1.6400106251297572e+01	4.6494975371174959e+01
1.6420152834195591e+01	4.6950246943565091e+01
1.6440198504616941e+01	5.3093827008775968e+01
1.6460018909489104e+01	5.7896526762989836e+01
1.6480089464853535e+01	6.0048508540207720e+01
1.6500151390802763e+01	5.9750070216360577e+01
1.6520196103687272e+01	5.7628619970086064e+01
1.6540001831048254e+01	5.3830678733710194e+01
1.6560046350454424e+01	5.3007632726197201e+01
1.6580098428040294e+01	5.7361826103114097e+01
1.6600168591421898e+01	6.2079387806916870e+01
1.6620013894380630e+01	6.5959638548043870e+01
1.6640081615336118e+01	6.6893239905730766e+01
1.6660144743349012e+01	6.3254211232263124e+01
1.6680211911315745e+01	6.2387669378306043e+01
1.6700045292806625e+01	6.5094577902505691e+01
1.6720109449439803e+01	6.4457831811495581e+01
1.6740180137164639e+01	6.5058589566634680e+01
1.6760007770144327e+01	6.6819698763832136e+01
1.6780082674892547e+01	6.7430116012987725e+01
1.6800184422385716e+01	6.5930910839678120e+01
1.6820071963887898e+01	6.2705146007874113e+01
1.6840212812971721e+01	5.8478386640143512e+01
1.6860133075045272e+01	6.0958450911831768e+01
1.6880075665638806e+01	6.2118665853172992e+01
1.6900044001349887e+01	6.2879110185396115e+01
1.6920032762057325e+01	6.1532591244354421e+01
1.6940018110686609e+01	5.8920825462508461e+01
1.6960221694565217e+01	5.5050000585564554e+01
1.6980183335649635e+01	5.5972955114257182e+01
1.7000136715509750e+01	5.4963978179192644e+01
1.7020071228450714e+01	5.1566380442712223e+01
1.7040230742663546e+01	4.7543003287148551e+01
1.7060155005104470e+01	4.6739156738584619e+01
1.7080078983371482e+01	5.3704585415944365e+01
1.7100004706235236e+01	5.8268154901191338e+01
1.7120164336066072e+01	6.0223225896815038e+01
1.7140076859565188e+01	5.9551020667432880e+01
1.7160227621192103e+01	5.6649883851471742e+01
1.7180120724960727e+01	5.3047528445385922e+01
1.7200008376709462e+01	5.8131941309770603e+01
1.7220128069645675e+01	6.0798130332330992e+01
1.7240228288836274e+01	6.1001187037090276e+01
1.7260066026058851e+01	5.8872986809465573e+01
1.7280122397716219e+01	5.5176024710820336e+01
1.7300168660001340e+01	5.0737171861455181e+01
1.7320224522268102e+01	5.0039541380804231e+01
1.7340049615575325e+01	4.9693165678247738e+01
1.7360109281769660e+01	4.7332135737722709e+01
1.7380151092877984e+01	4.3506588424609753e+01
1.7400189313267564e+01	3.9060631982850722e+01
1.7420004493046914e+01	4.1811415033911167e+01
1.7440066294963817e+01	4.6857691597669103e+01
1.7460155460017628e+01	4.7156771270884107e+01
1.7480010558196284e+01	4.9432865916801163e+01
1.7500105776048258e+01	5.7278714456611297e+01
1.7520222090345602e+01	5.5182682303550045e+01
1.7540117434524902e+01	5.1682017775957860e+01
1.7560004975879728e+01	5.6063226418320099e+01
1.7580114379045561e+01	5.0842459809486932e+01
1.7600219405321013e+01	4.9002412396684583e+01
1.7620089102834442e+01	4.9173566643655207e+01
1.7640189346156596e+01	4.8406556994232908e+01
1.7660019694090003e+01	4.6525298806060313e+01
1.7680046322459361e+01	4.7912241695970110e+01
1.7700032779066969e+01	4.7929688002613425e+01
1.7720224835260577e+01	4.2114482358487940e+01
1.7740149260745497e+01	4.6749403882089538e+01
1.7760044492077427e+01	4.8624282955623016e+01
1.7780153267183806e+01	4.7291696059805432e+01
1.7800019215716841e+01	4.3260366956602354e+01
1.7820123072510377e+01	3.6892961327576835e+01
1.7840224363028021e+01	4.0378004160681662e+01
1.7860094377757054e+01	4.3236411797019130e+01
1.7880216260359788e+01	4.2596969505126154e+01
1.7900135183825565e+01	3.8945094001492841e+01
1.7920092012582465e+01	4.0964052443176556e+01
1.7940100965615255e+01	4.0950623154202660e+01
1.7960149042442477e+01	4.0866421586435607e+01
1.7980199868668528e+01	4.0204865265659762e+01
1.8000032407564472e+01	3.9217797803758508e+01
1.8020122259081887e+01	4.5136603594965003e+01
1.8040008379847080e+01	4.8986262140159290e+01
1.8060147059887154e+01	4.5689453612932546e+01
1.8080048462270501e+01	5.1374856282763332e+01
1.8100182018716417e+01	5.3065145733930308e+01
1.8120077278959801e+01	5.0620196713952318e+01
1.8140214790368056e+01	4.6931213312065381e+01
1.8160109438774800e+01	4.8058159848417930e+01
1.8180013549817648e+01	4.7975300486425766e+01
1.8200140612711852e+01	4.6157721042347859e+01
1.8220022203052903e+01	4.4575912452158192e+01
1.8240107558901709e+01	5.0688441286513893e+01
1.8260163779140299e+01	5.2973645787376903e+01
1.8280210862505946e+01	5.3042517011870103e+01
1.8300020325529196e+01	5.2273598712964827e+01
1.8320051827990941e+01	5.7053832033115732e+01
1.8340067401012824e+01	5.5810008207601349e+01
1.8360075409782592e+01	5.4243049987366305e+01
1.8380069581290272e+01	6.0238969778931839e+01
1.8400050968280159e+01	6.7788903554583428e+01
1.8420025705960843e+01	7.2918101747074530e+01
1.8440006833458366e+01	7.5001689125310506e+01
1.8460235206495149e+01	7.3411240852160631e+01
1.8480002098653518e+01	7.0203452869291894e+01
1.8500006398073257e+01	7.4381906163441784e+01
1.8520006775797931e+01	7.1673348327367009e+01
1.8540208408642215e+01	6.8611994526353115e+01
1.8560144365592627e+01	6.9398054495904219e+01
1.8580054216077524e+01	7.8436830857101441e+01
1.8600184436489663e+01	8.2080491224895709e+01
1.8620065104639789e+01	8.0960453368301160e+01
1.8640152095501634e+01	7.6437260052514830e+01
1.8660207332807904e+01	7.0093697117261542e+01
1.8680214551751607e+01	7.2109623224807166e+01
1.8700193893517703e+01	8.2407298209834195e+01
1.8720156598804497e+01	8.9798689583768592e+01
1.8740126355759561e+01	9.3289647726952509e+01
1.8760115748445706e+01	9.2087063673104083e+01
1.8780126810146985e+01	8.6505139327874318e+01
1.8800154529944599e+01	7.7140616453077754e+01
1.8820204332988641e+01	7.5594244608762779e+01
1.8840054598793525e+01	7.0092823298409272e+01
1.8860175866768738e+01	6.4604438636512668e+01
1.8880078981927920e+01	6.8370390858830447e+01
1.8900231154738734e+01	6.6122459076725448e+01
1.8920156806818660e+01	6.2079864154246351e+01
1.8940094996707899e+01	6.8229148652200692e+01
1.8960057553148175e+01	7.0025441291285901e+01
1.8980041683240461e+01	7.2811553539000528e+01
1.9000052030508186e+01	7.4412471353382770e+01
1.9020103975833468e+01	7.4645918107927940e+01
1.9040187325417978e+01	7.3430474302145100e+01
1.9060072837106635e+01	7.2227482661210175e+01
1.9080193103650057e+01	7.0692113747536510e+01
1.9100066094426481e+01	6.8067251394747345e+01
1.9120157246153557e+01	6.6177969666764298e+01
1.9140231154939276e+01	6.4655181773304193e+01
1.9160050200053551e+01	6.3321346512404034e+01
1.9180087307416112e+01	6.3394415252093580e+01
1.9200103865055269e+01	6.3686656408512981e+01
1.9220097146591364e+01	6.3662286921810512e+01
1.9240076781795707e+01	6.3824870583516763e+01
1.9260054594383977e+01	6.5487982303893702e+01
1.9280043529535071e+01	6.6565125154904436e+01
1.9300059794511643e+01	6.7204195943179073e+01
1.9320095612901291e+01	6.6842882930227518e+01
1.9340141908338332e+01	6.6064471346460891e+01
1.9360171480561501e+01	6.5042690239430414e+01
1.9380209304902717e+01	6.9331005474008464e+01
1.9400043716775073e+01	7.2813624153095873e+01
1.9420154767548421e+01	7.5905345665682788e+01
1.9440041771822571e+01	7.8760682645976871e+01
1.9460152663874084e+01	8.0971654572224082e+01
1.9480014570660170e+01	8.2519215334312690e+01
1.9500111694671695e+01	8.3498533270190563e+01
1.9520205102601921e+01	8.3778736018179004e+01
1.9540064060412920e+01	8.3530624934524226e+01
1.9560163719284358e+01	8.2321815913573474e+01
1.9580029206829117e+01	8.0204484765313182e+01
1.9600151087267498e+01	7.7348178311195710e+01
1.9620055294900911e+01	7.4060833943667788e+01
1.9640204291962114e+01	7.0067733848849969e+01
1.9660118693712263e+01	7.2180807064667803e+01
1.9680034951192305e+01	7.3889139541482066e+01
1.9700179049628559e+01	7.5094596716764201e+01
1.9720064269912044e+01	7.5789548429399375e+01
1.9740187039026157e+01	7.6303676628396659e+01
1.9760093684190512e+01	7.6656366728778835e+01
1.9780007551937036e+01	7.6770156401872228e+01
1.9800146316422413e+01	7.6863358382573495e+01
1.9820027316572943e+01	7.6955648209464201e+01
1.9840121546115071e+01	7.7358477066805690e+01
1.9860195499601996e+01	7.8147297650752492e+01
1.9880012503403723e+01	7.9059607961974535e+01
1.9900039375271614e+01	8.0200237840217625e+01
1.9920045258187532e+01	8.1369758374646153e+01
1.9940031734939559e+01	8.2507375677477356e+01
1.9960003697064785e+01	8.3589360606395744e+01
1.9980212994039604e+01	8.4548958454599187e+01
2.0000198448886529e+01	8.4647871705206839e+01
2.0020163610653320e+01	8.3869437063165165e+01
2.0040095546719364e+01	8.2592479877205434e+01
2.0060015141100568e+01	8.0532714095288839e+01
2.0080192516888861e+01	7.7573151967936013e+01
2.0100181747451060e+01	7.3811467174309698e+01
2.0120171234381370e+01	6.9386551935471019e+01
2.0140147273118380e+01	6.4548920595383308e+01
2.0160141882629684e+01	6.0127904473821275e+01
2.0180185466213313e+01	6.4025698248330571e+01
2.0200032895396216e+01	6.7067415541365094e+01
2.0220118454547148e+01	6.9249978348714649e+01
2.0240220109126945e+01	6.9965702033826929e+01
2.0260095100227758e+01	6.9085518592700623e+01
2.0280176509381121e+01	6.6943868865697681e+01
2.0300221136276889e+01	6.3372765171490173e+01
2.0320234944493631e+01	5.8960684500218001e+01
2.0340232992019036e+01	5.3818704190577492e+01
2.0360227132878098e+01	5.6751188922766119e+01
2.0380016191509142e+01	5.9845036889199342e+01
2.0400076971945843e+01	6.2135046052542229e+01
2.0420174403084353e+01	6.3578908404089056e+01
2.0440063465798417e+01	6.4333191894530515e+01
2.0460209076370461e+01	6.4553408678471129e+01
2.0480115967523556e+01	6.4176302759287282e+01
2.0500235970362169e+01	6.3222228841742876e+01
2.0520098072310446e+01	6.6205120422378471e+01
2.0540185285145178e+01	7.0173156091435928e+01
2.0560024248637834e+01	7.2624380546527448e+01
2.0580075091001305e+01	7.3458438356506790e+01
2.0600102988437079e+01	7.2951853587530749e+01
2.0620111913118787e+01	7.1708504910743784e+01
2.0640116986919203e+01	6.9988283643524142e+01
2.0660132084973675e+01	6.7865869606515403e+01
2.0680172599484361e+01	6.5313942473173000e+01
2.0700015027729442e+01	6.2564045307708064e+01
2.0720089386966148e+01	6.0027854382844140e+01
2.0740153629723210e+01	6.0833345747056100e+01
2.0760222623763919e+01	6.1501725606914867e+01
2.0780074286261790e+01	6.2031784024317368e+01
2.0800190354291800e+01	6.1946484773987876e+01
2.0820079807966220e+01	6.0645826835430384e+01
2.0840214374210952e+01	5.7819627068757903e+01
2.0860101110580349e+01	5.3573720463413018e+01
2.0880206840321360e+01	4.8377156517782652e+01
2.0900055904384651e+01	4.4947188895773728e+01
2.0920124907038854e+01	4.4983602300166375e+01
2.0940187635531448e+01	4.6732694624899693e+01
2.0960006065496938e+01	4.7521707420610163e+01
2.0980057196892233e+01	4.6503520669136130e+01
2.1000092919653703e+01	4.3825833001314031e+01
2.1020122949198875e+01	4.0637691636891724e+01
2.1040132228656116e+01	4.1823916377098733e+01
2.1060129921006599e+01	4.1689325295482810e+01
2.1080143975049698e+01	4.2421379445823270e+01
2.1100176842521524e+01	4.6111106691071058e+01
2.1120227506783369e+01	4.8720789443909375e+01
2.1140038787907557e+01	5.0238064005480432e+01
2.1160066077780424e+01	5.0849894904642660e+01
2.1180069051208378e+01	5.0868535309529818e+01
2.1200047763985339e+01	5.0415750336807172e+01
2.1220013246181985e+01	4.9231421822831265e+01
2.1240199015670083e+01	4.7103046274477585e+01
2.1260148901787755e+01	4.4178040330659222e+01
2.1280106078981866e+01	4.5561649142946401e+01
2.1300056626828187e+01	4.4159963929966729e+01
2.1320009406917436e+01	4.2421127356569478e+01
2.1340210457879802e+01	4.5025613120812920e+01
2.1360179496800768e+01	4.7359547445128442e+01
2.1380168611026662e+01	4.9883706042652058e+01
2.1400176754268209e+01	4.9940749298672579e+01
2.1420189489656149e+01	5.1724589423153937e+01
2.1440234029295965e+01	5.1207065845940058e+01
2.1460062828507830e+01	4.8193253295472431e+01
2.1480154752249636e+01	4.6086296348895786e+01
2.1500052896481460e+01	4.8128948692033738e+01
2.1520206142334580e+01	5.2811162633793778e+01
2.1540107751870494e+01	5.5074971441410661e+01
2.1560220405638308e+01	5.5030396604758472e+01
2.1580078133097668e+01	5.3227048583582274e+01
2.1600142880023082e+01	4.9999363189360764e+01
2.1620200025845453e+01	5.1669871630928085e+01
2.1640033316340229e+01	5.2851480653589093e+01
2.1660099731741809e+01	5.2349279681143948e+01
2.1680173824276213e+01	5.0403398395792692e+01
2.1700009632914476e+01	4.6973020778334309e+01
2.1720095302663101e+01	5.1362295636984967e+01
2.1740194336221016e+01	5.3164131033656602e+01
2.1760052790460211e+01	5.2595992467120539e+01
2.1780154431876316e+01	4.9799198910586874e+01
2.1800034842845012e+01	5.0949861612364401e+01
2.1820151207582985e+01	5.2153567937383421e+01
2.1840029169109851e+01	4.9129816245860539e+01
2.1860138619948284e+01	4.4571913744136097e+01
2.1880006306698384e+01	4.5697768152270648e+01
2.1900112827455406e+01	4.4678888508446811e+01
2.1920199298488637e+01	4.4279269705177718e+01
2.1940044599319986e+01	4.2888171320679326e+01
2.1960124309330570e+01	4.6027206838562925e+01
2.1980196037189344e+01	5.0788920544426894e+01
2.2000041785418308e+01	5.0047899772089977e+01
2.2020130437624680e+01	4.8267343377127766e+01
2.2040206408104751e+01	5.4067915227277915e+01
2.2060035548672850e+01	5.4004340313990490e+01
2.2080099802524778e+01	4.9418894213864085e+01
2.2100182907058404e+01	5.3943792309660445e+01
2.2120047637575603e+01	5.3228217998944842e+01
2.2140155260892399e+01	4.6904110699180180e+01
2.2160022901773111e+01	4.9419912583601956e+01
2.2180118609578013e+01	4.7072110682938614e+01
2.2200203268966902e+01	4.1973280966274693e+01
2.2220067976201051e+01	4.4408846648419896e+01
2.2240180262604646e+01	4.5293050479622238e+01
2.2260048390472203e+01	4.4469557172644919e+01
2.2280151678235683e+01	4.3556946444790633e+01
2.2300019359510120e+01	4.4823678351785830e+01
2.2320124453596545e+01	4.8951751483515018e+01
2.2340224555894878e+01	5.0760655168718436e+01
2.2360087138484179e+01	4.8952691370236437e+01
2.2380188114004987e+01	5.1816607108169201e+01
2.2400056413362076e+01	5.3644594353477054e+01
2.2420174474504957e+01	5.2191651474236963e+01
2.2440061083991175e+01	5.0134776770865372e+01
2.2460157096234902e+01	4.6950141507912797e+01
2.2480226699856569e+01	5.0936522428292648e+01
2.2500044487195080e+01	5.4939177150143195e+01
2.2520094943505686e+01	5.5836547321867755e+01
2.2540133035955787e+01	5.3372240180596073e+01
2.2560163475145284e+01	5.8135369740126563e+01
2.2580191069279987e+01	6.0722723855605572e+01
2.2600226098694854e+01	6.1233871905721998e+01
2.2620044159899148e+01	5.9072964466642446e+01
2.2640108052116446e+01	5.4452827339470794e+01
2.2660178592633347e+01	5.1968673037807164e+01
2.2680031746245820e+01	5.1577717157137187e+01
2.2700110444610964e+01	5.4834272512463592e+01
2.2720151532017297e+01	5.7674804728747560e+01
2.2740177930919664e+01	5.9556200059076495e+01
2.2760207358228296e+01	6.0504659784712004e+01
2.2780007338040985e+01	6.0844638565483613e+01
2.2800029633336710e+01	6.0747957055444203e+01
2.2820027039266737e+01	5.9785269988476209e+01
2.2840004628255596e+01	5.7810396404172472e+01
2.2860205038492420e+01	5.5177046867226075e+01
2.2880174697590483e+01	5.1867674837369975e+01
2.2900157758144491e+01	5.0769251281337581e+01
2.2920134905714200e+01	4.9226210807916402e+01
2.2940099039990319e+01	4.7846124674866282e+01
2.2960053169884173e+01	4.5154189675609452e+01
2.2980227345541007e+01	4.4333219087499906e+01
2.3000179378887502e+01	4.7794067424465368e+01
2.3020145748719603e+01	4.9965832479513637e+01
2.3040110042914744e+01	5.0890657627890739e+01
2.3060057520661946e+01	5.1485991707671523e+01
2.3080223924095090e+01	5.3094972737309000e+01
2.3100158311038925e+01	5.2055424393084472e+01
2.3120117559586550e+01	5.3402049322874298e+01
2.3140130430618505e+01	5.4780477236166718e+01
2.3160200734837805e+01	5.4563096267130781e+01
2.3180053887023323e+01	5.3486675068368640e+01
2.3200134322568534e+01	5.1889560226989552e+01
2.3220201995181583e+01	4.9962040608525946e+01
2.3240026810313594e+01	4.7232076924986835e+01
2.3260071797183109e+01	4.7856751347459074e+01
2.3280110598508308e+01	4.9742465006976097e+01
2.3300157818868101e+01	5.5507948724963811e+01
2.3320203144496503e+01	4.9778619860503866e+01
2.3340018318103500e+01	5.9538668389785506e+01
2.3360079885610308e+01	5.4217197826601385e+01
2.3380126183368599e+01	5.0788295583912557e+01
2.3400156238134837e+01	5.0347905160336211e+01
2.3420153479404604e+01	5.1859931127643705e+01
2.3440122309239680e+01	5.5248750799406785e+01
2.3460065492097293e+01	5.9963260385192626e+01
2.3480013759350282e+01	6.2943799530363570e+01
2.3500208370979951e+01	6.5047618558115587e+01
2.3520167537031888e+01	6.6072511147135572e+01
2.3540145056785423e+01	6.5386340871367636e+01
2.3560153635709579e+01	6.3634435258518728e+01
2.3580179807158885e+01	6.1181393361176717e+01
2.3600207907198975e+01	5.8171445650111011e+01
2.3620006162195338e+01	5.3797918044201033e+01
2.3640050350320035e+01	5.8732266760777101e+01
2.3660092186540695e+01	5.8212314702115897e+01
2.3680149229038403e+01	5.9310967505578425e+01
2.3700229676650515e+01	5.9767824255424053e+01
2.3720087741754675e+01	5.8748407993647191e+01
2.3740197627895281e+01	5.6513493591812797e+01
2.3760081996477997e+01	5.3722291566174000e+01
2.3780197575168085e+01	5.4601237160056151e+01
2.3800069328895020e+01	5.6477329374945938e+01
2.3820167486060637e+01	5.7946783587825450e+01
2.3840022504587377e+01	5.8959672782233284e+01
2.3860108531042027e+01	6.2893715785548331e+01
2.3880183307548840e+01	6.6215499442386005e+01
2.3900014916916845e+01	6.8387477594699789e+01
2.3920083808390221e+01	6.9305028443016681e+01
2.3940155597745065e+01	7.1515815473379078e+01
2.3960000848612538e+01	7.3965185240061743e+01
2.3980090905269314e+01	7.5379354905762241e+01
2.4000197931420665e+01	7.5161717539811960e+01
2.4020093899461344e+01	7.2738848905675383e+01
2.4040006983102923e+01	6.8361185440706691e+01
2.4060167107782668e+01	6.6192892828200314e+01
2.4080109517104216e+01	6.6368610030138072e+01
2.4100057706819108e+01	6.4695895420395317e+01
2.4120235260627371e+01	6.1595330124318913e+01
2.4140162709990449e+01	5.8274980936022907e+01
2.4160089912328520e+01	5.8953836047904069e+01
2.4180001371070937e+01	5.8097793883480833e+01
2.4200117261226435e+01	5.7363603462494872e+01
2.4220207603330991e+01	6.2806442268894969e+01
2.4240060255384904e+01	6.6510821997736869e+01
2.4260164074404670e+01	6.8317674866366076e+01
2.4280022802655910e+01	6.7824791914769179e+01
2.4300082518480121e+01	6.4725557049873231e+01
2.4320129053562034e+01	6.0228604593586844e+01
2.4340190763655830e+01	6.3665455875487218e+01
2.4360035687678636e+01	6.9063857152263807e+01
2.4380122743394786e+01	7.2544278559344406e+01
2.4400209994948529e+01	7.2689869192858609e+01
2.4420063868326078e+01	6.9323403580208563e+01
2.4440163252107656e+01	6.3103690162331411e+01
2.4460030836603384e+01	5.4446695041563210e+01
2.4480133797241553e+01	4.8565046814338587e+01
2.4500012427562911e+01	5.4905174421813378e+01
2.4520140409500247e+01	6.4388072369089542e+01
2.4540016583320799e+01	7.1406061572608863e+01
2.4560124723818049e+01	7.4396673012333082e+01
2.4580010348152886e+01	7.3481726594863787e+01
2.4600166233392368e+01	6.8417600967725562e+01
2.4620086481965419e+01	5.9989779673137818e+01
2.4640002237047238e+01	5.0685474681919224e+01
2.4660140041672385e+01	5.0658846017739648e+01
2.4680013801080285e+01	5.0540039167837108e+01
2.4700076836722030e+01	5.7392558459010914e+01
2.4720090075991060e+01	5.9614384045295964e+01
2.4740066266405741e+01	5.7375217584982089e+01
2.4760038844712849e+01	5.3002372070883027e+01
2.4780027808759240e+01	5.2077499082436432e+01
2.4800076711809858e+01	5.0406234898947304e+01
2.4820175286182184e+01	5.0661577753453500e+01
2.4840065213265287e+01	5.2437841596909394e+01
2.4860222493689687e+01	4.9587917468164378e+01
2.4880146459855119e+01	4.8406401688814086e+01
2.4900065355364795e+01	5.2913136404133724e+01
2.4920213631603346e+01	5.4266640996205041e+01
2.4940125868832745e+01	5.3693571825223444e+01
2.4960036648191796e+01	5.3128574104177510e+01
2.4980158758593593e+01	5.6397552795757576e+01
2.5000020176794344e+01	5.8353697237888582e+01
2.5020098810153115e+01	5.4675043355105437e+01
2.5040176670237599e+01	5.3338858545134372e+01
2.5060006620440333e+01	5.8505920466586240e+01
2.5080045498063289e+01	5.8397549468787602e+01
2.5100059767900419e+01	5.6987690168100890e+01
2.5120058785784309e+01	5.8891206416739116e+01
2.5140052291956305e+01	5.6064243395843796e+01
2.5160048491729174e+01	5.3507731414109003e+01
2.5180048387972935e+01	5.6426806309283656e+01
2.5200063998870057e+01	5.8726204802997344e+01
2.5220101267942677e+01	5.5561473646943078e+01
2.5240111041498910e+01	4.8876992599085966e+01
2.5260090375153933e+01	4.7834016811880815e+01
2.5280047600410256e+01	5.2313058705648658e+01
2.5300221214974979e+01	5.2089342528292214e+01
2.5320154461353695e+01	5.1397977620461894e+01
2.5340097746091587e+01	5.3462501623617918e+01
2.5360056173585274e+01	5.5383082896667517e+01
2.5380031719423773e+01	6.0717094945906226e+01
2.5400008616216113e+01	6.1856293521994438e+01
2.5420221901820707e+01	5.8362983292194208e+01
2.5440199613879791e+01	6.7551431804824531e+01
2.5460160817579027e+01	7.2147150387947775e+01
2.5480115298668835e+01	7.0290347383688484e+01
2.5500079650749974e+01	6.2409051191621472e+01
2.5520066795959497e+01	5.6481326948816019e+01
2.5540063193955458e+01	5.2607123541976222e+01
2.5560068541297394e+01	5.4733993407918888e+01
2.5580056185241538e+01	5.5864715549136989e+01
2.5600026731707541e+01	5.8454522011283615e+01
2.5620211731710732e+01	5.9875997605043217e+01
2.5640145639877957e+01	5.9683840851521794e+01
2.5660065880271254e+01	5.7765853761738846e+01
2.5680215276883679e+01	5.4280071922839070e+01
2.5700129425266400e+01	5.3338483945294726e+01
2.5720057835333179e+01	5.7841099871617217e+01
2.5740002781701623e+01	6.1016941652146130e+01
2.5760199434549147e+01	6.1690614064242496e+01
2.5780193562236644e+01	5.9253273414953284e+01
2.5800215823597107e+01	5.3319080201598418e+01
2.5820012449507555e+01	5.5580010458984255e+01
2.5840049136688357e+01	5.9516033014531821e+01
2.5860077647751059e+01	6.0209564660698419e+01
2.5880084687324540e+01	5.7106760977563781e+01
2.5900069478978622e+01	5.1246842261997614e+01
2.5920019901395488e+01	5.7712169113992644e+01
2.5940166082413299e+01	6.0252839414638537e+01
2.5960061698641759e+01	5.7888660143483392e+01
2.5980184438560045e+01	5.4628489420400946e+01
2.6000072955042878e+01	5.8945234072247665e+01
2.6020174632808573e+01	6.2687707889550758e+01
2.6040047483169097e+01	6.4688667026935676e+01
2.6060154758551242e+01	6.3946163834932044e+01
2.6080033610289330e+01	6.7650392674481168e+01
2.6100176258986352e+01	6.4189888354887600e+01
2.6120107947827638e+01	6.6224555053958369e+01
2.6140077489850505e+01	7.1741596628745455e+01
2.6160091812676374e+01	6.6987578144090378e+01
2.6180153081444594e+01	7.3821771716444971e+01
2.6200212363272335e+01	7.6055303803040161e+01
2.6220005338584784e+01	7.2175082239467699e+01
2.6240006882536392e+01	6.3042801369211595e+01
2.6260230215385040e+01	6.2935741786899207e+01
2.6280206047239336e+01	6.1853099832648915e+01
2.6300170964932423e+01	6.7627081896113950e+01
2.6320125776131583e+01	6.7971252442979434e+01
2.6340091532164518e+01	6.3521562782379817e+01
2.6360078105238365e+01	6.2261751987488772e+01
2.6380085574696825e+01	6.6651017186308692e+01
2.6400112228251430e+01	6.5567874197491221e+01
2.6420175127001972e+01	6.0333555728632113e+01
2.6440026858473725e+01	6.4556101826476095e+01
2.6460125004613957e+01	6.5348249227006391e+01
2.6480002605186819e+01	6.0612948867176364e+01
2.6500117492270515e+01	6.3907856861996549e+01
2.6520218404452745e+01	6.4017905945002170e+01
2.6540074553163265e+01	6.1387330596202808e+01
2.6560157544578811e+01	6.0717761211997718e+01
2.6580231770602207e+01	6.0797222033207866e+01
2.6600060485417924e+01	5.5208514096671429e+01
2.6620112120473372e+01	5.7757500747618238e+01
2.6640147639189088e+01	5.9688342581909481e+01
2.6660188664685936e+01	6.0996097321449064e+01
2.6680008080187484e+01	6.1578678942894328e+01
2.6700078030881457e+01	6.1474496852412400e+01
2.6720180769973123e+01	6.0888914648910699e+01
2.6740068054925828e+01	6.0171617795212683e+01
2.6760199125796241e+01	5.9687707128386684e+01
2.6780090676825214e+01	5.9197140953466999e+01
2.6800205573671150e+01	5.8225272517728023e+01
2.6820074342170003e+01	5.6562908523853253e+01
2.6840166805579205e+01	5.4186378072654989e+01
2.6860017915421544e+01	5.1400215839215527e+01
2.6880114302956237e+01	5.1427936598262299e+01
2.6900232203814966e+01	5.2061374489370451e+01
2.6920135285568747e+01	5.1579764495694619e+01
2.6940032252082130e+01	5.2670798394149173e+01
2.6960170908779869e+01	5.3732590345492177e+01
2.6980089454834985e+01	5.3134101133880854e+01
2.7000001403088586e+01	5.1427604479572310e+01
2.7020112661861866e+01	5.0205758408045284e+01
2.7040215370051843e+01	4.7931759806459148e+01
2.7060094985888437e+01	4.5256021510398519e+01
2.7080191816416896e+01	4.8484985116421022e+01
2.7100043394132811e+01	5.0895575309563995e+01
2.7120142555192892e+01	5.2948752370210599e+01
2.7140025165553947e+01	5.4804423218071399e+01
2.7160139385750597e+01	5.6621243978961942e+01
2.7180011832511518e+01	5.8295518673096225e+01
2.7200104990294719e+01	5.9779780979245068e+01
2.7220180361453224e+01	6.0824117558585414e+01
2.7240006498916426e+01	6.1349171545489362e+01
2.7260069130198247e+01	6.1622448877181206e+01
2.7280124643648591e+01	6.1754966916312441e+01
2.7300166225866963e+01	6.1877015837501361e+01
2.7320209732837835e+01	6.3299898275946191e+01
2.7340038216666869e+01	6.3784741106552374e+01
2.7360123856963416e+01	6.2760360057797755e+01
2.7380216236019383e+01	5.9308744191255848e+01
2.7400072641430583e+01	6.1937999208538784e+01
2.7420174822951200e+01	6.2864437012575557e+01
2.7440061305750678e+01	6.2628668497627530e+01
2.7460178484954078e+01	6.6447323743394819e+01
2.7480066447797945e+01	7.2054011499733193e+01
2.7500209335942234e+01	7.6225400690653629e+01
2.7520128731024574e+01	7.8326345376103461e+01
2.7540040125623694e+01	7.8866903230606951e+01
2.7560172607550665e+01	7.8181538743478413e+01
2.7580055487097155e+01	7.6519232851966237e+01
2.7600148329251766e+01	7.4405835192248148e+01
2.7620213657339121e+01	7.1984693463967886e+01
2.7640016163980697e+01	6.9174192974071261e+01
2.7660025461013955e+01	7.0170358295436856e+01
2.7680017285280066e+01	7.5929336067431663e+01
2.7700003604147977e+01	8.0922333150819696e+01
2.7720220428279848e+01	8.4630839494877080e+01
2.7740202521931447e+01	8.6458109815459807e+01
2.7760196462829565e+01	8.5688822959731198e+01
2.7780214693668395e+01	8.2294944938515656e+01
2.7800020289518674e+01	7.7409259469611953e+01
2.7820080920523552e+01	7.2676657411656777e+01
2.7840146814004264e+01	7.5391836186968774e+01
2.7860209710395047e+01	7.5720706014582191e+01
2.7880010299066623e+01	7.4250904671930797e+01
2.7900026368603992e+01	7.0982790208949993e+01
2.7920034975069157e+01	6.6628277744965317e+01
2.7940047705786444e+01	6.7313850196127518e+01
2.7960035537745952e+01	6.7751875693160500e+01
2.7980001997443022e+01	6.6686308093601198e+01
2.8000205381065062e+01	6.4836599159774607e+01
2.8020161108573863e+01	6.4093055218164110e+01
2.8040127061718341e+01	6.6089367406134713e+01
2.8060107428151433e+01	6.6629611937144560e+01
2.8080097951286717e+01	6.5895352499178330e+01
2.8100094389987916e+01	6.3580363824523992e+01
2.8120108984323146e+01	6.4581083680346453e+01
2.8140152752804340e+01	6.6157437502378656e+01
2.8160209360659437e+01	6.6467617846307817e+01
2.8180022684517461e+01	6.5367984643404199e+01
2.8200066149303236e+01	6.2681515747952993e+01
2.8220091570794622e+01	6.1576862864658139e+01
2.8240099229610166e+01	6.1604472131657310e+01
2.8260107857859889e+01	6.0897138901745805e+01
2.8280126537254457e+01	6.5279922168858803e+01
2.8300149924624954e+01	6.8975592602551060e+01
2.8320170583794869e+01	6.9476728903486645e+01
2.8340191456325371e+01	6.5928984080731752e+01
2.8360225535986135e+01	6.3819363367153152e+01
2.8380043265586409e+01	5.9943544865408235e+01
2.8400101064906959e+01	6.5645335096443688e+01
2.8420175380244935e+01	6.9249614512170027e+01
2.8440039250561163e+01	6.7593652390856505e+01
2.8460141846354258e+01	6.0348080115821389e+01
2.8480227810216402e+01	5.6091733199195907e+01
2.8500062810535667e+01	6.1526011809583061e+01
2.8520134921285955e+01	6.5303364737460328e+01
2.8540210374322434e+01	6.5562064337265454e+01
2.8560053833447785e+01	6.2962415324677877e+01
2.8580131856870690e+01	6.6315123532181076e+01
2.8600195684747700e+01	7.3150744509133858e+01
2.8620012250369776e+01	7.5355304799773037e+01
2.8640062108850586e+01	7.3310257272093182e+01
2.8660099413722527e+01	7.8482538539854659e+01
2.8680135259740005e+01	8.8934930395505347e+01
2.8700176303251208e+01	9.2483518792775456e+01
2.8720229135364143e+01	8.8565693977285989e+01
2.8740048735143695e+01	8.3773581207665487e+01
2.8760106938991800e+01	8.8511403456672781e+01
2.8780178925162957e+01	8.5166092977956680e+01
2.8800034062181265e+01	7.5101154281074017e+01
2.8820150638591194e+01	6.8308154304647360e+01
2.8840048952377927e+01	8.1348532888333423e+01
2.8860162628923806e+01	8.7743526827418407e+01
2.8880019801136118e+01	8.6015093250002963e+01
2.8900080249823070e+01	7.7213924016260350e+01
2.8920111276272046e+01	7.7504743231964639e+01
2.8940106286931218e+01	7.3356677281282714e+01
2.8960066406728938e+01	6.4356281106409384e+01
2.8980223358859998e+01	6.2538015763486115e+01
2.9000118828764698e+01	7.1410376667354441e+01
2.9020227551457960e+01	7.5084209393281412e+01
2.9040103665414364e+01	7.3761893268005608e+01
2.9060226657376294e+01	7.1631941104363705e+01
2.9080135554817957e+01	7.7424552532367258e+01
2.9100074113062135e+01	7.9321041889237279e+01
2.9120033033619158e+01	7.7456192759224649e+01
2.9140012486965141e+01	7.2866338063330090e+01
2.9160014386312156e+01	7.5860838926724739e+01
2.9180026842188227e+01	7.6362302206236521e+01
2.9200044279846683e+01	7.3126433769496956e+01
2.9220067501711412e+01	6.9849557692298120e+01
2.9240112270086517e+01	7.0834983360299063e+01
2.9260183604907617e+01	6.6552683465224462e+01
2.9280013276391603e+01	5.8337156581557124e+01
2.9300040155894237e+01	5.7315053056611163e+01
2.9320033806639245e+01	6.0411734726763648e+01
2.9340230620831285e+01	6.7018807547842101e+01
2.9360170633841431e+01	6.8409870618097855e+01
2.9380098046851359e+01	7.1266033906569831e+01
2.9400018033205406e+01	7.6511809610971412e+01
2.9420157670927832e+01	7.7192435365645423e+01
2.9440053883364254e+01	7.4255755886621685e+01
2.9460179203753274e+01	6.8932988509487473e+01
2.9480063765843958e+01	6.2223889932263276e+01
2.9500169613082100e+01	5.8811516865100820e+01
2.9520027883572496e+01	5.3233355983250590e+01
2.9540106760082995e+01	5.8547701297704030e+01
2.9560180480616665e+01	6.1720029016518005e+01
2.9580038778259741e+01	6.0142173795745308e+01
2.9600182378880131e+01	5.3438921420530718e+01
2.9620144875312807e+01	5.0450931698001675e+01
2.9640121334938087e+01	5.5859900541613769e+01
2.9660113452188664e+01	5.7224552055468919e+01
2.9680145591493147e+01	5.4115624140023897e+01
2.9700223530600407e+01	5.1608283139121738e+01
2.9720073723642280e+01	4.8999310433416071e+01
2.9740138160067268e+01	4.9943880126800259e+01
2.9760170916375998e+01	4.9913004241539355e+01
2.9780186312456337e+01	4.6386863842376897e+01
2.9800187529877402e+01	4.7519423313740525e+01
2.9820183116947081e+01	5.0030517301581746e+01
2.9840180142909912e+01	5.1054463678498664e+01
2.9860183111022284e+01	5.0384552505916695e+01
2.9880182991302053e+01	4.9234723868976673e+01
2.9900179713704357e+01	5.2847880465362991e+01
2.9920178876002872e+01	5.1306858347722887e+01
2.9940181968021907e+01	5.2866703652798627e+01
2.9960186692728488e+01	4.9691834820376215e+01
2.9980190310825673e+01	4.8425109520411972e+01
3.0000189041470033e+01	4.9825054377041020e+01
3.0020182955896377e+01	5.0121782866136023e+01
3.0040169058998472e+01	5.0901038061740834e+01
3.0060152200236519e+01	5.6349626071412125e+01
3.0080132575291529e+01	5.8221139386512988e+01
3.0100111329130829e+01	5.7391699658501238e+01
3.0120096787511340e+01	5.4370875614685268e+01
3.0140098733718606e+01	5.1037486570595838e+01
3.0160125786223887e+01	5.3264609553782229e+01
3.0180163689513520e+01	5.9148639788148955e+01
3.0200185819841685e+01	6.4315292102563234e+01
3.0220218030459332e+01	6.9326614882772262e+01
3.0240020224445949e+01	7.4031746332278615e+01
3.0260055995928187e+01	7.6367255978732672e+01
3.0280094310021855e+01	7.5313857816684276e+01
3.0300139600796271e+01	7.1051373545452208e+01
3.0320211344914185e+01	6.5382321338134247e+01
3.0340099040505535e+01	6.0770024288253879e+01
3.0360022359398005e+01	5.7762963999755776e+01
3.0380182512285042e+01	5.6097861480257713e+01
3.0400106094595124e+01	5.7026806456058516e+01
3.0420035480811858e+01	5.9989030017343119e+01
3.0440189718024254e+01	6.2397891162456588e+01
3.0460092239451026e+01	6.4448344256926674e+01
3.0480219861518105e+01	6.5984893794029347e+01
3.0500126221017247e+01	6.7368424233065213e+01
3.0520036855573835e+01	6.8423870402553007e+01
3.0540176609261810e+01	6.9342647793869787e+01
3.0560074356469830e+01	7.0231742272571353e+01
3.0580217733498088e+01	7.0857592566031954e+01
3.0600140327713643e+01	7.1724432311118207e+01
3.0620094689837622e+01	7.2078859022941870e+01
3.0640037429942801e+01	7.2080617103414681e+01
3.0660178892611270e+01	7.2343807104609269e+01
3.0680051293943983e+01	7.2593679572272663e+01
3.0700145193361941e+01	7.2915832559316868e+01
3.0720215499316957e+01	7.3221080677585505e+01
3.0740042618707264e+01	7.3849256592252033e+01
3.0760109172461039e+01	7.4085668538788596e+01
3.0780170443598056e+01	7.4336665197867561e+01
3.0800226984095083e+01	7.5004158781422618e+01
3.0820032011059268e+01	7.5753100857316014e+01
3.0840066639995193e+01	7.6850617448552086e+01
3.0860104638359246e+01	7.7738652027331142e+01
3.0880131832363254e+01	7.8105555082924084e+01
3.0900148925803645e+01	7.8151228893023159e+01
3.0920162041322868e+01	7.7349271714446630e+01
3.0940187063433306e+01	7.5539428383614762e+01
3.0960227525458009e+01	7.5690765997597168e+01
3.0980038609366531e+01	7.7294619907500632e+01
3.1000080177883881e+01	7.8967129192934948e+01
3.1020126266274072e+01	8.1083729837534449e+01
3.1040174773623292e+01	8.3698609409438333e+01
3.1060229961847661e+01	8.6248259083819519e+01
3.1080061629794876e+01	8.8615522840624593e+01
3.1100150027441689e+01	9.1295056274833428e+01
3.1120018859375385e+01	9.4061517314263952e+01
3.1140139968724011e+01	9.6809203887663145e+01
3.1160034166389238e+01	9.8900796724488572e+01
3.1180164334802633e+01	1.0049889703507986e+02
3.1200050790524617e+01	1.0154095413037217e+02
3.1220166322861765e+01	1.0141013554479204e+02
3.1240030671542790e+01	9.9998469674247474e+01
3.1260108752728435e+01	9.7390771139627205e+01
3.1280171380857659e+01	9.3491160376081496e+01
3.1300005899780082e+01	8.8096165524278803e+01
3.1320076280683523e+01	8.1303291370180162e+01
3.1340133146076830e+01	7.2626486004114483e+01
3.1360180014496866e+01	6.2957556753454647e+01
3.1380217840411447e+01	6.1129830388486717e+01
3.1400015086172520e+01	6.0819812800951411e+01
3.1420045382027801e+01	6.0027957739954374e+01
3.1440073912500566e+01	6.2636950432457368e+01
3.1460101800284377e+01	6.4495724918646218e+01
3.1480127516733173e+01	6.6880560529079077e+01
3.1500141639366312e+01	6.4574837095522312e+01
3.1520158994063053e+01	5.8480212935174102e+01
3.1540174099468000e+01	5.9184925415455851e+01
3.1560200107369241e+01	5.9399400554927730e+01
3.1580232859584697e+01	5.6745512354119121e+01
3.1600052508167767e+01	5.5397820161942192e+01
3.1620139149554966e+01	5.7204503819470538e+01
3.1640019149750891e+01	5.8756894198985940e+01
3.1660161911603950e+01	5.9377921094095008e+01
3.1680065710527778e+01	5.8888917183577561e+01
3.1700191415883527e+01	5.9402990714009597e+01
3.1720069769058288e+01	5.8262824765809384e+01
3.1740185091093366e+01	5.5628849459077628e+01
3.1760074675470360e+01	5.5499818377647131e+01
3.1780220308156728e+01	5.3614777239273458e+01
3.1800138213772101e+01	6.2946252260120964e+01
3.1820043701148720e+01	6.8721708489682896e+01
3.1840182401718845e+01	6.9054269428193422e+01
3.1860072616493298e+01	6.5672918922695445e+01
3.1880181104474044e+01	6.0720274846773407e+01
3.1900028269171539e+01	6.7697860045191533e+01
3.1920082305521177e+01	6.4648654046785111e+01
3.1940099958251654e+01	7.3222983787116064e+01
3.1960077303894174e+01	7.4992881624938647e+01
3.1980008809682907e+01	7.3311348941216636e+01
3.2000132839039829e+01	7.7898445533379657e+01
3.2020222503124430e+01	8.3653494469192012e+01
3.2040071002533637e+01	7.3341070084398240e+01
3.2060181117554308e+01	6.7785613583356977e+01
3.2080080720065816e+01	6.3407146432055647e+01
3.2100005925961447e+01	7.7195212358462555e+01
3.2120211109887627e+01	8.7435812180009819e+01
3.2140202272942417e+01	8.2779134906691695e+01
3.2160199336166244e+01	6.5973437210579092e+01
3.2180191632318078e+01	6.9949068259976158e+01
3.2200173190419733e+01	7.4691078844496033e+01
3.2220173075766610e+01	7.3768743611513315e+01
3.2240220122015550e+01	7.3780633488453219e+01
3.2260079421980322e+01	7.2279355552835071e+01
3.2280201776210284e+01	6.8784003750854396e+01
3.2300094213274839e+01	6.6564299332434956e+01
3.2320216324299281e+01	7.2023061629261065e+01
3.2340099801868170e+01	7.1515375481255546e+01
3.2360233311244421e+01	6.4110758809012722e+01
3.2380135179514511e+01	6.0938623228436924e+01
3.2400014011493923e+01	6.0390191978269485e+01
3.2420112916509424e+01	6.3799736133773280e+01
3.2440217137421342e+01	6.6530645047087106e+01
3.2460102766134597e+01	6.5127866262735139e+01
3.2480001786225827e+01	6.2412600976994689e+01
3.2500156684331301e+01	6.4500994398020026e+01
3.2520086271648303e+01	6.6852126996245332e+01
3.2540023602163593e+01	6.5437564341014024e+01
3.2560195749561103e+01	6.0479160747436175e+01
3.2580119973037149e+01	6.4627760580918974e+01
3.2600056137997129e+01	7.1864083663002830e+01
3.2620008855984814e+01	7.6790825667383658e+01
3.2640189501721430e+01	7.7318628975541998e+01
3.2660124277314182e+01	7.2046015097421432e+01
3.2680056176671492e+01	6.8447280240280563e+01
3.2700235398184155e+01	6.8953319323787454e+01
3.2720177856378747e+01	6.9067963576467960e+01
3.2740106426804829e+01	6.8859980938649656e+01
3.2760034364584591e+01	6.7565910877385150e+01
3.2780218951634545e+01	6.4825848076073683e+01
3.2800190166715176e+01	6.1941036814787459e+01
3.2820168314574801e+01	6.0031922862373236e+01
3.2840133283135401e+01	6.7891261536559256e+01
3.2860087074331915e+01	7.1341210116174523e+01
3.2880024172021656e+01	6.9979395585549725e+01
3.2900179641106838e+01	6.4103639427089831e+01
3.2920086324814598e+01	6.2718915471829789e+01
3.2940223971726788e+01	6.4599843446417523e+01
3.2960119212365065e+01	6.6328621650367850e+01
3.2980005099309004e+01	6.7200028126354098e+01
3.3000115247406370e+01	6.6594293777887046e+01
3.3020207133226641e+01	6.3989092346395338e+01
3.3040041779298974e+01	5.9567395495502488e+01
3.3060104268780997e+01	5.3507090764920299e+01
3.3080171749303283e+01	5.6479397195954078e+01
3.3100020257526715e+01	5.6225913290133136e+01
3.3120142105863316e+01	5.5860370486429595e+01
3.3140051237004066e+01	5.6010743936628621e+01
3.3160197185264572e+01	5.4580177224183821e+01
3.3180114399150028e+01	5.7049762442932916e+01
3.3200046609413192e+01	5.8941110450855135e+01
3.3220013652834638e+01	6.0098391121122333e+01
3.3240006789586950e+01	6.0665072931431965e+01
3.3260224441021094e+01	6.0376157308449315e+01
3.3280201056479946e+01	5.9359381303311714e+01
3.3300175464558613e+01	6.2760750827363395e+01
3.3320138039800419e+01	6.5114421484583971e+01
3.3340084602495942e+01	5.9851453745190597e+01
3.3360022911323497e+01	5.2270957813793231e+01
3.3380179334892397e+01	5.7212514549427112e+01
3.3400081668026424e+01	6.0367295335053932e+01
3.3420166023596636e+01	5.6809962019603653e+01
3.3440223303356191e+01	5.4747452847238797e+01
3.3460058948209280e+01	5.1824361208123904e+01
3.3480152648848886e+01	4.9873537661281567e+01
3.3500222827317785e+01	5.3620559991370328e+01
3.3520043123350291e+01	5.5999023980261640e+01
3.3540112350235674e+01	5.7062802977520448e+01
3.3560200853777097e+01	5.7149140792567955e+01
3.3580077451444993e+01	5.6523327787003041e+01
3.3600193985237446e+01	5.5158323020544756e+01
3.3620063474754112e+01	5.5444856561832623e+01
3.3640149434206641e+01	5.9372207895420203e+01
3.3660216790555822e+01	6.1525360244709610e+01
3.3680031023518531e+01	6.2180238718882478e+01
3.3700076853662729e+01	6.1216745025449818e+01
3.3720139045791448e+01	5.8662451413137752e+01
3.3740003107058598e+01	5.5262097773085863e+01
3.3760105141440690e+01	5.6569042525868880e+01
3.3780224602906962e+01	5.9011294008573898e+01
3.3800121508002576e+01	5.9696899426266086e+01
3.3820004111336267e+01	5.8539436477043495e+01
3.3840116598878964e+01	5.6069830502641764e+01
3.3860211000204806e+01	5.6143757253373366e+01
3.3880049361939435e+01	5.9392062941220225e+01
3.3900102965731811e+01	6.0702539605575225e+01
3.3920152668275250e+01	5.9534621025092598e+01
3.3940198783691706e+01	5.6322146647722654e+01
3.3960232999068673e+01	5.7728688783032851e+01
3.3980027818350734e+01	6.0330605079186412e+01
3.4000067343482179e+01	6.0705454781829722e+01
3.4020137597518790e+01	5.8247996849341476e+01
3.4040219974235725e+01	5.6665508441425970e+01
3.4060082748445069e+01	5.9754911896193335e+01
3.4080212910064866e+01	6.0266979645013720e+01
3.4100111319452395e+01	5.8195715902301849e+01
3.4120231795416899e+01	5.4093820627142364e+01
3.4140092914794359e+01	5.6791364310349095e+01
3.4160178772450919e+01	5.8145834024634631e+01
3.4180047740348073e+01	5.6338550020148936e+01
3.4200177197601221e+01	5.7777149655933286e+01
3.4220078408323566e+01	5.7329244149961127e+01
3.4240216189656273e+01	5.4787133559877731e+01
3.4260108422093573e+01	5.4128809361176444e+01
3.4280009607671808e+01	6.0798553392475952e+01
3.4300159533810216e+01	6.2413059831653221e+01
3.4320074106322821e+01	5.8172854091404801e+01
3.4340218410510168e+01	6.6028083826850718e+01
3.4360121479816726e+01	7.1830427375306144e+01
3.4380022657881156e+01	7.8923522929421267e+01
3.4400162236522235e+01	7.7755988825434528e+01
3.4420074060238917e+01	7.2096607396217223e+01
3.4440230032928149e+01	8.1476371712471007e+01
3.4460135949164247e+01	8.6879542984645184e+01
3.4480045980362000e+01	8.6105930663073266e+01
3.4500222775549162e+01	7.9876928117574963e+01
3.4520168799693728e+01	6.9053772476668257e+01
3.4540108726748855e+01	7.5253202278582251e+01
3.4560046334360621e+01	8.4839068257717202e+01
3.4580214902292795e+01	8.9644997269585346e+01
3.4600139800953819e+01	8.7865682848117331e+01
3.4620058432481585e+01	8.0484250845064622e+01
3.4640211543275370e+01	6.7497741705295809e+01
3.4660126649890863e+01	7.6972345096679334e+01
3.4680042880454288e+01	8.2256108027336779e+01
3.4700203743851070e+01	8.0164891634893394e+01
3.4720137823452845e+01	7.2117652292528618e+01
3.4740081117031949e+01	7.0369235505972838e+01
3.4760031675465754e+01	8.1619866653737702e+01
3.4780224078847041e+01	8.4323893085341311e+01
3.4800180043463421e+01	7.9475467051906875e+01
3.4820144144388820e+01	7.4507222065631339e+01
3.4840113979839487e+01	8.0657504052903960e+01
3.4860080814858911e+01	7.6727041370463837e+01
3.4880039632316283e+01	6.5990107362974939e+01
3.4900235366199098e+01	7.8704227137667104e+01
3.4920186600969856e+01	8.7097469679207549e+01
3.4940128415944706e+01	8.6179378104516530e+01
3.4960056160772901e+01	7.9552619247783511e+01
3.4980215722665093e+01	7.4429414458544670e+01
3.5000138423005993e+01	7.3493810035061031e+01
3.5020060285719239e+01	6.8990864635067140e+01
3.5040229917778966e+01	6.6169156706435203e+01
3.5060164188090496e+01	7.1924708035153287e+01
3.5080054038770605e+01	7.2563675344724686e+01
3.5100144554889944e+01	6.9338653281258104e+01
3.5120234422428453e+01	6.2872219626669228e+01
3.5140071957454062e+01	6.7216274139893429e+01
3.5160148487648001e+01	6.7582187004346267e+01
3.5180024907876110e+01	6.3538963553978057e+01
3.5200177555561915e+01	5.5597904632384164e+01
3.5220121224503224e+01	5.9049572859451303e+01
3.5240057813999265e+01	5.9777139146495010e+01
3.5260221293397855e+01	5.5376418064180285e+01
3.5280132801564413e+01	5.1777028823791738e+01
3.5300037522339110e+01	5.6434957500232230e+01
3.5320171073705687e+01	5.5655157927145133e+01
3.5340065290253847e+01	5.6933957503888230e+01
3.5360189639359376e+01	6.0677292272091975e+01
3.5380062334020636e+01	6.4477757830472996e+01
3.5400155614369019e+01	6.5916729704476495e+01
3.5420010218163128e+01	6.6071033948460652e+01
3.5440088613311183e+01	6.5588530924041734e+01
3.5460159779753887e+01	6.4108781633737024e+01
3.5480224234718278e+01	6.1125101158045297e+01
3.5500039261398904e+01	5.8252409000480732e+01
3.5520063150431348e+01	6.2231758867229949e+01
3.5540048478772995e+01	6.2385466115116721e+01
3.5560009067398951e+01	5.6481757996296821e+01
3.5580218292153440e+01	5.6729565406429302e+01
3.5600229805946583e+01	6.4352632402978657e+01
3.5620039852053274e+01	6.5078047555464536e+01
3.5640159216861669e+01	5.7333298089094534e+01
3.5660076644087795e+01	6.9064457402231056e+01
3.5680224408587634e+01	7.3514459198357258e+01
3.5700127640846247e+01	6.5182512147730705e+01
3.5720025240492326e+01	7.2830280876650633e+01
3.5740164168643084e+01	7.7935626097937927e+01
3.5760087835117062e+01	7.0591966884478353e+01
3.5780042551429638e+01	7.2214121874160398e+01
3.5800014121668653e+01	7.6376452226116214e+01
3.5820227464737549e+01	6.9143512633482530e+01
3.5840186012104255e+01	6.2463155173182933e+01
3.5860129616631959e+01	6.2990462079963244e+01
3.5880066419882922e+01	5.5796479254941460e+01
3.5900008253716457e+01	5.4914236931098401e+01
3.5920192670389568e+01	5.3587299483481317e+01
3.5940145059083498e+01	5.2542471681436339e+01
3.5960103533078325e+01	5.6904588609159973e+01
3.5980057508711312e+01	5.6723104442649550e+01
3.6000002922927479e+01	6.2181607670016497e+01
3.6020173927902057e+01	6.5876168436944937e+01
3.6040097059090847e+01	6.0401405277785862e+01
3.6060002116228588e+01	6.8723199229842663e+01
3.6080122077729257e+01	6.6555235429981863e+01
3.6100000176869571e+01	5.6957611538524063e+01
3.6120114797487979e+01	6.1023677827720547e+01
3.6140228735761816e+01	4.7053026893248351e+01
3.6160116324409586e+01	5.0988875722212164e+01
3.6180021864057139e+01	6.6433797810263300e+01
3.6200184545438795e+01	6.3330711305460092e+01
3.6220117645039934e+01	6.4614620751650591e+01
3.6240057794178441e+01	6.2960024939411049e+01
3.6260005494425549e+01	5.9937259861686648e+01
3.6280189162701824e+01	6.3966089194401377e+01
3.6300131527259914e+01	6.4323118493091243e+01
3.6320076260786635e+01	5.5502805879240086e+01
3.6340024028676815e+01	6.0811248768665543e+01
3.6360205818521429e+01	6.9079704518918390e+01
3.6380137900259442e+01	6.9783130957276413e+01
3.6400060340535859e+01	6.4160787970417275e+01
3.6420199108652902e+01	6.5046719297208952e+01
3.6440069174349901e+01	6.7756534659125805e+01
3.6460155075282970e+01	6.5074655217743285e+01
3.6480232669472869e+01	6.7196808784759440e+01
3.6500080492838357e+01	6.4491255389309345e+01
3.6520176378070914e+01	6.4377832837277396e+01
3.6540053127405436e+01	6.6380942645553148e+01
3.6560186865234442e+01	6.3456205558690812e+01
3.6580101672523817e+01	6.1556455220797652e+01
3.6600024101434158e+01	6.6799727633997534e+01
3.6620171847971989e+01	5.4182882238324744e+01
3.6640067178492046e+01	4.9220026124179348e+01
3.6660190644773827e+01	5.7940404462148940e+01
3.6680079840806961e+01	5.9125140442555370e+01
3.6700228040689950e+01	5.9706347452507273e+01
3.6720142896321740e+01	6.9525299561946227e+01
3.6740069858507638e+01	6.7867961542934893e+01
3.6760230382050118e+01	6.6337125316264121e+01
3.6780156807067691e+01	7.4359217227771765e+01
3.6800076367424523e+01	7.0535251616366267e+01
3.6820223259607879e+01	7.0198812231527782e+01
3.6840111958789983e+01	7.5558310607003307e+01
3.6860233509870184e+01	6.8847378163629770e+01
3.6880124206245775e+01	7.1516054659636936e+01
3.6900013799257003e+01	7.6382177402176524e+01
3.6920134661995554e+01	6.8043089319593562e+01
3.6940006219684591e+01	7.5321295748920420e+01
3.6960103587723090e+01	7.8921743293341692e+01
3.6980194061493478e+01	6.8272943332606260e+01
3.7000040605813659e+01	7.8893558901227834e+01
3.7020122046457537e+01	7.9078883953349759e+01
3.7040202239794851e+01	6.7862475387341036e+01
3.7060050251175440e+01	7.8788787185920768e+01
3.7080099329039712e+01	7.4228737539576329e+01
3.7100116389335149e+01	6.8380338957130689e+01
3.7120131085944166e+01	7.4489840952047174e+01
3.7140162327834346e+01	7.4580774842298794e+01
3.7160214587558073e+01	7.4568549776958960e+01
3.7180055744010048e+01	7.6870904619342483e+01
3.7200150964658896e+01	7.4595405879588427e+01
3.7220029833629674e+01	6.8529877979825699e+01
3.7240165727839013e+01	6.9985780573158848e+01
3.7260067084075246e+01	6.7793068612934178e+01
3.7280206558251756e+01	7.1006168400360224e+01
3.7300109970986227e+01	7.3983756216805773e+01
3.7320010703329679e+01	6.9756606524423205e+01
3.7340142349322811e+01	7.2440660606276253e+01
3.7360024929958236e+01	6.9108913138703159e+01
3.7380129180552736e+01	7.3164884761937657e+01
3.7400001404946543e+01	6.8844718948823981e+01
3.7420091384165517e+01	7.1348643343814047e+01
3.7440165026832645e+01	7.3722653295057967e+01
3.7460230431512336e+01	6.5625881290138807e+01
3.7480078132330391e+01	7.3327285427558550e+01
3.7500174441923534e+01	6.8943095202461706e+01
3.7520043773405739e+01	6.8937598581195786e+01
3.7540161201484338e+01	7.0772386324772796e+01
3.7560062221715818e+01	6.0582847707658104e+01
3.7580203226673909e+01	6.6445979202990856e+01
3.7600103126893394e+01	6.5387274844391229e+01
3.7620001315019408e+01	6.7928795498884938e+01
3.7640132704396947e+01	6.6150066604761776e+01
3.7660031812162266e+01	6.2232311206255957e+01
3.7680180195109607e+01	6.1355011384307900e+01
3.7700104317375114e+01	6.8163138979717843e+01
3.7720041398498068e+01	7.2752626138454374e+01
3.7740212428843456e+01	7.2635745634908545e+01
3.7760133298757808e+01	6.7782192929489966e+01
3.7780030135781701e+01	6.1439535438509942e+01
3.7800148866345090e+01	6.5952093820401416e+01
3.7820028751150794e+01	6.5267347944278171e+01
3.7840156185560083e+01	6.7748982144655017e+01
3.7860055297962262e+01	6.1978637867691219e+01
3.7880195413302744e+01	6.1228776489481433e+01
3.7900098820399968e+01	6.3317721540941008e+01
3.7920234166110724e+01	6.5833756956190598e+01
3.7940124260025144e+01	6.3158919616369232e+01
3.7960005242197717e+01	6.2232651847572420e+01
3.7980105786379070e+01	6.8655403998473588e+01
3.8000198075691394e+01	6.5472575998100268e+01
3.8020060128328289e+01	6.8251699415412261e+01
3.8040171911950480e+01	8.2075554764006711e+01
3.8060078066141791e+01	7.5124207770497534e+01
3.8080230983173486e+01	8.5213803182634848e+01
3.8100160266012345e+01	9.1606819925267118e+01
3.8120090337046513e+01	7.6336039963177825e+01
3.8140042495624648e+01	9.6797760022439093e+01
3.8160236988773207e+01	8.2601657200214532e+01
3.8180168720453260e+01	9.4134988132086917e+01
3.8200084214251710e+01	9.4169899944483106e+01
3.8220229582582988e+01	9.8944208400779530e+01
3.8240142604358844e+01	9.8094515778151901e+01
3.8260070458105822e+01	9.9232035047411216e+01
3.8280019868527532e+01	1.0197236290546780e+02
3.8300227841748864e+01	1.1064441635122644e+02
3.8320213630997223e+01	1.1068634181771546e+02
3.8340197646170353e+01	1.2106941830792165e+02
3.8360165991620541e+01	1.1567272896908493e+02
3.8380117828020431e+01	1.2053323808212861e+02
3.8400055727563611e+01	1.1028157889885652e+02
3.8420214506465030e+01	1.2358349309857641e+02
3.8440097646508676e+01	1.3486327435800357e+02
3.8460020381783742e+01	1.3973503629760924e+02
3.8480022647530724e+01	1.3668476212122155e+02
3.8500006134060520e+01	1.2612853045163133e+02
3.8520056120676635e+01	1.2109335507549531e+02
3.8540091126391424e+01	1.2329711644969299e+02
3.8560137347446506e+01	1.3065741323571575e+02
3.8580010746600799e+01	1.3499437202445003e+02
3.8600092548113189e+01	1.2529302897956239e+02
3.8620157009107245e+01	1.4506193502446962e+02
3.8640219458994601e+01	1.2697117844367172e+02
3.8660166280258146e+01	1.4951083325233714e+02
3.8680184205757648e+01	1.2103826308086711e+02
3.8700132249003524e+01	1.3312426468040599e+02
3.8720096481613758e+01	1.1687206228687515e+02
3.8740073311436731e+01	1.1341478422507011e+02
3.8760055799928828e+01	1.1078494549136408e+02
3.8780043385528550e+01	1.0568769707394480e+02
3.8800036599808578e+01	1.0717209134300326e+02
3.8820025964879470e+01	1.0619866176227166e+02
3.8840009892077454e+01	1.1115096924100914e+02
3.8860230085497726e+01	1.2402707878275744e+02
3.8880202775473890e+01	1.3373419582021739e+02
3.8900060520617657e+01	1.3902112893972566e+02
3.8920065385363117e+01	1.3761065203665268e+02
3.8940010129135125e+01	1.2896032129851162e+02
3.8960220067697747e+01	1.1373704849603446e+02
3.8980199736342101e+01	9.9907995505565694e+01
3.9000181063819070e+01	9.3117193849727286e+01
3.9020165216874375e+01	9.0401165623946852e+01
3.9040141240904262e+01	1.0640183699932139e+02
3.9060116009426103e+01	1.1613803622080354e+02
3.9080078001605060e+01	1.1814107914601799e+02
3.9100027784514339e+01	1.1229099184338314e+02
3.9120202910309835e+01	1.0706614079828312e+02
3.9140139506380372e+01	1.1978872460333031e+02
3.9160104294090139e+01	1.2667796422713323e+02
3.9180123150219508e+01	1.2440073237288199e+02
3.9200158162164058e+01	1.1357861894974762e+02
3.9220203271974391e+01	1.0108559042750065e+02
3.9240007206778643e+01	1.1080437960910869e+02
3.9260058161266613e+01	1.1539931139712670e+02
3.9280124571199352e+01	1.1285614962627989e+02
3.9300190390327636e+01	1.0274588108041127e+02
3.9320004846254207e+01	8.6085762969259662e+01
3.9340025081327497e+01	9.4304064215803535e+01
3.9360001574217300e+01	9.6429340699282974e+01
3.9380179373989328e+01	9.0465195336468483e+01
3.9400106534342150e+01	7.7980275419034712e+01
3.9420053829624990e+01	7.0949178370422928e+01
3.9440041892615845e+01	7.2400794703271274e+01
3.9460071636542892e+01	7.2618232122649701e+01
3.9480085522275459e+01	8.0256934255536152e+01
3.9500085458766407e+01	7.7245786086486348e+01
3.9520072515407868e+01	9.1224556797512165e+01
3.9540055982424256e+01	8.6032552655608328e+01
3.9560039162881203e+01	1.0016311337375448e+02
3.9580020255073869e+01	9.6223085280249279e+01
3.9600006605200598e+01	9.9956034633544903e+01
3.9620006714003956e+01	1.0239116877115653e+02
3.9640018069039165e+01	8.6610682480730389e+01
3.9660037659784216e+01	9.5257768719184611e+01
3.9680049726657487e+01	9.2000772536549135e+01
3.9700045841075394e+01	1.1374874420441989e+02
3.9720026274711316e+01	1.1125348392893572e+02
3.9740228457651476e+01	1.2681318205619836e+02
3.9760128336778791e+01	1.2643953374165379e+02
3.9780047596706311e+01	1.2694741178394759e+02
3.9800028436129821e+01	1.3338873090678592e+02
3.9820173971107380e+01	1.1681484907377154e+02
3.9840071116414279e+01	1.3208801470617612e+02
3.9860219554830998e+01	1.0319572963651196e+02
3.9880129459652274e+01	1.2715975748242982e+02
3.9900029744474764e+01	1.0073467809706780e+02
3.9920160543558666e+01	1.2074981841354082e+02
3.9940061232408617e+01	1.0368211563892432e+02
3.9960196468067771e+01	1.1860056767170904e+02
3.9980104498273064e+01	1.0908869230254855e+02
4.0000000000000000e+01	1.1944928714757454e+02
