0.0000000000000000e+00	2.4797919611385200e+00
4.0054731239213296e-03	2.6475218661754520e+00
8.0098436341682708e-03	2.4911287687769614e+00
1.2000934973483268e-02	2.4629024345261294e+00
1.6003527236737897e-02	2.6485215149095191e+00
2.0005494163145211e-02	2.4737903798313803e+00
2.4007012873511615e-02	2.5084109936155645e+00
2.8008217830908406e-02	2.6408070360841873e+00
3.2008958182128240e-02	2.4237624572172010e+00
3.6009463061036300e-02	2.5812697287248088e+00
4.0009686619963437e-02	2.6016732199296677e+00
4.4009574039618089e-02	2.3816099684677599e+00
4.8009105232906205e-02	2.6365074169825777e+00
5.2008171784896647e-02	2.5235582872524143e+00
5.6006750973144906e-02	2.4497354813439940e+00
6.0004840542749883e-02	2.6432991057604855e+00
6.4002732114487926e-02	2.4041184862217189e+00
6.8000663332124595e-02	2.5596205761742450e+00
7.2010985977038575e-02	2.5912629594776315e+00
7.6008668078811653e-02	2.3728057616589933e+00
8.0006114458903169e-02	2.6153341115308653e+00
8.4003493287695380e-02	2.4954450059232038e+00
8.8000637590418457e-02	2.5088279203638075e+00
9.2009890532648089e-02	2.6087012980456090e+00
9.6006501089320989e-02	2.4221319572686628e+00
1.0000291569090485e-01	2.5480603777930377e+00
1.0401155223997741e-01	2.5541217527743769e+00
1.0800772022992029e-01	2.5003218929237665e+00
1.1200359627457085e-01	2.5674670713890713e+00
1.1601156274173258e-01	2.4509351539625484e+00
1.2000691520953038e-01	2.5331325623174110e+00
1.2400199047160652e-01	2.5535163988200034e+00
1.2800924820238740e-01	2.5501572291468366e+00
1.3200406895476405e-01	2.4716130986060971e+00
1.3601123454365943e-01	2.5680485175408054e+00
1.4000614010452966e-01	2.4796066345553851e+00
1.4400092634111886e-01	2.5852930153279288e+00
1.4800792967256482e-01	2.5113907702536409e+00
1.5200244732920731e-01	2.5968890813648704e+00
1.5600929207437186e-01	2.5112677261416745e+00
1.6000377129481652e-01	2.5920385360751750e+00
1.6401042500897728e-01	2.5029877150150366e+00
1.6800442017382694e-01	2.5644255331851329e+00
1.7201053871973856e-01	2.5529549629848045e+00
1.7600436882391565e-01	2.6072993911942035e+00
1.8001069429939395e-01	2.5347639460930038e+00
1.8400476573452629e-01	2.6100966786216659e+00
1.8801116757286421e-01	2.6661445259798024e+00
1.9200512343243650e-01	2.5480523394888923e+00
1.9601119878702034e-01	2.7426637414415520e+00
2.0000442983129721e-01	2.7343212500534300e+00
2.0400946141208670e-01	2.6669523898400769e+00
2.0800182406046108e-01	2.8394646085906143e+00
2.1200631807443052e-01	2.7936012205537097e+00
2.1601055515944090e-01	2.6541384492599991e+00
2.2000231155511729e-01	2.9061029638037192e+00
2.2400628576426224e-01	2.8165632153782969e+00
2.2800999925394183e-01	2.8161001788406104e+00
2.3200126734673249e-01	2.9688081372871462e+00
2.3600480454699529e-01	2.8404300876594553e+00
2.4000791457243384e-01	2.9500300867807123e+00
2.4401068289839467e-01	2.9481852658222563e+00
2.4800121650188625e-01	3.0362496256883640e+00
2.5200433983295539e-01	3.0635705872690107e+00
2.5600776729342439e-01	2.8243583003743606e+00
2.6001168189087170e-01	3.1628477984232628e+00
2.6400375172187257e-01	2.9888362616403534e+00
2.6800778642469025e-01	3.0172520639253273e+00
2.7201109190845263e-01	3.1774550865932598e+00
2.7600150382529820e-01	2.8209609727586153e+00
2.8000427765636915e-01	3.1543325048932944e+00
2.8400745640661113e-01	3.0183397752536565e+00
2.8801130532279601e-01	3.0435582982692240e+00
2.9200352898500270e-01	3.1498170650722903e+00
2.9600907267526189e-01	2.9180332867374057e+00
3.0000293169595238e-01	3.1842719144291713e+00
3.0400888280619964e-01	2.9817156932638835e+00
3.0800177666286521e-01	2.9294647793800590e+00
3.1200625089064499e-01	3.2624879672659395e+00
3.1601041442779693e-01	3.1464878729662678e+00
3.2000212120014793e-01	2.9872715175344711e+00
3.2400604168129549e-01	3.2898000872877806e+00
3.2800986035302693e-01	3.2819793109889464e+00
3.3200048068497329e-01	2.9085341341568185e+00
3.3600284688497101e-01	3.3195947817864844e+00
3.4000484212397786e-01	3.3718864702908276e+00
3.4400626682555524e-01	2.8268154459883852e+00
3.4800749437072886e-01	3.3859789999358672e+00
3.5200864410166932e-01	3.4257890906937374e+00
3.5600974198745039e-01	2.9099861402362013e+00
3.6001148923120407e-01	3.4853649408432217e+00
3.6400074144009792e-01	3.4419540203290611e+00
3.6800194949787446e-01	3.2480570208188562e+00
3.7200260182049832e-01	3.5699240882377477e+00
3.7600337729109423e-01	3.4360835861685359e+00
3.8000377596596513e-01	3.0979713613693689e+00
3.8400303639776523e-01	3.6020635559988787e+00
3.8800170234202752e-01	3.3891606677797386e+00
3.9201216702934299e-01	3.1342348552461101e+00
3.9600995483758628e-01	3.5590841558626960e+00
4.0000766845391084e-01	3.2786127564369947e+00
4.0400577292446288e-01	3.0224224389653234e+00
4.0800373512172727e-01	3.4324596459500167e+00
4.1200113951992690e-01	3.0957371360303023e+00
4.1601009342386941e-01	3.0294310570693410e+00
4.2000589938417904e-01	3.2265098610844896e+00
4.2400082263550892e-01	3.0870934700534503e+00
4.2800756898660436e-01	2.9898426848839912e+00
4.3200119856159896e-01	3.0836339186647237e+00
4.3600670676337028e-01	3.0030382631217769e+00
4.4001200767857163e-01	3.2287556985417192e+00
4.4400474547914215e-01	3.3598518949682465e+00
4.4801004215346135e-01	3.2023459358968123e+00
4.5200319943111805e-01	3.3316969179432259e+00
4.5600790820406700e-01	3.2581844052215327e+00
4.6001181419114534e-01	3.1814664913640796e+00
4.6400261622536626e-01	3.2696295107541600e+00
4.6800487281453140e-01	2.9998358639690821e+00
4.7200655064292235e-01	3.2171072275856285e+00
4.7600730259481550e-01	3.2871247015646947e+00
4.8000705812590311e-01	3.0734080482303989e+00
4.8400605502907645e-01	3.1243475881822338e+00
4.8800426737064379e-01	3.4671043231159713e+00
4.9200197897777109e-01	3.5696272054437763e+00
4.9601169410173801e-01	3.5566954135147206e+00
5.0001057130523796e-01	3.7174329981964966e+00
5.0400965326148972e-01	3.7236346941634260e+00
5.0800830133433839e-01	3.3698279680527143e+00
5.1200600694899778e-01	3.6971938736157255e+00
5.1600337841276345e-01	3.7331467453425824e+00
5.2000053306953231e-01	3.6465469381612743e+00
5.2400950754562714e-01	4.2531702794086215e+00
5.2800533364760394e-01	4.4200141101793413e+00
5.3200033448095685e-01	4.1320710839834094e+00
5.3600757837912505e-01	4.6639371107260157e+00
5.4000245917977918e-01	4.7714041246214531e+00
5.4400958835906132e-01	4.2312770030511420e+00
5.4800426895536203e-01	4.6335528731468916e+00
5.5201034565364737e-01	4.8766389965145738e+00
5.5600290760378268e-01	4.6367968799303476e+00
5.6000643482238988e-01	4.4602914881261047e+00
5.6400917736450484e-01	5.3526694194407769e+00
5.6801097627381458e-01	6.0503001463248767e+00
5.7201150498717390e-01	5.9974077696861281e+00
5.7601117920959388e-01	5.2584939249624583e+00
5.8001009534098458e-01	5.6039897439371620e+00
5.8400834866129914e-01	6.0368015777161608e+00
5.8800597722563963e-01	5.3658054787596612e+00
5.9200244128501989e-01	5.0725882890404179e+00
5.9601062796759763e-01	5.8417078629853760e+00
6.0000619368164099e-01	5.5860875809876438e+00
6.0400084400992116e-01	5.5828620515765133e+00
6.0800685837046375e-01	5.7102530849994304e+00
6.1201188297493136e-01	5.2745170429185348e+00
6.1600358787199194e-01	5.8676208167358732e+00
6.2000650291713943e-01	5.2037701642643537e+00
6.2400831572248860e-01	5.7822013444334903e+00
6.2800905883019986e-01	5.4105675098145118e+00
6.3200890136512999e-01	5.3208384362232257e+00
6.3600799120670504e-01	5.7464881444986800e+00
6.4000621387058176e-01	6.0115550969934581e+00
6.4400315103799965e-01	7.1358585524000979e+00
6.4801092763086365e-01	8.0849086662882552e+00
6.5200500111693271e-01	8.9335842882805672e+00
6.5600992096056232e-01	9.6556556541005314e+00
6.6000155272555705e-01	1.0238814473221748e+01
6.6400514419578494e-01	1.1381106092069809e+01
6.6800935802781714e-01	1.2073281135040391e+01
6.7200165015878965e-01	1.2614939890171673e+01
6.7600618989193295e-01	1.2592940041366262e+01
6.8000016066132951e-01	1.1860054447063014e+01
6.8400802678320705e-01	1.0742054238252013e+01
6.8800543672909198e-01	1.0083464674409829e+01
6.9200377949617797e-01	1.0047153007250648e+01
6.9600189011429803e-01	1.0355877488352940e+01
7.0000022410504825e-01	1.0564222315816263e+01
7.0401115487903665e-01	1.0677906447320936e+01
7.0800896161883375e-01	1.0538865095226983e+01
7.1200621505927786e-01	1.0036107123084182e+01
7.1600342129290850e-01	9.2835769707002864e+00
7.2000045066493013e-01	8.3711402071453644e+00
7.2401004988620199e-01	7.6704267956576153e+00
7.2800723417072100e-01	8.2849024139865435e+00
7.3200363783783540e-01	8.6219096877160410e+00
7.3601130169835871e-01	8.7132322693779169e+00
7.4000623867246862e-01	8.6190390128481429e+00
7.4400109485554222e-01	8.4519794383819882e+00
7.4800804028525480e-01	8.5198856879488059e+00
7.5200331894659600e-01	8.7821427569732506e+00
7.5601099518449733e-01	9.2302441574424972e+00
7.6000609210387560e-01	9.1104861147690688e+00
7.6400066595070826e-01	9.9629545148696312e+00
7.6800743601743326e-01	1.0113671441244579e+01
7.7200200952907083e-01	1.0735142196943722e+01
7.7600914333346704e-01	1.1034778809516151e+01
7.8000496381895978e-01	1.0594718881424548e+01
7.8400122059351063e-01	1.1439828960040892e+01
7.8800817039135829e-01	1.2736027322871289e+01
7.9200163452643224e-01	1.3290880247689556e+01
7.9600581290090711e-01	1.5060184887686450e+01
8.0000806416079784e-01	1.2872570089424125e+01
8.0400879137153236e-01	1.6431943506909906e+01
8.0800821074676510e-01	1.6518091785397644e+01
8.1200734553570830e-01	1.6636089811553987e+01
8.1600606843067192e-01	1.3281230409693919e+01
8.2000495729078748e-01	1.4698200289363639e+01
8.2400373686917627e-01	1.5739675074660523e+01
8.2800164498529094e-01	1.4630702943277491e+01
8.3201068677429590e-01	1.2510218860559201e+01
8.3600686300785276e-01	1.4128350708487808e+01
8.4000254579697131e-01	1.4256209505799566e+01
8.4400880072415951e-01	1.3811307551487101e+01
8.4800068515929761e-01	1.5941802082443715e+01
8.5200313491375901e-01	1.7445441655795648e+01
8.5600504840362424e-01	1.7863176739249191e+01
8.6000703627982422e-01	1.7216540954859166e+01
8.6400933060878804e-01	1.7646014675811337e+01
8.6801143255300572e-01	2.0475526975412528e+01
8.7200111704436511e-01	2.0304219756951682e+01
8.7600274553646518e-01	1.9076070195776012e+01
8.8000351217430728e-01	2.0694709338269018e+01
8.8400276471124495e-01	1.8474530035541925e+01
8.8800062550107339e-01	2.1970061830629316e+01
8.9200884472448139e-01	2.1009711937407438e+01
8.9600314703984141e-01	2.1926239429442433e+01
9.0000820984912511e-01	2.1937763778497640e+01
9.0400039171726487e-01	2.3354198038862055e+01
9.0800461743002603e-01	2.2554215666813846e+01
9.1200808225370034e-01	2.4692183231691782e+01
9.1600871963021901e-01	2.4376755886525231e+01
9.2000749626877776e-01	2.1295843345484894e+01
9.2400420710619990e-01	2.8378079591565431e+01
9.2801208985627082e-01	2.5904175171982910e+01
9.3200688247058927e-01	2.4550531801538444e+01
9.3600221759079871e-01	2.5498891858594131e+01
9.4001049960540239e-01	2.5147535591870515e+01
9.4400748958765646e-01	2.0243634633777408e+01
9.4800405255641851e-01	2.6515856668678865e+01
9.5200077022329688e-01	2.2809331273841938e+01
9.5600841002302950e-01	2.9339709703918253e+01
9.6000104375597506e-01	2.2781322461852021e+01
9.6400304880282195e-01	2.7685100475601651e+01
9.6800251870423404e-01	2.6012737198271015e+01
9.7201204107268668e-01	3.6834553627693687e+01
9.7600791843527390e-01	3.6794198087969541e+01
9.8000242629090284e-01	3.5717877840727766e+01
9.8400825977260931e-01	3.2173590198209503e+01
9.8800234405340370e-01	3.4795319438679357e+01
9.9201026619180233e-01	4.1631812102413264e+01
9.9600756873484275e-01	4.0792751813239640e+01
1.0000043519190034e+00	3.5366976236262119e+01
1.0040119596273238e+00	2.8733820611447847e+01
1.0080065317251330e+00	2.8676981081406801e+01
1.0120008524849380e+00	3.0199086044473773e+01
1.0160078887882436e+00	3.5368413940647237e+01
1.0200031826878337e+00	3.2493163727023806e+01
1.0240104366481435e+00	3.0599513784487719e+01
1.0280048558224786e+00	3.3919185492579182e+01
1.0320102591529778e+00	3.6479446910951054e+01
1.0360025491571758e+00	3.8013728194633778e+01
1.0400059040931906e+00	3.3413406414967326e+01
1.0440086131657524e+00	2.6775333873992164e+01
1.0480111760028281e+00	2.4462445748365049e+01
1.0520013468038372e+00	2.7881987229451703e+01
1.0560031201696554e+00	2.7268597955455846e+01
1.0600046412796711e+00	2.3921458592351701e+01
1.0640057090544865e+00	2.4434206634753600e+01
1.0680058903200427e+00	2.4136065480517093e+01
1.0720059151727830e+00	2.3990510896162554e+01
1.0760045124785118e+00	2.7143110521343434e+01
1.0800027008973792e+00	2.4366912814651265e+01
1.0840014751405658e+00	2.5126615294172964e+01
1.0880102481814653e+00	2.4696739090873976e+01
1.0920059259901698e+00	2.2576234728718294e+01
1.0960004265112604e+00	2.6336044276836493e+01
1.1000061852869842e+00	2.6939107158936711e+01
1.1040115495510339e+00	2.7246145737156656e+01
1.1080042085303361e+00	3.0606296664746758e+01
1.1120072546306614e+00	3.4820359271680395e+01
1.1160082227670587e+00	3.0986174683930386e+01
1.1200076543133910e+00	2.9038860935977603e+01
1.1240053988041911e+00	3.0003488458142591e+01
1.1280012207122048e+00	2.8225851796210218e+01
1.1320081156744524e+00	2.5536872494775274e+01
1.1360017113221770e+00	2.4952028231807500e+01
1.1400046186746151e+00	2.3285469820864982e+01
1.1440048414130290e+00	2.7481033785479827e+01
1.1480029688927720e+00	2.7161654648708485e+01
1.1520111706525153e+00	2.6976030440063990e+01
1.1560057893653348e+00	2.7029207255469260e+01
1.1600114730243696e+00	2.6691096185889347e+01
1.1640050851898218e+00	2.6300372347126334e+01
1.1680109372411716e+00	2.5157444823943802e+01
1.1720060575145261e+00	2.7764840277833173e+01
1.1760029354883514e+00	2.9177632306172892e+01
1.1800017225811261e+00	2.8123142785609517e+01
1.1840116782563261e+00	2.7486497887246415e+01
1.1880091445206475e+00	2.3646010154412554e+01
1.1920052005266646e+00	2.8319461131104294e+01
1.1960002550901132e+00	2.8326963525489905e+01
1.2000074013539721e+00	2.8227671149146516e+01
1.2040035927930142e+00	2.6741901917496456e+01
1.2080103954073649e+00	2.8860719437452641e+01
1.2120028813592836e+00	2.7470714642708622e+01
1.2160054090435226e+00	2.6189583191681081e+01
1.2200073218300997e+00	2.7653370896896412e+01
1.2240090418773999e+00	2.8924260038186681e+01
1.2280107549378367e+00	2.9111348307072682e+01
1.2320008918274292e+00	2.8351905247158232e+01
1.2360020982161894e+00	2.7434127438839461e+01
1.2400021009038553e+00	2.9271783663918306e+01
1.2440023783988372e+00	2.9530333356118515e+01
1.2480041074828054e+00	2.7798815787124511e+01
1.2520045713344641e+00	2.9625880638507237e+01
1.2560029333639586e+00	2.7271276715104868e+01
1.2600003780947504e+00	2.8938931483492791e+01
1.2640107360387651e+00	3.1766066131699823e+01
1.2680114835378629e+00	2.7656878751179093e+01
1.2720030462281293e+00	3.1868537981675821e+01
1.2760009773505128e+00	3.1930843707852070e+01
1.2800045125132866e+00	3.3266599842160197e+01
1.2840035613520082e+00	2.9019142403550770e+01
1.2880085538486978e+00	2.8667241716486135e+01
1.2920072518209871e+00	2.7299896547685925e+01
1.2960116878142440e+00	2.8735205668091059e+01
1.3000105289599104e+00	2.6847464380077401e+01
1.3040006952386400e+00	2.6970429013114956e+01
1.3080084055906167e+00	2.5485569747310105e+01
1.3120021867921110e+00	2.5790477219145906e+01
1.3160003174148269e+00	2.7118730608305960e+01
1.3200092578418139e+00	2.6595412386528089e+01
1.3240065636043197e+00	3.1305025026701745e+01
1.3280059620367566e+00	3.8049012048799788e+01
1.3320059706839256e+00	2.5986459212640497e+01
1.3360082984944042e+00	2.3980359464091883e+01
1.3400024947018381e+00	2.4279339936333319e+01
1.3440118522533240e+00	2.4721297803182075e+01
1.3480003308408939e+00	2.6092536209538618e+01
1.3520034832297985e+00	2.9417087209095559e+01
1.3560079625803121e+00	3.1169212786618733e+01
1.3600025983506194e+00	3.5814433782961721e+01
1.3640105080495137e+00	3.6639233068610054e+01
1.3680065181557244e+00	2.6993436243647743e+01
1.3720020066722314e+00	3.0211575939118539e+01
1.3760087411493789e+00	3.0124723986814413e+01
1.3800035408635083e+00	3.0525091735486676e+01
1.3840092213765642e+00	2.9960902063847040e+01
1.3880016297874394e+00	3.0851398891236869e+01
1.3920035564148199e+00	3.0705981619998191e+01
1.3960102336649292e+00	3.9095539671708487e+01
1.4000006856116392e+00	3.9202632133170766e+01
1.4040009021818709e+00	4.0807395563133383e+01
1.4080009260351685e+00	3.8362689481112696e+01
1.4120038894469045e+00	4.4632493366901123e+01
1.4160077492510621e+00	3.8430349084032372e+01
1.4200102581545375e+00	4.7367826989350199e+01
1.4240003645150792e+00	4.0479298151285924e+01
1.4280032267043572e+00	4.8170535242809621e+01
1.4320075323025570e+00	3.8543097042746290e+01
1.4360004382785105e+00	4.3007368483633897e+01
1.4400060006350950e+00	3.3947834420767030e+01
1.4440016384569074e+00	3.3168428796930833e+01
1.4480004548665890e+00	3.4629368491736138e+01
1.4520025677285580e+00	3.5433621837812296e+01
1.4560087032222644e+00	3.0819140669404408e+01
1.4600070586813563e+00	3.7059994245926234e+01
1.4640055211708025e+00	2.9426015607849823e+01
1.4680025354509405e+00	3.3270128460669326e+01
1.4720113497128609e+00	3.2774387890391502e+01
1.4760098353484437e+00	3.3923899729785553e+01
1.4800066172387476e+00	4.0039847884625694e+01
1.4840028471322200e+00	5.1169062806449126e+01
1.4880013322452115e+00	4.4413392971085649e+01
1.4920097873748803e+00	3.9909139426799285e+01
1.4960056346477906e+00	3.8745651431055485e+01
1.5000012315825726e+00	4.1284595296818090e+01
1.5040082455815424e+00	3.0502059170580750e+01
1.5080024841079711e+00	3.1577082337825274e+01
1.5120065490779990e+00	3.2809447677046073e+01
1.5160104266773466e+00	3.3804713851793089e+01
1.5200018452277277e+00	2.9186907939238388e+01
1.5240004939790488e+00	3.8266050413968067e+01
1.5280021216904374e+00	3.5178977947723034e+01
1.5320076724643488e+00	3.4335653662815922e+01
1.5360044840659388e+00	3.7266568465868609e+01
1.5400061940386580e+00	3.6089624357640233e+01
1.5440077064167852e+00	3.9275224877771024e+01
1.5480036425764518e+00	3.8794085417124982e+01
1.5520051271012378e+00	3.3989889931672487e+01
1.5560072909523390e+00	4.0780458890572639e+01
1.5600101764300682e+00	3.1805441499655956e+01
1.5640000892864854e+00	3.7410347682132510e+01
1.5680098553271802e+00	4.1359786006755932e+01
1.5720044822215020e+00	3.7544714909156447e+01
1.5760021673800255e+00	4.4181781893436359e+01
1.5800066282616019e+00	3.9956309698749649e+01
1.5840079577428188e+00	4.5603297178223208e+01
1.5880099537899777e+00	3.7666732943822240e+01
1.5920030344196592e+00	3.3907246732822564e+01
1.5960107292417409e+00	3.2205361997382553e+01
1.6000081144763985e+00	3.2732260742326837e+01
1.6040093729424774e+00	3.3469776380786712e+01
1.6080039876711172e+00	3.2202364190288726e+01
1.6120013717972581e+00	2.9992849234815161e+01
1.6160091907824459e+00	3.5133293958807592e+01
1.6200007585684688e+00	3.6930350439306366e+01
1.6240115756543176e+00	3.6724608846449797e+01
1.6280068206053364e+00	3.7848761955755180e+01
1.6320113851830405e+00	3.9147559065758024e+01
1.6360032715213593e+00	4.1560187577581786e+01
1.6400077110424014e+00	3.8675145489499386e+01
1.6440014162166108e+00	4.2586071619917249e+01
1.6480085027418161e+00	3.6629911451079430e+01
1.6520039625062553e+00	3.6334376936863571e+01
1.6560041786527449e+00	3.6577301955962383e+01
1.6600086700995280e+00	3.6760189296168974e+01
1.6640078518793027e+00	3.8050284291425925e+01
1.6680043447413468e+00	3.9204388127640627e+01
1.6720091174752714e+00	3.9867395781729314e+01
1.6760071174338977e+00	4.3038006739565859e+01
1.6800013233606925e+00	4.0857521686120926e+01
1.6840061464751894e+00	4.6504144542768621e+01
1.6880113941336838e+00	4.0313328641223585e+01
1.6920032923960906e+00	4.9191047235144680e+01
1.6960066787001209e+00	4.9884837942231904e+01
1.7000000356321667e+00	4.2546383832331017e+01
1.7040101383590094e+00	4.1394944737844931e+01
1.7080039688011597e+00	4.1446216888975179e+01
1.7120013945986923e+00	4.0471407895735396e+01
1.7160020320063727e+00	4.0757622834665902e+01
1.7200042845444636e+00	3.7897374234639997e+01
1.7240045474303372e+00	3.5729151582931820e+01
1.7280027251308014e+00	3.5758790344979175e+01
1.7320080058043235e+00	3.5232141730007449e+01
1.7360093072563019e+00	3.3549651833684784e+01
1.7400086451516596e+00	3.4002804820917881e+01
1.7440086924080720e+00	3.4996031179032485e+01
1.7480109493901901e+00	3.9176407964429075e+01
1.7520085317413343e+00	4.3314314409755681e+01
1.7560094461655489e+00	4.5313879631770376e+01
1.7600105296020485e+00	5.6486230421108147e+01
1.7640018495571503e+00	4.6895648752823533e+01
1.7680089420749545e+00	5.8175181218340789e+01
1.7720044437242763e+00	4.6897583211226369e+01
1.7760094541944065e+00	4.9168596951202922e+01
1.7800033600918759e+00	5.2377803557960277e+01
1.7840117636727151e+00	4.9725565622907752e+01
1.7880022355394192e+00	4.7251642945054165e+01
1.7920103373956944e+00	4.7338386844707465e+01
1.7960080595723640e+00	4.5308591017792459e+01
1.8000025496011889e+00	4.4428230023382454e+01
1.8040041337917399e+00	5.2009798882207782e+01
1.8080066484805728e+00	5.8912626671210667e+01
1.8120008843271718e+00	6.6664830555882276e+01
1.8160035976139524e+00	5.7083735652920815e+01
1.8200073137378558e+00	5.5903505576807177e+01
1.8240036018802686e+00	5.7863258041591379e+01
1.8280014801159494e+00	4.8983256095517689e+01
1.8320104851770806e+00	4.6871517715317651e+01
1.8360027370780736e+00	4.4843013121453154e+01
1.8400008386160225e+00	4.0811503541662262e+01
1.8440065553306386e+00	4.1800963950411671e+01
1.8480016460502269e+00	5.6121222026347759e+01
1.8520020293804400e+00	4.2481016106288244e+01
1.8560063988994326e+00	4.5538600236030661e+01
1.8600088426411772e+00	4.9339389781717074e+01
1.8640114526515872e+00	4.8859589420671327e+01
1.8680056402485503e+00	4.5342250502823639e+01
1.8720023653610280e+00	4.6230871788773690e+01
1.8760067013222521e+00	4.5334828056355711e+01
1.8800059047039266e+00	4.2612093893740280e+01
1.8840017957933226e+00	3.9632952460773325e+01
1.8880092824078747e+00	4.0202802463484709e+01
1.8920088627957765e+00	4.4447269378153436e+01
1.8960094717870348e+00	4.8223724924462253e+01
1.9000068484620283e+00	4.2371160711946629e+01
1.9040036712520023e+00	4.2429905363800756e+01
1.9080109780990526e+00	4.6521865249929391e+01
1.9120049157899355e+00	4.7729424005359014e+01
1.9160001342728483e+00	4.7848886798351089e+01
1.9200009126734958e+00	4.5870605894025893e+01
1.9240036356218917e+00	3.9444237859066547e+01
1.9280015292336306e+00	4.3174156343173053e+01
1.9320072458355519e+00	4.0717838353138106e+01
1.9360092488547342e+00	4.1764591520875776e+01
1.9400008729063658e+00	3.6397841635440329e+01
1.9440099896760128e+00	3.5289317631451325e+01
1.9480077708095844e+00	4.5970631342479798e+01
1.9520097547587194e+00	3.5506939867334459e+01
1.9560097244028984e+00	3.8933622960642090e+01
1.9600062182712394e+00	3.5707651384084251e+01
1.9640010273407180e+00	3.8398231233993826e+01
1.9680074375255669e+00	3.9073124755230261e+01
1.9720013899372006e+00	4.1215219683122520e+01
1.9760084539350740e+00	4.1094793153497029e+01
1.9800031283161013e+00	4.1971630054901077e+01
1.9840087015013044e+00	4.0939652669119297e+01
1.9880021289879262e+00	3.6832723763131803e+01
1.9920056088126352e+00	4.3045749371547757e+01
1.9960056628065261e+00	4.1046370045855426e+01
2.0000025344661907e+00	4.1896355915486907e+01
2.0040093920262079e+00	3.8626010892621274e+01
2.0080042093592017e+00	4.0663055308853536e+01
2.0120100914383956e+00	3.8777560006991159e+01
2.0160050878548441e+00	3.6251060454163152e+01
2.0200110897776011e+00	3.8528484982215055e+01
2.0240076420336761e+00	4.0927142820232824e+01
2.0280091027504925e+00	4.5967407539643361e+01
2.0320100452346939e+00	4.3808543999963319e+01
2.0360082194347022e+00	4.2735575638849362e+01
2.0400019701342096e+00	4.3818391402786780e+01
2.0440043332942772e+00	4.7546100692995850e+01
2.0480066484436583e+00	4.8441793937311147e+01
2.0520110313039930e+00	4.4913641004951188e+01
2.0560080917508947e+00	5.7657122198062950e+01
2.0600039427396060e+00	4.6277015404154618e+01
2.0640099440094519e+00	5.1112989164444841e+01
2.0680051380186089e+00	4.7431048941871282e+01
2.0720035447137315e+00	5.7605017724923819e+01
2.0760010637992723e+00	4.3159965878448610e+01
2.0800039899628189e+00	4.8836771844284897e+01
2.0840028125351742e+00	5.6891772362588362e+01
2.0880110620760681e+00	4.2836031753287450e+01
2.0920090426706888e+00	4.6717214872445041e+01
2.0960033198156558e+00	5.5035342262177188e+01
2.1000013890739049e+00	4.6026500910591054e+01
2.1040024369346271e+00	4.6425218179364400e+01
2.1080080793433842e+00	4.6536276969302165e+01
2.1120081870348439e+00	5.2131124733826120e+01
2.1160044322812128e+00	5.1250290931941954e+01
2.1200099074679590e+00	4.6699918791838044e+01
2.1240044656490045e+00	4.4884659590230804e+01
2.1280019456197010e+00	4.6631184754082611e+01
2.1320040622222538e+00	4.8051866023182576e+01
2.1360002567857954e+00	4.8065046881488598e+01
2.1400022756372961e+00	4.4608312314922188e+01
2.1440091709554001e+00	4.9094289257581302e+01
2.1480072326874620e+00	4.3825887107789647e+01
2.1520113192359482e+00	4.5313036657144472e+01
2.1560085314401731e+00	4.3024578211447526e+01
2.1600035509940176e+00	4.4932921319301784e+01
2.1640091513865354e+00	4.8432969171914586e+01
2.1680028520064427e+00	4.9647414290339945e+01
2.1720093281483948e+00	4.8174361006112143e+01
2.1760016632840227e+00	4.7104387472131457e+01
2.1800097640432634e+00	5.1628075710230007e+01
2.1840117236882306e+00	4.9373189432957979e+01
2.1880093130020848e+00	4.7222400271531207e+01
2.1920018193247905e+00	4.4494272784663828e+01
2.1960006014045015e+00	5.2570115286208058e+01
2.2000065690224551e+00	3.6592965239681277e+01
2.2040106229917180e+00	4.0644871922081073e+01
2.2080040081170229e+00	3.8606440151149492e+01
2.2120115246160168e+00	4.7027173249707204e+01
2.2160001008454731e+00	3.7711744316933213e+01
2.2200062335102935e+00	3.5756965231965424e+01
2.2240113668965802e+00	3.5476012124150756e+01
2.2280090854109815e+00	3.6682400865657982e+01
2.2320021444891078e+00	3.9114795112069736e+01
2.2360048921801101e+00	3.7090101829800169e+01
2.2400074552880942e+00	3.8302715823007198e+01
2.2440013230745968e+00	4.0468008682465765e+01
2.2480017258341394e+00	4.4580686979631899e+01
2.2520100801249661e+00	4.3301287309325303e+01
2.2560053958976503e+00	4.6462754456904982e+01
2.2600117071854302e+00	4.3014023804208463e+01
2.2640075070059260e+00	3.8980208366238401e+01
2.2680077736567732e+00	5.0132993840924527e+01
2.2720034874758355e+00	4.2899364181997605e+01
2.2760094345009851e+00	4.4274269911894301e+01
2.2800105144150540e+00	5.2995400235646485e+01
2.2840083270585176e+00	4.2242885553489899e+01
2.2880032070592522e+00	5.0749100450186567e+01
2.2920071981943813e+00	4.0591412887645220e+01
2.2960095906057694e+00	4.3747410450988120e+01
2.3000009002969648e+00	4.1365334211550589e+01
2.3040067321698454e+00	4.4236310421576796e+01
2.3080061674236050e+00	4.8916667955051899e+01
2.3120108008475091e+00	4.4823220275357677e+01
2.3160064779002991e+00	5.0198277154325616e+01
2.3200060565170810e+00	4.4657456511325684e+01
2.3240077386216735e+00	4.3008502752107049e+01
2.3280084929641482e+00	4.0562366173162701e+01
2.3320093797237127e+00	3.6927613181270559e+01
2.3360108826983761e+00	3.2699137632500999e+01
2.3400039270708524e+00	3.9488790310520699e+01
2.3440105523453445e+00	3.9617454327342855e+01
2.3480042570088915e+00	4.2363094490906150e+01
2.3520079909066283e+00	3.9996905925295174e+01
2.3560091231432252e+00	4.5285414789471702e+01
2.3600054319976338e+00	4.9417771614508567e+01
2.3640098516152555e+00	4.9207893832339174e+01
2.3680113124882536e+00	4.5920237068765722e+01
2.3720109691219613e+00	4.1562774322776541e+01
2.3760094775883691e+00	4.7604277787316065e+01
2.3800074205452022e+00	4.8580498953983685e+01
2.3840061727206692e+00	5.0874439782586059e+01
2.3880071902331834e+00	4.6762988164042142e+01
2.3920110912940928e+00	5.0379725254174083e+01
2.3960023302212909e+00	4.6881199677450120e+01
2.4000061168594145e+00	4.4320466386180343e+01
2.4040003854322203e+00	4.6955557998806505e+01
2.4080024097252344e+00	4.8503271869872421e+01
2.4120017737373995e+00	4.4261710802535404e+01
2.4160070737431543e+00	4.3599949458244581e+01
2.4200075956391029e+00	4.0796682141237540e+01
2.4240060939844672e+00	4.2866803556693689e+01
2.4280049761888938e+00	4.9587248647499102e+01
2.4320073461295491e+00	5.3163674742661946e+01
2.4360041443923168e+00	5.0160062927498885e+01
2.4400086027081467e+00	5.2672640830857240e+01
2.4440061719120898e+00	5.8759193997894215e+01
2.4480029125127309e+00	6.1722393028059898e+01
2.4520106351418445e+00	5.9459029621297923e+01
2.4560050450244590e+00	5.4451733928894797e+01
2.4600086964999588e+00	5.7353960151573439e+01
2.4640089137434491e+00	5.0900887717405936e+01
2.4680051522771995e+00	4.6179135735280745e+01
2.4720087816270184e+00	4.6833283744907682e+01
2.4760057679951570e+00	5.0329991335296540e+01
2.4800092152865449e+00	5.2450838848385430e+01
2.4840097395017668e+00	5.0378554345898785e+01
2.4880075772695829e+00	4.6356792409514263e+01
2.4920042426172166e+00	5.0857173581308139e+01
2.4960025606164957e+00	5.5295960293418759e+01
2.5000047151084308e+00	5.0916252065560847e+01
2.5040116612555541e+00	5.3856543403940123e+01
2.5080104887869989e+00	5.4977657635455536e+01
2.5120009947978641e+00	5.7679047968006749e+01
2.5160085072045990e+00	6.3093974205207729e+01
2.5200113046170487e+00	6.6420319034314744e+01
2.5240066383043849e+00	6.3075226982594231e+01
2.5280019265557829e+00	5.2540270119511867e+01
2.5320092558472975e+00	4.5196971782024328e+01
2.5360070518966649e+00	5.0297211377186493e+01
2.5400080397323146e+00	5.7781458046918623e+01
2.5440054645461272e+00	5.9389559331231204e+01
2.5480069908986169e+00	5.3030563609402030e+01
2.5520015749828464e+00	6.5183198208852815e+01
2.5560032078195514e+00	6.3553401970313452e+01
2.5600018255409616e+00	5.7901532239471656e+01
2.5640000383457573e+00	5.8431805151632076e+01
2.5680010761136867e+00	5.8897255329983643e+01
2.5720046982374312e+00	5.1317872119997290e+01
2.5760036619076461e+00	4.9764197454252546e+01
2.5800113086574448e+00	4.3250671467823075e+01
2.5840044138260878e+00	5.3109342296428601e+01
2.5880031152672265e+00	4.6834784921450606e+01
2.5920079685424402e+00	4.9099037111498411e+01
2.5960100305682525e+00	4.2519463851385389e+01
2.6000104000098325e+00	4.6375249351433688e+01
2.6040013007154306e+00	4.6595005586014196e+01
2.6080010330835335e+00	4.5021485959785721e+01
2.6120034764142352e+00	5.4454644953408831e+01
2.6160040363441515e+00	5.7253230623439990e+01
2.6200043828917652e+00	5.3779711439929784e+01
2.6240043877585695e+00	4.6579449726229321e+01
2.6280064080199299e+00	5.0091336360006437e+01
2.6320007103633394e+00	4.3368849021885318e+01
2.6360111201833227e+00	5.4897930860638503e+01
2.6400025383114327e+00	4.6160585606560922e+01
2.6440113280879602e+00	4.5088324739232235e+01
2.6480071098399116e+00	4.0968339059206208e+01
2.6520102982915392e+00	4.2615800969718585e+01
2.6560076484034112e+00	4.4092694736988811e+01
2.6600116773236353e+00	5.1599218751044035e+01
2.6640008585066037e+00	3.8775819079469670e+01
2.6680030408364255e+00	3.9546815306875487e+01
2.6720097223190371e+00	3.7437364453305349e+01
2.6760107472058254e+00	3.7992885890700826e+01
2.6800054242883262e+00	3.8017514408847632e+01
2.6840094672007861e+00	3.6391772459939119e+01
2.6880015499097540e+00	3.8040441796639087e+01
2.6920061922141363e+00	4.1544852448331405e+01
2.6960039916876273e+00	3.7596919466346712e+01
2.7000023935149859e+00	3.7020160386821097e+01
2.7040054159201539e+00	3.8766467110160256e+01
2.7080073092400374e+00	3.6352543980758810e+01
2.7120008566196026e+00	3.5330212919281919e+01
2.7160116801581426e+00	3.4300231888535549e+01
2.7200070910408507e+00	3.9545741545090095e+01
2.7240104296480507e+00	4.1552825952993331e+01
2.7280065352646057e+00	3.5182655260384514e+01
2.7320053196497986e+00	3.2950347112179365e+01
2.7360032733811135e+00	3.7005184628068911e+01
2.7400118090121790e+00	3.4302430260723170e+01
2.7440095284376858e+00	4.0631897925982692e+01
2.7480056139426550e+00	3.9300599701922764e+01
2.7520078445544116e+00	3.6960132741748119e+01
2.7560065757740611e+00	4.0480787599788819e+01
2.7600025230292209e+00	3.4764666319727588e+01
2.7640068998705090e+00	4.0751921586888201e+01
2.7680104428894907e+00	3.5486271203599230e+01
2.7720057724473004e+00	3.8212250330505583e+01
2.7760087545864649e+00	3.3237016228066594e+01
2.7800032884414869e+00	3.2861059728229279e+01
2.7840017307496230e+00	3.3345657735539831e+01
2.7880061951392672e+00	3.2462458588364413e+01
2.7920050804397150e+00	2.9837761008410347e+01
2.7960043570313005e+00	3.0996790502511111e+01
2.8000006816218455e+00	3.1620657167749840e+01
2.8040092525978153e+00	3.2183128169029764e+01
2.8080051118238392e+00	3.1534099456419515e+01
2.8120019147894002e+00	3.0979933682745440e+01
2.8160013477529948e+00	3.3259279292401182e+01
2.8200024968692898e+00	3.5240474585329061e+01
2.8240030529683646e+00	3.6649225817952242e+01
2.8280045164680785e+00	3.4010154882564940e+01
2.8320089006614397e+00	3.2829212330084260e+01
2.8360000251455877e+00	3.0615728647440292e+01
2.8400100137386421e+00	3.3359370802333089e+01
2.8440091237079188e+00	3.3425694233918485e+01
2.8480008640231884e+00	3.3779464702545475e+01
2.8520003279037995e+00	3.3112203778465854e+01
2.8560078227694428e+00	3.5821321640833546e+01
2.8600028182782591e+00	3.5847883111431969e+01
2.8640001560670174e+00	3.9073209331570105e+01
2.8680003709457029e+00	3.9145616163360010e+01
2.8720043871530172e+00	3.5151843305816179e+01
2.8760072382739508e+00	3.8503693476501617e+01
2.8800067175621300e+00	4.1123274788898819e+01
2.8840033291256799e+00	4.2977016700912735e+01
2.8880103878984484e+00	4.8773003430726128e+01
2.8920046681900020e+00	5.0184706933925924e+01
2.8960116968269998e+00	4.7202670058732480e+01
2.9000091481900001e+00	4.0424838199871573e+01
2.9040038857284296e+00	4.1223390643407349e+01
2.9080068370217234e+00	3.9698801148051871e+01
2.9120117666012266e+00	4.0144218902129822e+01
2.9160039971194025e+00	5.0066595788372396e+01
2.9200068945500202e+00	3.9262635006817426e+01
2.9240078455582168e+00	3.3857117319824390e+01
2.9280063571123258e+00	3.7373491094861734e+01
2.9320025567673080e+00	3.6311641383716690e+01
2.9360088292786397e+00	3.6236470228958922e+01
2.9400039304447141e+00	3.4191514163264323e+01
2.9440012928569228e+00	3.4376504819019978e+01
2.9480011874591847e+00	3.5480383337513828e+01
2.9520101953779423e+00	3.7961963284934384e+01
2.9560049366318681e+00	3.9623824526700929e+01
2.9600097259856901e+00	3.8650904663747973e+01
2.9640069287722430e+00	3.6440695375273030e+01
2.9680100908790448e+00	3.8630670096737909e+01
2.9720007990795447e+00	4.3012544332346941e+01
2.9760112555660725e+00	5.2577995163836839e+01
2.9800081919198487e+00	4.6294514479215536e+01
2.9840091423233361e+00	4.4250985656152878e+01
2.9880057290719662e+00	4.3735995093881620e+01
2.9920097720020156e+00	5.0757012647015159e+01
2.9960111975698402e+00	5.2332816018084308e+01
3.0000104808774077e+00	4.4725004343536945e+01
3.0040094864251570e+00	3.9432843408086583e+01
3.0080007853203869e+00	4.9081952233307547e+01
3.0120073772109377e+00	5.2516142695802962e+01
3.0160074175378688e+00	4.9858104905769267e+01
3.0200047457149659e+00	4.4032323049127484e+01
3.0240042582509910e+00	4.5752857531855192e+01
3.0280006567957547e+00	4.6689894044631252e+01
3.0320010813293194e+00	4.5690010212491472e+01
3.0360095277815815e+00	4.4634766058230802e+01
3.0400052024963999e+00	4.6956423469419065e+01
3.0440117423207407e+00	4.6680984804767895e+01
3.0480092704116699e+00	4.1170000152966715e+01
3.0520093059537290e+00	4.0440222374536297e+01
3.0560014345714204e+00	3.4917078722606661e+01
3.0600109494848939e+00	4.3034608336126240e+01
3.0640117647036416e+00	4.2998435545321286e+01
3.0680081584930754e+00	4.3774025869688003e+01
3.0720061435491290e+00	3.9362566216409597e+01
3.0760080116382644e+00	3.5233919159498818e+01
3.0800039056463921e+00	3.4896950277749241e+01
3.0840108451177795e+00	3.3363792769638543e+01
3.0880069246667325e+00	3.6377968028666245e+01
3.0920095843323643e+00	5.6296686214499331e+01
3.0960072079716618e+00	5.3955969587000389e+01
3.1000047760308078e+00	4.1149573403924443e+01
3.1040021430982931e+00	3.9162967429075081e+01
3.1080013039156311e+00	3.9874464324819584e+01
3.1120033644830514e+00	3.9317663341891894e+01
3.1160077744256052e+00	4.0960529929844142e+01
3.1200006919041772e+00	3.9965676429794954e+01
3.1240062477135031e+00	4.6195716996628370e+01
3.1280106612186640e+00	4.6456826409981417e+01
3.1320038802487198e+00	3.8485177655612993e+01
3.1360110764061564e+00	3.9447546391363595e+01
3.1400040218568863e+00	3.1452114823407488e+01
3.1440063020080595e+00	3.8722416107014396e+01
3.1480061325645843e+00	3.9090819811770217e+01
3.1520048747191884e+00	3.4514314385422253e+01
3.1560068826332133e+00	3.5474424154310903e+01
3.1600046885551807e+00	3.4335697464434524e+01
3.1640005978328940e+00	3.8782542468471597e+01
3.1680041339114138e+00	3.5913919357531135e+01
3.1720043758657144e+00	3.4115712562108172e+01
3.1760027247259019e+00	3.7915452604505404e+01
3.1800003875071008e+00	3.9520815248854618e+01
3.1840108425412406e+00	3.8733734923092960e+01
3.1880087796014998e+00	3.4423377733768277e+01
3.1920072136363662e+00	4.6845811759090026e+01
3.1960064464659603e+00	3.4578223001828569e+01
3.2000060727896291e+00	3.1862405273043496e+01
3.2040047449941764e+00	4.1768897304833153e+01
3.2080030380607489e+00	4.2961079351828793e+01
3.2120022593121371e+00	3.6574135805553389e+01
3.2160020250254413e+00	3.3970167274218056e+01
3.2200012606784343e+00	3.3711926287882022e+01
3.2240110717170531e+00	4.3239387030491656e+01
3.2280071425409029e+00	3.2804295234864341e+01
3.2320015667731243e+00	4.1837251875541362e+01
3.2360049999389950e+00	3.5229547663191191e+01
3.2400029661290848e+00	3.5185990527677376e+01
3.2440074145532005e+00	3.9530911493645405e+01
3.2480086591564179e+00	3.7165658638920185e+01
3.2520094380559059e+00	3.6486444940456671e+01
3.2560118020877544e+00	3.3208197409099384e+01
3.2600058067865221e+00	3.8812056420620337e+01
3.2640042467586459e+00	3.7820934106388165e+01
3.2680068549558232e+00	3.5373565499444162e+01
3.2720107256523008e+00	3.0611303882064878e+01
3.2760022923727559e+00	3.3192080996502483e+01
3.2800052248903944e+00	3.6086568778961336e+01
3.2840101437973193e+00	3.8768585119918349e+01
3.2880085951483249e+00	3.9931445813954575e+01
3.2920092298645027e+00	5.4853336213770199e+01
3.2960090533929147e+00	6.2846922047990816e+01
3.3000080381483055e+00	4.8894509838873581e+01
3.3040067066587993e+00	4.5923366184608213e+01
3.3080076728918266e+00	4.1710331444247345e+01
3.3120005363671936e+00	5.0152738442619324e+01
3.3160118240354999e+00	4.8512678724061516e+01
3.3200061175330413e+00	4.6399575846254017e+01
3.3240039352435944e+00	4.4656792098809973e+01
3.3280116507946795e+00	4.0689379715868512e+01
3.3320020117553337e+00	4.2337655578028567e+01
3.3360107182063805e+00	4.0534544465553147e+01
3.3400020398126213e+00	4.5811966769948064e+01
3.3440016597790887e+00	4.1757017029249070e+01
3.3480030753323033e+00	3.9052318021317845e+01
3.3520000999711388e+00	4.3301430827876487e+01
3.3560052910338687e+00	4.5117166787066118e+01
3.3600026963222747e+00	3.5727187611497513e+01
3.3640029711637003e+00	3.1147865289933343e+01
3.3680084273729292e+00	3.3477577403307919e+01
3.3720070149268313e+00	3.1413507451908082e+01
3.3760065420261398e+00	3.4832535071262242e+01
3.3800110642749814e+00	3.4366103747717531e+01
3.3840094939104217e+00	3.4751005275004601e+01
3.3880047380059861e+00	4.0265426945047473e+01
3.3920089368722124e+00	3.6421556428776221e+01
3.3960108290389845e+00	3.7507880346402025e+01
3.4000110429999491e+00	3.2541713066946485e+01
3.4040097078779401e+00	3.2647744980684344e+01
3.4080067355702859e+00	3.3392121350181931e+01
3.4120000663674759e+00	3.2817320185045574e+01
3.4160019595865116e+00	3.5747446908593140e+01
3.4200008460474831e+00	3.0857853191096300e+01
3.4240064797387779e+00	3.2352496154293107e+01
3.4280062997434437e+00	3.1928571041230487e+01
3.4320113756580977e+00	3.4029190000216744e+01
3.4360107570147087e+00	3.2268631520347391e+01
3.4400082437246944e+00	3.8254554467111774e+01
3.4440090556862910e+00	3.2944295128145235e+01
3.4480060896866349e+00	3.4675408996024522e+01
3.4520058707590504e+00	3.4241680436963698e+01
3.4560102802481394e+00	3.5195284786388626e+01
3.4600022206147925e+00	3.5849270016572675e+01
3.4640072008040574e+00	3.4184318603121291e+01
3.4680100646022147e+00	3.6153348155450040e+01
3.4720004414274572e+00	3.5033401267137627e+01
3.4760039157177682e+00	3.7594736882814530e+01
3.4800028220637884e+00	3.1775289141829120e+01
3.4840112193104398e+00	3.4775783619100835e+01
3.4880112938188796e+00	3.3210442550316124e+01
3.4920015093707040e+00	3.4659344223067215e+01
3.4960023787820038e+00	3.4646639341225118e+01
3.5000047774962670e+00	3.6689032692238058e+01
3.5040095629084647e+00	4.4032032340815277e+01
3.5080063551895853e+00	4.4819511565424747e+01
3.5120081574642570e+00	3.6008130339823140e+01
3.5160077976124620e+00	3.2030092313420646e+01
3.5200045529473050e+00	3.1510547918142766e+01
3.5240040097967253e+00	3.2580725826904079e+01
3.5280116757506437e+00	2.8959811515013694e+01
3.5320042264206832e+00	3.6103281122127747e+01
3.5360060996152076e+00	4.4048822675177455e+01
3.5400110954023360e+00	3.5025835953649946e+01
3.5440098020626243e+00	3.4584587701324203e+01
3.5480024690304961e+00	3.1279546545070918e+01
3.5520029766023451e+00	3.2479985153866593e+01
3.5560103140208512e+00	3.1122805345562913e+01
3.5600011577310542e+00	3.0869388001394505e+01
3.5640004643579748e+00	3.3339050195049083e+01
3.5680082522905985e+00	3.4364361238941250e+01
3.5720109396744717e+00	3.4726267921925235e+01
3.5760072603368731e+00	3.6316832363947078e+01
3.5800092945126214e+00	3.6203237503989889e+01
3.5840088840333055e+00	3.3384031069679047e+01
3.5880101370980584e+00	3.4145254417546795e+01
3.5920069468287021e+00	3.6523889668068989e+01
3.5960116717940651e+00	4.0616883093021549e+01
3.6000036272699161e+00	3.8905398804595869e+01
3.6040092819023828e+00	4.0744867354786770e+01
3.6080083946246000e+00	4.5391971501815185e+01
3.6120038736835092e+00	3.9546180892395313e+01
3.6160080618964550e+00	4.5026841012666019e+01
3.6200039610912813e+00	4.1919686615201208e+01
3.6240116586125146e+00	4.1002993592761193e+01
3.6280086863855150e+00	3.8647160529879962e+01
3.6320068525810507e+00	3.9692071809694752e+01
3.6360021199810668e+00	3.5783333384231128e+01
3.6400079293654874e+00	3.4940882274151591e+01
3.6440017741161128e+00	3.7161673903644676e+01
3.6480074496069905e+00	4.0691195518483688e+01
3.6520018300748380e+00	3.5630218993286149e+01
3.6560101970055361e+00	3.2933050481047438e+01
3.6600093239598581e+00	3.4487346148604971e+01
3.6640104374180349e+00	3.3822496743948165e+01
3.6680030646320363e+00	3.4157546177285973e+01
3.6720111489725880e+00	3.4116719990167844e+01
3.6760051228604262e+00	3.4961310200995207e+01
3.6800088255539807e+00	3.3131815749575807e+01
3.6840114907959571e+00	3.2182668199900974e+01
3.6880054551017141e+00	3.1770140669925272e+01
3.6920003433762631e+00	3.4750770997606381e+01
3.6960073465832823e+00	3.4553693283192565e+01
3.7000015111776845e+00	3.9441597387408748e+01
3.7040066245456087e+00	3.4530262930596137e+01
3.7080015908775437e+00	3.6878556511972967e+01
3.7120110736393563e+00	4.0382094937736099e+01
3.7160022291118873e+00	4.1734111354267867e+01
3.7200088849071271e+00	4.2086844969081369e+01
3.7240091248314506e+00	4.0296430065123928e+01
3.7280051944292594e+00	4.0420351890365858e+01
3.7320109907803163e+00	3.8575714506507786e+01
3.7360048346049277e+00	3.4092192816982170e+01
3.7400114514862928e+00	3.6549625547013463e+01
3.7440083536598396e+00	3.6039606720040204e+01
3.7480096209944862e+00	4.3305659891681515e+01
3.7520055603228242e+00	3.9101512415870360e+01
3.7560058427516316e+00	3.8062754253768759e+01
3.7600006752836634e+00	3.7930977160038928e+01
3.7640026011143375e+00	3.6102785544991058e+01
3.7680083093690535e+00	3.8763281934807459e+01
3.7720011719822213e+00	3.5759859512562272e+01
3.7760109852501809e+00	4.0962376156520541e+01
3.7800050039566577e+00	3.7640275311561680e+01
3.7840093491924320e+00	4.0648404983530220e+01
3.7880008506172604e+00	4.5383831970382495e+01
3.7920070964943471e+00	4.0396004682625126e+01
3.7960044295606692e+00	4.0867396460452994e+01
3.8000109785718021e+00	3.9063820682092576e+01
3.8040066161316881e+00	4.0355069778710003e+01
3.8080011665060685e+00	3.7466516878848275e+01
3.8120089699970023e+00	4.0636571809732601e+01
3.8160088003398047e+00	3.6202275619717980e+01
3.8200062088829050e+00	3.7850931866195872e+01
3.8240008200378881e+00	3.9291467329892136e+01
3.8280037073848066e+00	3.4680049061453381e+01
3.8320036960812347e+00	3.2064062656778681e+01
3.8360022952976975e+00	3.4200878753265378e+01
3.8400114199254829e+00	3.2094547024973551e+01
3.8440066325603581e+00	3.0612782613891980e+01
3.8480007539331242e+00	3.1438870451464151e+01
3.8520078944857961e+00	3.8311489395726134e+01
3.8560042055749215e+00	4.1476382162621825e+01
3.8600016268463562e+00	4.7519023708083921e+01
3.8640116808085634e+00	4.2753048840108093e+01
3.8680079406151506e+00	4.2997420650665731e+01
3.8720030714505507e+00	3.7737220232889442e+01
3.8760103313834624e+00	4.7657002718885749e+01
3.8800058547509382e+00	4.8600705200190710e+01
3.8840024451896835e+00	4.5252336145910625e+01
3.8880006886494156e+00	4.2302648302339051e+01
3.8920014528315185e+00	3.5568062583375188e+01
3.8960047816088701e+00	3.7045119625190509e+01
3.9000081079408595e+00	3.6521031556674167e+01
3.9040101029585084e+00	4.3870949026458959e+01
3.9080117867522395e+00	4.8288497433316678e+01
3.9120016053024345e+00	4.8910195263667319e+01
3.9160052223695390e+00	3.7262015570918244e+01
3.9200007485186865e+00	4.2220314233516532e+01
3.9240005988763556e+00	3.6931909480324656e+01
3.9280106667777863e+00	4.0863548507129593e+01
3.9320034678553943e+00	3.5442036658875374e+01
3.9360040811475394e+00	3.7617221531287107e+01
3.9400009972661518e+00	3.4583378649355943e+01
3.9440072562086272e+00	3.5515063719229325e+01
3.9480009750441387e+00	3.4501662728577180e+01
3.9520073935809976e+00	3.1341031862714157e+01
3.9560116467504978e+00	3.2443654040261045e+01
3.9600118422371793e+00	3.2209008008811267e+01
3.9640091974228668e+00	3.3406167907097526e+01
3.9680069242881233e+00	3.8675373788873017e+01
3.9720114296829592e+00	3.5819538249877731e+01
3.9760042177531898e+00	3.2649664927292726e+01
3.9800023717830624e+00	3.4188902808272530e+01
3.9840102247288209e+00	3.4561917481461499e+01
3.9880094936869042e+00	4.5060358391554878e+01
3.9920088080533174e+00	4.5399649344861814e+01
3.9960065912014371e+00	3.9622033893621989e+01
4.0000109058294235e+00	3.4159246284078037e+01
4.0040031267518286e+00	3.6051971621388780e+01
4.0080100177999132e+00	3.6785355069419154e+01
4.0120033292465402e+00	3.6095990495786033e+01
4.0160048503278603e+00	3.7354028045812420e+01
4.0200050882755658e+00	3.4491265619930623e+01
4.0240058498179092e+00	4.0205554261084508e+01
4.0280091822714565e+00	4.6793433558044327e+01
4.0320043319530861e+00	4.6721242083197303e+01
4.0360041564038101e+00	4.2576313263711846e+01
4.0400099166985015e+00	3.7382863442437781e+01
4.0440052794922758e+00	4.0947443056331188e+01
4.0480043144958531e+00	4.1742410698216254e+01
4.0520058490426107e+00	3.9762881051457377e+01
4.0560056947873386e+00	3.8690781000092706e+01
4.0600048710302055e+00	3.5889979372107447e+01
4.0640084028888062e+00	4.4777867640352177e+01
4.0680043861856729e+00	4.0695802596082046e+01
4.0720002638779196e+00	4.0958194687587877e+01
4.0760024109161757e+00	4.1140627885146145e+01
4.0800011605398936e+00	3.3820522040727830e+01
4.0840053946238299e+00	3.0846477518436647e+01
4.0880038302478354e+00	3.2745270334692130e+01
4.0920098484773408e+00	2.9601969706713746e+01
4.0960063988728308e+00	2.6729734616057716e+01
4.1000015794802867e+00	3.1475112800772312e+01
4.1040057253882640e+00	3.1648937865854975e+01
4.1080017557386750e+00	2.6762455383611716e+01
4.1120119307531686e+00	3.0421417463818358e+01
4.1160080106111732e+00	4.4160283988398838e+01
4.1200019897132449e+00	3.7538465175896341e+01
4.1240067256672868e+00	3.6256713839398316e+01
4.1280093522049714e+00	3.6762213990259021e+01
4.1320105440341761e+00	3.6532751386204190e+01
4.1360102681225941e+00	3.3531919740037843e+01
4.1400115224372973e+00	2.9400055947350072e+01
4.1440045240123471e+00	3.3835956714346167e+01
4.1480005908154718e+00	3.5780126959441354e+01
4.1520018118663593e+00	3.5965045656764126e+01
4.1560048329346939e+00	4.0866789522393027e+01
4.1600073679901692e+00	4.1994548483987359e+01
4.1640003928541081e+00	4.0599922362893373e+01
4.1680004495682610e+00	3.7827265606164318e+01
4.1720090360399915e+00	3.3122472672422262e+01
4.1760089904482243e+00	2.9323477641999535e+01
4.1800046779545301e+00	3.1974862066790031e+01
4.1840007752454040e+00	3.1209242163496970e+01
4.1880108031317862e+00	3.1863616013411175e+01
4.1920108903657249e+00	3.4068982445039921e+01
4.1960020458712695e+00	3.0739257548345098e+01
4.2000063309535731e+00	2.8922681738695058e+01
4.2040082949890039e+00	3.0432636652336434e+01
4.2080073863257956e+00	3.6954619910154371e+01
4.2120064229906085e+00	4.1929149846485636e+01
4.2160085770844944e+00	3.5677517221937862e+01
4.2200107714146142e+00	3.8254114728786540e+01
4.2240101468174709e+00	3.8889680104974722e+01
4.2280073070444377e+00	3.9666387849928050e+01
4.2320036048269341e+00	3.5429219275655434e+01
4.2360099793611710e+00	2.9847676355157851e+01
4.2400028808335080e+00	3.8420910431750812e+01
4.2440075089442395e+00	3.8713364108359286e+01
4.2480072286365660e+00	3.3960380837058054e+01
4.2520000128399298e+00	3.8106585451555702e+01
4.2560118317921987e+00	3.6762558621892715e+01
4.2600080296516287e+00	3.4948430656898175e+01
4.2640002161969344e+00	3.6407800203095036e+01
4.2680015280115935e+00	4.2384404243922006e+01
4.2720022409313527e+00	4.6628355523735216e+01
4.2760037051969304e+00	4.5663906984747143e+01
4.2800081114181854e+00	3.8046429786115745e+01
4.2840058701319501e+00	3.9863926019696812e+01
4.2880077043547260e+00	4.5515779296419090e+01
4.2920100953626319e+00	4.3837391245542982e+01
4.2960014479016744e+00	4.4334010683456697e+01
4.3000069127218952e+00	4.7543934847268254e+01
4.3040010157898898e+00	4.1644741928591323e+01
4.3080060804482816e+00	4.7706916540669440e+01
4.3120013641015378e+00	4.2964160795002691e+01
4.3160033380975102e+00	4.3915038555170845e+01
4.3200062625438527e+00	3.9649178709967046e+01
4.3240074128825725e+00	4.4615534059337499e+01
4.3280091850347215e+00	4.5018839472874859e+01
4.3320007564951872e+00	4.1098826638979489e+01
4.3360021514245908e+00	4.1601470829081713e+01
4.3400106457190333e+00	3.9934819833885044e+01
4.3440109367268800e+00	3.9818461616511932e+01
4.3480045588234120e+00	3.8803474011874357e+01
4.3520066684167746e+00	3.4194361145534565e+01
4.3560098879629061e+00	3.7167966265306170e+01
4.3600020333067189e+00	3.5136217122616216e+01
4.3640072072998652e+00	3.6356169747050465e+01
4.3680002114120180e+00	3.9028581540748490e+01
4.3720066653414689e+00	3.6706589260065343e+01
4.3760061006002822e+00	4.1823819639664329e+01
4.3800048200739834e+00	3.9222072703820253e+01
4.3840016717719079e+00	3.8058804457417871e+01
4.3880107076902259e+00	3.6762328954407366e+01
4.3920096845457035e+00	3.9965792683232777e+01
4.3960108692805848e+00	3.7414441699739356e+01
4.4000007416299951e+00	4.2186121547191199e+01
4.4040074644711984e+00	3.8403016644429826e+01
4.4080081059863119e+00	3.8928250389757203e+01
4.4120085602934065e+00	4.8354353345069583e+01
4.4160076882559691e+00	5.5832891462730096e+01
4.4200044799165275e+00	5.0990713074793540e+01
4.4240117143616793e+00	4.8316636510183557e+01
4.4280064302953468e+00	4.7895730857285137e+01
4.4320002234751064e+00	3.8878972429327874e+01
4.4360062510820235e+00	4.4892541297225151e+01
4.4400017558841478e+00	3.7438481830724889e+01
4.4440109194652786e+00	4.0230417752256059e+01
4.4480103863194378e+00	3.7922347452216123e+01
4.4520106482582245e+00	3.9594202736294676e+01
4.4560000859858642e+00	4.4749886764909597e+01
4.4600021350882182e+00	4.3884044978074108e+01
4.4640054534523950e+00	4.9131506901455779e+01
4.4680105180583292e+00	4.2921301811005272e+01
4.4720054202451855e+00	3.7467165544967884e+01
4.4760025327666781e+00	3.1200852198794941e+01
4.4800021938792840e+00	3.7555513517487881e+01
4.4840026397037169e+00	4.0934944695101095e+01
4.4880041551322698e+00	4.0160046351790434e+01
4.4920068862931011e+00	5.0407772705260456e+01
4.4960067792425251e+00	5.1506304049098773e+01
4.5000053806478855e+00	4.3997328516431310e+01
4.5040015127965720e+00	4.1495055140601011e+01
4.5080100959297091e+00	4.5769693600795840e+01
4.5120069483182785e+00	3.8032857156270197e+01
4.5160030528635726e+00	3.8258622780413056e+01
4.5200090930123054e+00	3.8471713955254693e+01
4.5240038446156197e+00	3.1070578058418050e+01
4.5280012757227039e+00	3.3409134729233507e+01
4.5320024310763749e+00	3.9704904555300047e+01
4.5360066939378179e+00	3.4636692961111265e+01
4.5400114806464158e+00	3.2010713911575806e+01
4.5440020165118051e+00	3.4578979259429033e+01
4.5480047013836691e+00	3.6089037067755264e+01
4.5520050993436163e+00	3.4673965427717469e+01
4.5560023268480148e+00	4.0548426132477744e+01
4.5600027141945745e+00	3.3333719551271543e+01
4.5640064387733270e+00	4.0903507365874411e+01
4.5680020824994934e+00	5.2882244755808998e+01
4.5720090073573241e+00	5.0952819929489102e+01
4.5760107607979785e+00	4.5020395289239524e+01
4.5800064771309934e+00	4.6988867340081654e+01
4.5840086411167542e+00	3.7846418970652181e+01
4.5880084045301341e+00	3.5895458236607745e+01
4.5920031102720182e+00	3.3166388989790086e+01
4.5960063540931708e+00	3.1597400586723982e+01
4.6000074818970482e+00	2.9235784921068170e+01
4.6040082462731364e+00	3.3128460074325680e+01
4.6080106457988403e+00	3.4432670898918573e+01
4.6120003166256218e+00	3.3675736683925948e+01
4.6160099515548749e+00	3.1231567499698638e+01
4.6200043170544900e+00	3.1749740802631827e+01
4.6240056403430856e+00	3.6339865417318357e+01
4.6280021352096696e+00	3.4995619830654107e+01
4.6320086404414029e+00	3.1356803232130492e+01
4.6360052114519759e+00	3.5115979976207484e+01
4.6400062428521895e+00	3.3445301703345066e+01
4.6440093882921110e+00	3.3686534332580159e+01
4.6480030810636501e+00	3.1540886365421720e+01
4.6520102176043121e+00	3.2831653639989469e+01
4.6560082809597354e+00	2.9620026139749040e+01
4.6600103771754142e+00	3.3717257670225102e+01
4.6640078624982966e+00	3.1549846324357265e+01
4.6680107980425323e+00	3.2251763550036806e+01
4.6720117975568307e+00	3.4440649199203925e+01
4.6760082731770076e+00	3.2538307821313751e+01
4.6800039591188334e+00	3.2753042603899345e+01
4.6840117810664639e+00	3.7779204998453551e+01
4.6880086606903477e+00	3.2729074652941705e+01
4.6920078095673121e+00	3.2931581330424883e+01
4.6960102869253308e+00	3.5113890895625545e+01
4.7000058055079919e+00	3.1634085679282691e+01
4.7040046956582051e+00	3.3134337804528627e+01
4.7080044613221359e+00	3.6621517021440873e+01
4.7120042362328567e+00	3.5263169964794010e+01
4.7160013977535957e+00	3.7104946622546301e+01
4.7200078197365363e+00	3.8452652954273340e+01
4.7240008609495829e+00	4.2870655093720266e+01
4.7280021773194747e+00	3.9638189018701254e+01
4.7320112072326497e+00	3.8281564662743016e+01
4.7360044773308374e+00	3.9441155726561973e+01
4.7400079785876894e+00	3.2212301909387207e+01
4.7440008025801772e+00	3.4778991703630233e+01
4.7480058482721335e+00	3.4482816448581794e+01
4.7520071709897689e+00	3.7143272748699061e+01
4.7560057600078958e+00	3.3669306697507764e+01
4.7600023814296177e+00	3.4638013568880432e+01
4.7640083816577850e+00	4.1422865557110242e+01
4.7680111486212509e+00	3.8992051414614529e+01
4.7720005609383875e+00	3.9143790895086518e+01
4.7760045722355509e+00	4.3828158296776330e+01
4.7800035856911309e+00	5.1227241835248947e+01
4.7840000701626186e+00	4.8637991260947771e+01
4.7880082433070461e+00	4.4429033692718150e+01
4.7920096506290859e+00	4.0932882516685112e+01
4.7960105127696888e+00	3.6588013467325275e+01
4.8000085261802781e+00	3.6578613360801121e+01
4.8040016426820680e+00	3.5932065240283379e+01
4.8080034983266193e+00	3.4218582684574152e+01
4.8120022893641208e+00	3.3957176405996421e+01
4.8160109478849851e+00	3.4315901050943850e+01
4.8200070734412144e+00	3.6196143366060710e+01
4.8240005572154931e+00	3.5305365848962531e+01
4.8280037501181452e+00	3.7817602873006052e+01
4.8320063302119101e+00	3.9912343305544873e+01
4.8360084863299875e+00	4.2597519333778777e+01
4.8400014609673079e+00	4.2173727453873262e+01
4.8440104016801975e+00	4.9458361746235106e+01
4.8480047539465208e+00	4.9983592524827351e+01
4.8520085033709615e+00	4.6034306190293279e+01
4.8560109301705419e+00	4.2317470135641180e+01
4.8600022254065216e+00	3.4827017333063274e+01
4.8640067256130832e+00	3.8412492973038198e+01
4.8680000920268860e+00	3.2123703471925076e+01
4.8720060097274391e+00	3.3661886269833090e+01
4.8760017968982368e+00	3.5091176573824718e+01
4.8800002044949995e+00	3.5108860236352676e+01
4.8840091061026314e+00	3.6742840207743562e+01
4.8880020900814829e+00	3.8908194494007816e+01
4.8920007483629826e+00	3.7980202496562264e+01
4.8960019800188572e+00	4.0009365655490569e+01
4.9000102172604869e+00	4.0802994385175943e+01
4.9040111739592369e+00	4.2538236345530088e+01
4.9080019492013394e+00	3.9724157103207084e+01
4.9120100475215667e+00	3.4428065225727593e+01
4.9160111189181697e+00	3.4539351729056811e+01
4.9200091461139888e+00	3.8841684371354077e+01
4.9240022963127013e+00	3.4636941269073859e+01
4.9280093300875665e+00	3.8782809751264125e+01
4.9320016352923952e+00	4.1653642097261496e+01
4.9360042201715837e+00	4.2405266766181363e+01
4.9400070792481996e+00	4.3224162377823070e+01
4.9440080034154406e+00	4.3159074738455708e+01
4.9480036629325230e+00	4.5595119072794418e+01
4.9520069205459150e+00	3.8990310655736977e+01
4.9560075484730435e+00	4.3507765675176422e+01
4.9600063896921505e+00	3.3889617070004000e+01
4.9640036250112605e+00	3.2339869646670515e+01
4.9680110295266164e+00	3.3925085315942916e+01
4.9720060283467262e+00	3.3151258018627615e+01
4.9760069584473365e+00	3.1138268679339486e+01
4.9800096155919409e+00	3.4156408359406242e+01
4.9840113610914019e+00	3.5785620507175125e+01
4.9880046206623936e+00	3.8731400949335416e+01
4.9920049444465517e+00	4.5538440443641228e+01
4.9960017510416401e+00	4.8239868355015560e+01
5.0000005526280065e+00	4.3921565171124392e+01
5.0040109521309946e+00	3.3714819598693197e+01
5.0080002053828192e+00	3.3722320895326114e+01
5.0120054046130766e+00	3.2909729107308699e+01
5.0160102043792767e+00	3.6319799728178978e+01
5.0200106707934911e+00	3.2171093053012704e+01
5.0240080770392330e+00	3.5677066070682180e+01
5.0280049538737419e+00	3.4724469462149663e+01
5.0320049510026932e+00	3.5873285994650807e+01
5.0360001471076012e+00	3.9026284148243477e+01
5.0400078728772275e+00	3.5390521004669445e+01
5.0440027978720083e+00	4.1495606911947121e+01
5.0480116539710105e+00	4.0686927551310205e+01
5.0520094857833255e+00	3.7168391628183123e+01
5.0560013796398460e+00	3.5258895796949972e+01
5.0600118226336042e+00	3.5854999454219346e+01
5.0640084270189369e+00	3.6828902223847642e+01
5.0680077185667622e+00	3.7822944479034945e+01
5.0720015992181402e+00	3.9020870148032984e+01
5.0760047330237192e+00	4.0825759610808838e+01
5.0800118510109336e+00	4.4215204984792976e+01
5.0840026722646696e+00	4.4296144417185587e+01
5.0880029595696108e+00	3.9849885262637045e+01
5.0920019730371591e+00	3.9341369661853790e+01
5.0960002113091409e+00	4.2883061424844684e+01
5.1000102349117835e+00	4.4196854698452377e+01
5.1040084688741256e+00	4.3505154934788358e+01
5.1080029118671080e+00	3.9558666430485893e+01
5.1120093692571054e+00	3.3270960731916290e+01
5.1160071867340893e+00	3.9861061272343470e+01
5.1200090628764450e+00	3.6672176928304758e+01
5.1240012302876226e+00	3.8741864967479295e+01
5.1280042600887814e+00	3.7452006501520678e+01
5.1320071117906991e+00	3.4713588051919722e+01
5.1360093261537232e+00	4.1869413422187691e+01
5.1400002586066194e+00	4.0179845310225303e+01
5.1440024569459197e+00	3.3381487043255333e+01
5.1480004541632027e+00	3.8190274517064360e+01
5.1520061930586314e+00	3.7598847885296550e+01
5.1560081084599210e+00	3.3037292582037978e+01
5.1600060971168871e+00	3.8865597090242140e+01
5.1640109310550075e+00	3.9090611858737581e+01
5.1680112029022709e+00	3.5457713437604170e+01
5.1720085098837512e+00	3.8269510795931261e+01
5.1760086826851834e+00	3.5784789244897752e+01
5.1800019848816321e+00	3.6456341845965468e+01
5.1840053673015438e+00	4.7148602281085466e+01
5.1880024466624501e+00	4.1747851722906979e+01
5.1920060228855833e+00	4.6491448090511099e+01
5.1960046922694776e+00	4.4808957243551490e+01
5.2000100214502005e+00	4.0232970780554297e+01
5.2040013391003779e+00	3.7962075065283656e+01
5.2080057288804786e+00	3.6702553760258773e+01
5.2120046564592286e+00	3.4703179335624725e+01
5.2160039310004702e+00	3.2626307992609838e+01
5.2200038605414401e+00	3.3802119747380530e+01
5.2240018270776298e+00	3.3684668272849336e+01
5.2280058195204449e+00	4.3865789340829657e+01
5.2320011955144174e+00	4.8097568242446719e+01
5.2360075360608240e+00	3.8847355670013108e+01
5.2400056518000193e+00	3.6790058035270967e+01
5.2440071779472381e+00	4.2437061986618126e+01
5.2480088578887099e+00	4.5824262464011987e+01
5.2520088917707364e+00	3.9424787073157063e+01
5.2560018964977333e+00	4.2861391944783264e+01
5.2600016591138594e+00	4.6338611010286293e+01
5.2640001487582246e+00	4.6240121148244967e+01
5.2680016454493410e+00	4.7466052164604726e+01
5.2720105741272736e+00	5.7229857487810897e+01
5.2760042855240377e+00	5.2511703224635355e+01
5.2800011065048489e+00	5.2191966840169108e+01
5.2840095636369186e+00	3.9902928411697971e+01
5.2880057285540172e+00	4.2972082562221182e+01
5.2920055298340198e+00	4.0885524053141836e+01
5.2960005989677041e+00	3.7022553832262403e+01
5.3000072421088440e+00	3.5702508190677037e+01
5.3040042201623896e+00	3.3212177219056336e+01
5.3080057653009938e+00	3.4122450351706817e+01
5.3120036495878162e+00	3.6089926871686544e+01
5.3160041746326669e+00	3.4117798174379594e+01
5.3200091452710678e+00	3.9513391312425540e+01
5.3240015145698569e+00	4.2232357242772594e+01
5.3280053200352091e+00	3.7899140787854947e+01
5.3320077954471188e+00	3.8190363375867285e+01
5.3360094912960374e+00	3.7447054724716345e+01
5.3400010300587937e+00	3.3395731648257822e+01
5.3440050526042393e+00	3.7373331337361051e+01
5.3480089957944861e+00	4.0238635105379217e+01
5.3520019960952903e+00	4.2144523583006155e+01
5.3560035579380099e+00	3.6267909832635404e+01
5.3600031184538608e+00	3.7106935900963308e+01
5.3640046787131439e+00	4.3936779834555921e+01
5.3680045897417958e+00	4.5529513938157223e+01
5.3720117950527886e+00	4.5407084067963865e+01
5.3760085476826927e+00	4.4260506783850168e+01
5.3800054744416803e+00	4.1895518011142997e+01
5.3840041043048936e+00	4.1911651650943298e+01
5.3880043566732887e+00	4.1319284422843843e+01
5.3920055101880902e+00	4.0678917116925675e+01
5.3960078880356876e+00	3.7930629050322423e+01
5.4000086683152864e+00	4.0595448347214202e+01
5.4040107976692466e+00	4.3915431520457609e+01
5.4080089352096916e+00	4.3043678499586562e+01
5.4120038549980380e+00	3.7772122746911450e+01
5.4160083641774701e+00	4.3246363010926622e+01
5.4200114153280303e+00	3.7684876095319950e+01
5.4240016563912663e+00	4.1398019253682456e+01
5.4280033252140187e+00	3.8399514231703861e+01
5.4320041323996788e+00	3.6394050425148301e+01
5.4360056377959909e+00	3.8509397116220519e+01
5.4400115761519627e+00	3.6472642706919572e+01
5.4440091574446399e+00	3.9535986830518937e+01
5.4480035942959750e+00	4.1815225996790041e+01
5.4520078226126785e+00	3.9633419618181904e+01
5.4560099982918562e+00	3.5930694544438779e+01
5.4600116961244725e+00	3.7312989502677127e+01
5.4640032588274368e+00	4.2373191646417574e+01
5.4680101438940412e+00	3.8558481184721678e+01
5.4720028957560869e+00	3.9495400068984736e+01
5.4760000012943486e+00	3.9485447109728071e+01
5.4800005640598917e+00	3.7572229662691718e+01
5.4840088737696382e+00	4.2440969645145316e+01
5.4880037204537286e+00	4.9158802180560492e+01
5.4920018035826068e+00	4.4207828575636860e+01
5.4960034361179266e+00	4.2317071570071825e+01
5.5000105708681168e+00	3.9945636871587972e+01
5.5040006966339998e+00	4.0774302805959863e+01
5.5080002575747740e+00	3.7890811881567949e+01
5.5120005841580175e+00	4.0878497574695906e+01
5.5160050031144223e+00	3.5842365206338982e+01
5.5200019537620042e+00	4.0414263498862006e+01
5.5240000637394679e+00	3.8198086613331093e+01
5.5280011668834153e+00	3.3758283920983217e+01
5.5320032132459733e+00	4.0808808922391265e+01
5.5360022298211549e+00	3.7382491600819137e+01
5.5400117688462789e+00	3.1834164520856401e+01
5.5440087735608747e+00	3.0970366964275971e+01
5.5480063066507181e+00	3.4177989433518576e+01
5.5520036198197049e+00	3.1668738752483257e+01
5.5560025959619956e+00	3.0919620662263213e+01
5.5600049661894353e+00	4.4440207874759054e+01
5.5640096531882959e+00	3.4939114862544507e+01
5.5680067865526262e+00	3.4173932617956332e+01
5.5720069102162979e+00	3.6664896523254377e+01
5.5760021626490630e+00	3.8006728883933825e+01
5.5800054034771982e+00	3.1945792314319739e+01
5.5840065963101457e+00	3.4836775291338320e+01
5.5880057525455120e+00	3.5515552173863732e+01
5.5920034635712135e+00	3.5754467464650176e+01
5.5960114608169986e+00	3.8665013525453290e+01
5.6000081076594466e+00	3.5764886388243184e+01
5.6040073092838032e+00	3.6816806774984144e+01
5.6080078457394134e+00	3.9960104691696486e+01
5.6120102381123251e+00	4.1343992177505370e+01
5.6160052756338263e+00	3.7107031907511129e+01
5.6200055554241661e+00	3.3659599108510157e+01
5.6240055171650347e+00	3.8890429532614952e+01
5.6280056326569907e+00	4.4429137281140243e+01
5.6320026797882425e+00	4.2560535976970336e+01
5.6360082180328037e+00	3.8377876585190371e+01
5.6400116374199225e+00	5.0735816866692225e+01
5.6440021130475406e+00	4.0667523290737869e+01
5.6480047236839512e+00	3.9192385686634957e+01
5.6520073784946048e+00	3.5053056787955619e+01
5.6560057159102071e+00	3.6485997076931952e+01
5.6600007355012343e+00	3.4702862134232703e+01
5.6640060903967306e+00	4.2930265798413870e+01
5.6680024001608844e+00	4.9478052799085312e+01
5.6720055122263746e+00	4.5287874033403156e+01
5.6760078059415591e+00	5.8892364260902987e+01
5.6800114606528682e+00	5.0157871146562648e+01
5.6840068421989187e+00	4.1075282599179658e+01
5.6880068888772337e+00	4.6296064366733404e+01
5.6920068757881497e+00	4.5625045875280108e+01
5.6960043361148864e+00	4.0131921797298098e+01
5.7000115410626560e+00	3.7718012688367324e+01
5.7040060982983958e+00	3.8069660486647585e+01
5.7080001678154462e+00	4.1912469491786645e+01
5.7120056916251203e+00	3.7382710923941019e+01
5.7160101388991684e+00	4.5480910218950413e+01
5.7200020453225369e+00	3.5108080657819734e+01
5.7240058363223643e+00	4.0114058039206128e+01
5.7280105151011593e+00	3.8140397680813095e+01
5.7320045446892340e+00	4.4776646572816254e+01
5.7360009422250924e+00	4.7152998033376690e+01
5.7400065954557205e+00	3.6798186990252532e+01
5.7440062453031588e+00	3.9633529679889634e+01
5.7480035839779191e+00	3.5967470343574156e+01
5.7520031308815840e+00	3.6754494106328330e+01
5.7560068643593567e+00	3.1529370386738591e+01
5.7600021171331957e+00	3.2419225590261362e+01
5.7640078153282026e+00	3.4648496562640020e+01
5.7680118184987457e+00	3.6604126750767307e+01
5.7720080185841187e+00	3.6047688846392028e+01
5.7760110528456980e+00	4.0401764607497505e+01
5.7800112823277194e+00	4.0357325492716043e+01
5.7840104371678551e+00	4.6693961116244616e+01
5.7880107609985165e+00	5.0038434386850973e+01
5.7920020279976061e+00	3.6595381028628445e+01
5.7960081458493571e+00	3.3645129524055726e+01
5.8000010887839180e+00	3.3546593112407301e+01
5.8040026862689569e+00	3.5514546410869890e+01
5.8080037120591408e+00	3.3525543259306787e+01
5.8120112833556066e+00	3.6199346044952776e+01
5.8160113905990922e+00	3.9208611068061025e+01
5.8200101449141322e+00	3.8903577902954687e+01
5.8240079730417174e+00	3.6687323311451543e+01
5.8280062990587584e+00	4.2406766485652298e+01
5.8320082601361047e+00	4.1199089239811059e+01
5.8360113155354743e+00	4.2937515606599348e+01
5.8400033290387929e+00	4.4299635510516318e+01
5.8440059835903266e+00	5.0115120101263813e+01
5.8480066270193065e+00	3.9736210777125905e+01
5.8520040944011766e+00	4.3387166748146612e+01
5.8560066821730024e+00	3.7231968489231988e+01
5.8600043319083674e+00	4.0907409150788204e+01
5.8640113163282681e+00	4.3943271575987325e+01
5.8680073827115677e+00	4.2619504754909848e+01
5.8720083609800353e+00	3.7700752252971121e+01
5.8760040273906080e+00	4.4372857491511034e+01
5.8800047334208747e+00	4.3205195804451257e+01
5.8840104106489033e+00	3.9444800758686000e+01
5.8880077906745578e+00	3.5166239192443932e+01
5.8920060447495315e+00	3.6897730522679268e+01
5.8960024185293127e+00	3.6573621857969172e+01
5.9000047610558148e+00	3.5794846755276680e+01
5.9040044598941090e+00	3.4180955694706178e+01
5.9080081921458047e+00	3.2436320138709256e+01
5.9120012448857056e+00	3.3575896570407636e+01
5.9160071648573327e+00	3.4915220287844186e+01
5.9200046116517973e+00	3.1947038502334749e+01
5.9240024024945637e+00	3.3861820197776716e+01
5.9280058386474632e+00	3.4892505167726334e+01
5.9320031594169151e+00	3.3624092026406124e+01
5.9360070871026531e+00	3.7662969089445475e+01
5.9400078682048312e+00	3.7460475019358448e+01
5.9440086089013224e+00	4.2611584822333313e+01
5.9480114949983482e+00	4.9108306631353848e+01
5.9520072953478591e+00	5.3917026643548709e+01
5.9560066309358595e+00	4.9047395222042617e+01
5.9600020178097237e+00	3.7795133357831560e+01
5.9640113720322159e+00	4.5264601685022924e+01
5.9680003802477444e+00	5.0373634827935881e+01
5.9720074152253160e+00	3.9345655844517744e+01
5.9760118044266415e+00	4.2254659895542055e+01
5.9800065262191451e+00	3.7072334155783658e+01
5.9840055844066447e+00	4.2059898549419728e+01
5.9880068404388993e+00	4.7773044720719163e+01
5.9920055927378240e+00	4.6013859443653814e+01
5.9960008849124877e+00	4.5536412599015698e+01
6.0000027791033856e+00	4.3857568756198361e+01
6.0040023256558852e+00	4.0610020743488420e+01
6.0080030355272438e+00	3.8668665684070703e+01
6.0120077449417968e+00	3.6399115020355879e+01
6.0160029721185060e+00	3.9641836581227921e+01
6.0200032126997023e+00	3.6081494019158171e+01
6.0240069563894929e+00	4.3144119123108005e+01
6.0280110337242245e+00	4.2623967900151690e+01
6.0320102273277483e+00	4.2224610367131781e+01
6.0360056983757406e+00	4.2849089543514722e+01
6.0400100185987320e+00	4.7131335386272646e+01
6.0440007186694213e+00	4.6107596091691079e+01
6.0480006976919478e+00	4.0704547695691815e+01
6.0520103366480029e+00	3.5199400669742431e+01
6.0560074967989515e+00	3.8439481684456290e+01
6.0600063152142685e+00	3.5966082868350519e+01
6.0640065782505976e+00	3.0297725899048618e+01
6.0680074470574210e+00	3.4919927198025128e+01
6.0720116625905289e+00	3.7329301909578867e+01
6.0760107592328207e+00	3.2318769932551994e+01
6.0800049663831111e+00	3.1254745464093165e+01
6.0840102902506139e+00	3.4213298022153893e+01
6.0880107092012565e+00	3.6013315023088715e+01
6.0920115704954467e+00	3.6114894918767398e+01
6.0960097698077078e+00	4.8656855708559121e+01
6.1000067987554232e+00	3.5469901707108029e+01
6.1040074004832094e+00	3.7146404395174130e+01
6.1080072093271269e+00	4.2524273275486863e+01
6.1120001046986845e+00	4.1491014112550069e+01
6.1160091352437913e+00	3.9764280180244576e+01
6.1200030563777998e+00	3.6244557330742545e+01
6.1240070636479738e+00	4.0729776014960180e+01
6.1280056556235634e+00	3.6196557196245834e+01
6.1320095159864190e+00	3.5052608344361552e+01
6.1360097441355865e+00	4.1995190001251217e+01
6.1400096311484038e+00	4.4537748926008838e+01
6.1440078696690863e+00	4.2347192077901134e+01
6.1480055241467699e+00	3.9764332424942999e+01
6.1520026114712216e+00	4.5314638304748016e+01
6.1560110991563244e+00	3.9345408302031082e+01
6.1600092164047453e+00	3.8164628125964832e+01
6.1640100801753634e+00	3.6593174521402666e+01
6.1680012983134818e+00	3.9265759613418815e+01
6.1720065620814841e+00	3.6811292660847677e+01
6.1760028972870469e+00	3.9165886662917373e+01
6.1800007514892004e+00	3.7571620006686587e+01
6.1840096062093854e+00	3.6300091008616867e+01
6.1880049520067875e+00	4.2140451080417066e+01
6.1920015888489539e+00	4.5126753744649378e+01
6.1960014605464488e+00	4.3237560925387889e+01
6.2000046561147881e+00	4.4334900476702025e+01
6.2040109649193385e+00	4.2462779847325642e+01
6.2080026376072333e+00	3.8351299276272080e+01
6.2120010356118049e+00	3.4851953556441302e+01
6.2160064637391734e+00	3.3684040914247085e+01
6.2200067580814551e+00	3.3591775832658030e+01
6.2240001679873691e+00	3.9293566321074572e+01
6.2280002668089640e+00	3.5007960844796415e+01
6.2320097087577224e+00	3.7469033075163644e+01
6.2360073479185631e+00	3.9748960484742859e+01
6.2400055167910464e+00	3.7852948458670980e+01
6.2440050237538207e+00	3.9175573754990658e+01
6.2480071441106144e+00	3.7380883975417817e+01
6.2520087172462855e+00	3.5952297585601634e+01
6.2560086111351065e+00	4.0734422017083574e+01
6.2600076534079028e+00	4.3259733357121171e+01
6.2640066684437210e+00	4.5451652857834716e+01
6.2680060603873695e+00	3.5280018337113511e+01
6.2720060423478365e+00	3.9736924425119810e+01
6.2760059043794012e+00	4.2341974767896467e+01
6.2800069945350856e+00	4.2745795926081463e+01
6.2840104104683245e+00	4.1830406276288770e+01
6.2880055944552824e+00	5.5773520152587189e+01
6.2920046577066540e+00	5.3222255010386462e+01
6.2960057963443870e+00	4.1865824685135344e+01
6.3000096779361652e+00	4.8938619225003741e+01
6.3040038647095997e+00	4.9903686873936607e+01
6.3080011441905341e+00	3.6027396583302135e+01
6.3120036809939295e+00	4.1801572632739401e+01
6.3160091375659784e+00	3.7559098977043632e+01
6.3200106734053358e+00	3.6083234253691288e+01
6.3240066094247878e+00	3.7720219062866029e+01
6.3280087867462562e+00	3.5676613693430376e+01
6.3320074574407608e+00	4.0374003961522654e+01
6.3360047771329624e+00	3.7342075108151711e+01
6.3400022811540335e+00	3.8605567857177043e+01
6.3440031159871486e+00	3.9991788375290959e+01
6.3480098384098191e+00	4.3869539636809769e+01
6.3520024445721992e+00	3.7882035381783048e+01
6.3560081652286469e+00	4.0691399683430888e+01
6.3600115344376729e+00	4.6807691589625961e+01
6.3640078000984515e+00	4.0422338167826027e+01
6.3680051584867350e+00	3.8162253523911971e+01
6.3720073232199530e+00	3.7133932636913265e+01
6.3760117045482909e+00	3.4654400009294115e+01
6.3800084230456529e+00	3.8605268411555393e+01
6.3840100664815189e+00	3.1649344458167629e+01
6.3880030232581069e+00	3.2707699976286200e+01
6.3920107493891098e+00	3.5109114088948786e+01
6.3960003374558276e+00	3.8623726556650269e+01
6.4000066461751368e+00	4.1037293331589495e+01
6.4040065002902749e+00	4.1392190942210462e+01
6.4080012406847349e+00	3.9852150823274542e+01
6.4120051766032420e+00	3.8009075904252292e+01
6.4160004331578229e+00	3.8729091641616797e+01
6.4200057828554478e+00	3.8383510527908854e+01
6.4240002145880206e+00	4.0205392177024642e+01
6.4280118211298900e+00	3.7978207408856633e+01
6.4320006357133694e+00	4.3740852881559540e+01
6.4360044697190819e+00	3.4362572549844053e+01
6.4400109296927672e+00	3.7912579230688777e+01
6.4440050702341889e+00	3.2079931219460583e+01
6.4480003181193677e+00	3.4856759374148631e+01
6.4520057099872350e+00	3.7111075690840856e+01
6.4560105074708778e+00	3.8987485246864708e+01
6.4600034572490213e+00	4.6917703984154031e+01
6.4640069430618192e+00	4.9267692400068057e+01
6.4680112078712879e+00	5.4048234840874876e+01
6.4720100910862355e+00	5.0539029937796279e+01
6.4760116511478563e+00	5.7844957455345856e+01
6.4800014642040757e+00	5.4270393950513458e+01
6.4840020664305991e+00	5.7108908799459371e+01
6.4880035949056083e+00	4.9790702710494948e+01
6.4920013765639260e+00	4.7842037239944695e+01
6.4960068084420008e+00	4.3317027755388857e+01
6.5000090154834815e+00	4.6348750863156695e+01
6.5040106879756259e+00	4.3084286569627004e+01
6.5080019357256109e+00	4.3967316154944626e+01
6.5120039070543987e+00	4.3517689266305368e+01
6.5160023624854428e+00	4.5181466941815330e+01
6.5200115071445861e+00	3.9704694301025100e+01
6.5240090003231419e+00	4.5408307759194258e+01
6.5280080021944435e+00	4.1994811987242144e+01
6.5320090700506990e+00	3.6423620050668823e+01
6.5360028609792460e+00	3.8279626751395057e+01
6.5400089370218835e+00	3.7155923145775851e+01
6.5440015166803072e+00	4.3288517501644300e+01
6.5480041004022009e+00	4.3660892124738965e+01
6.5520049510915923e+00	3.8760317742750139e+01
6.5560043268465984e+00	3.6060117493370853e+01
6.5600035451428687e+00	4.0622387623405992e+01
6.5640025073833872e+00	4.3302693342690979e+01
6.5680032488554128e+00	4.0734108383582480e+01
6.5720038930105860e+00	4.0068099408859716e+01
6.5760010229116359e+00	3.6160420891613221e+01
6.5800064903492030e+00	3.9801854102446192e+01
6.5840108577392433e+00	4.8810154378223189e+01
6.5880010461113674e+00	4.2830232800392174e+01
6.5920007399248668e+00	4.3387824052272151e+01
6.5960117188476142e+00	4.3259222521676769e+01
6.6000117787930614e+00	4.3094387766065118e+01
6.6040032447354404e+00	4.3384221199308165e+01
6.6080116000940015e+00	4.3366252808672535e+01
6.6120022413183435e+00	4.0012675869852352e+01
6.6160055308803036e+00	4.2950027135623316e+01
6.6200071801007603e+00	3.7277040778484341e+01
6.6240085496570602e+00	3.8012753972327353e+01
6.6280088041526612e+00	4.1011414129287544e+01
6.6320103698268786e+00	3.6963180390630718e+01
6.6360113558435847e+00	3.8850480399364010e+01
6.6400087494637789e+00	3.7350483320422619e+01
6.6440038994816888e+00	3.9092147918241444e+01
6.6480108926559636e+00	4.2735003420381183e+01
6.6520084173299843e+00	4.1588985966690487e+01
6.6560099740232666e+00	3.9607006212843125e+01
6.6600025915880838e+00	4.2625676222389792e+01
6.6640066250048582e+00	4.5690619822532263e+01
6.6680113951167641e+00	3.7776104021371239e+01
6.6720040261553129e+00	3.9962631914098182e+01
6.6760092992562949e+00	4.1164105852879217e+01
6.6800052275869843e+00	4.1537897430308384e+01
6.6840019748658470e+00	4.0608195628579182e+01
6.6880096512961753e+00	4.2180570165424399e+01
6.6920001848630530e+00	3.9517179056588468e+01
6.6960115418256034e+00	3.6331802886644489e+01
6.7000102666685049e+00	4.3330497229412160e+01
6.7040071245630672e+00	4.0233881741654486e+01
6.7080001024894020e+00	3.7103599980146178e+01
6.7120116984896505e+00	3.8015996200164849e+01
6.7160018269959076e+00	3.7868346304782712e+01
6.7200078151705487e+00	3.9097549563498475e+01
6.7240041292228847e+00	3.9234458337586503e+01
6.7280058970642136e+00	3.8742504614329341e+01
6.7320042984113284e+00	4.0395703319013919e+01
6.7360072691185104e+00	4.0810003838919435e+01
6.7400043537648493e+00	3.4637739947322565e+01
6.7440096975188020e+00	3.5629301416523845e+01
6.7480029281383294e+00	4.0232346323791226e+01
6.7520111351943903e+00	3.4007804478135718e+01
6.7560013862662132e+00	3.5549253737435464e+01
6.7600014108185578e+00	3.5093709884454739e+01
6.7640075734885654e+00	3.6984281610955541e+01
6.7680064878499957e+00	3.6107068830070610e+01
6.7720109533777686e+00	4.0803463928188648e+01
6.7760045720034334e+00	4.6076459590718116e+01
6.7800098806549220e+00	4.3132922203049475e+01
6.7840041664359729e+00	3.7794210376860860e+01
6.7880093049491297e+00	3.9599319053150431e+01
6.7920008483740686e+00	3.8737849960965384e+01
6.7960039084182498e+00	3.9119777084691400e+01
6.8000061017075986e+00	3.8434713875474628e+01
6.8040069195447570e+00	4.4018977777069722e+01
6.8080063514305529e+00	4.7083923680502998e+01
6.8120035902520710e+00	4.7388725418122370e+01
6.8160108632752099e+00	4.3187508934492321e+01
6.8200044135956555e+00	4.3111595731220248e+01
6.8240063235854649e+00	3.7175501339787751e+01
6.8280044995726312e+00	3.5565122323552430e+01
6.8320104579928591e+00	3.9671329646824873e+01
6.8360013653114837e+00	3.1039777269583816e+01
6.8400018751754557e+00	3.4263369201683467e+01
6.8440003653888448e+00	3.6190573762235715e+01
6.8480106885934431e+00	3.4767879673259195e+01
6.8520003281223145e+00	3.8780841365839336e+01
6.8560054376737973e+00	3.5633598858978999e+01
6.8600027157835228e+00	3.2096054208684983e+01
6.8640022670314416e+00	3.2177817716120224e+01
6.8680034598444379e+00	3.5089409111740508e+01
6.8720007124393723e+00	3.8238120055803883e+01
6.8760054388871552e+00	3.3992312087308491e+01
6.8800075113334147e+00	3.9274564956330849e+01
6.8840075891288928e+00	3.4075644481207263e+01
6.8880064675597792e+00	3.6232059277759490e+01
6.8920065366438727e+00	3.4265425980386816e+01
6.8960102476467995e+00	4.0027981649253391e+01
6.9000016088558409e+00	3.7387233923339828e+01
6.9040012722239901e+00	3.8275214709922857e+01
6.9080105521865125e+00	4.7313938659773527e+01
6.9120074817552624e+00	4.7059463805118078e+01
6.9160066312001813e+00	4.3453214708661996e+01
6.9200109993546732e+00	4.1427639966544355e+01
6.9240002077672402e+00	3.7769222612666972e+01
6.9280088885347677e+00	3.9802964244174078e+01
6.9320062104836362e+00	3.4978779549316478e+01
6.9360071552148641e+00	3.7651427652088117e+01
6.9400024852520863e+00	3.7257301246634164e+01
6.9440013864863159e+00	3.7984389599769628e+01
6.9480112031886385e+00	3.5608393042955704e+01
6.9520079359715936e+00	3.5850640361087819e+01
6.9560054022141111e+00	3.3650333605297980e+01
6.9600039962727553e+00	3.1974185226315473e+01
6.9640031599949825e+00	3.6986644854754431e+01
6.9680099625837002e+00	3.1743952064443423e+01
6.9720001468409167e+00	3.2716800564088700e+01
6.9760088928130921e+00	3.4793998521737066e+01
6.9800116406068087e+00	3.5229992671299378e+01
6.9840087926248762e+00	3.3377534673337188e+01
6.9880020960607911e+00	2.9730919302743114e+01
6.9920049885081443e+00	3.8457881776204459e+01
6.9960062618969800e+00	3.4425212827821156e+01
7.0000069573923192e+00	3.4321464834771724e+01
7.0040079598933973e+00	3.5482694222904620e+01
7.0080099812622674e+00	4.5391659826390168e+01
7.0120013612866634e+00	4.5991505183529505e+01
7.0160064311872050e+00	4.1367418306062170e+01
7.0200099418576549e+00	4.5211477709804242e+01
7.0240095026425591e+00	4.5150466729207587e+01
7.0280099994028751e+00	4.1056882993254298e+01
7.0320002538378290e+00	4.3419647183083960e+01
7.0360034668029350e+00	4.1839874998778434e+01
7.0400104917345949e+00	4.3147116326335031e+01
7.0440117933352600e+00	3.9574270593862771e+01
7.0480061918363335e+00	4.5153143604020592e+01
7.0520022829438886e+00	4.4662512890038407e+01
7.0560090744646597e+00	3.7255783942644555e+01
7.0600053996393815e+00	4.6400424076287024e+01
7.0640042160405132e+00	4.1379035823923800e+01
7.0680021617278745e+00	5.1833029626074797e+01
7.0720082528227364e+00	4.0467502441292147e+01
7.0760012748709213e+00	4.0301585468650764e+01
7.0800078143627152e+00	3.8083874355826858e+01
7.0840084272736119e+00	4.1173648942530455e+01
7.0880100427346031e+00	4.7722943331030983e+01
7.0920040892289817e+00	4.7005290583164829e+01
7.0960015595653259e+00	4.4097924702037332e+01
7.1000115981211627e+00	3.6623843359296700e+01
7.1040018937509606e+00	4.0519920754738500e+01
7.1080110618872023e+00	3.9503014058008958e+01
7.1120087325529324e+00	4.0541737248744383e+01
7.1160102444189581e+00	3.9153191506449318e+01
7.1200017660607795e+00	3.3280167529343892e+01
7.1240107213043773e+00	3.3228036320764545e+01
7.1280040457488916e+00	3.4679313396893519e+01
7.1320062855014559e+00	3.8562941733362599e+01
7.1360070922095433e+00	3.6311123280586131e+01
7.1400007128956728e+00	3.6521792353369094e+01
7.1440052978457391e+00	3.6053722729364864e+01
7.1480080532069250e+00	3.7714173990012789e+01
7.1520005127940198e+00	4.2231471562293187e+01
7.1560056376595131e+00	3.3614995153532711e+01
7.1600069720387642e+00	3.7388305862467618e+01
7.1640067842803017e+00	3.6291264758699803e+01
7.1680035410287317e+00	3.5620453788609559e+01
7.1720101334608479e+00	3.5533377015855997e+01
7.1760067320780268e+00	3.4233745393595242e+01
7.1800052723127976e+00	3.6112654454313805e+01
7.1840067391573914e+00	4.1315742752377659e+01
7.1880046973954315e+00	4.4689618721115686e+01
7.1920070144787340e+00	4.4617128471357105e+01
7.1960076771870529e+00	3.5947043578107440e+01
7.2000067334313149e+00	3.5111869889028227e+01
7.2040055702215842e+00	3.4699190256059623e+01
7.2080042776300735e+00	3.1562318575438631e+01
7.2120053737141250e+00	3.3116049790820568e+01
7.2160078376508032e+00	3.4015057470498732e+01
7.2200101009808186e+00	3.2317243480304079e+01
7.2240026137889091e+00	2.9989193414652899e+01
7.2280064286890546e+00	3.2489094584177465e+01
7.2320053717956521e+00	3.4935105984099415e+01
7.2360109971507676e+00	3.1991663429414967e+01
7.2400006823202032e+00	4.1503708682499266e+01
7.2440113069475194e+00	5.3091233216125332e+01
7.2480073172672910e+00	3.6258760091277850e+01
7.2520039444606814e+00	3.7736267453548393e+01
7.2560009975948301e+00	3.8525223341835819e+01
7.2600001951192565e+00	3.5076624843905137e+01
7.2640026538797651e+00	3.2241341655027391e+01
7.2680077453332999e+00	3.8548307584271953e+01
7.2720027052311087e+00	4.8548541972513789e+01
7.2760068557514810e+00	4.1123301734947027e+01
7.2800040578399976e+00	3.4880603600774563e+01
7.2840073683957201e+00	3.6402023386766757e+01
7.2880072700908096e+00	3.3682647529696155e+01
7.2920088833168473e+00	3.4340416147848480e+01
7.2960116938711943e+00	3.3930875431221516e+01
7.3000080868744286e+00	3.4430683435719111e+01
7.3040058704319417e+00	3.3327957406329034e+01
7.3080008183032037e+00	3.2063139906360355e+01
7.3120081335067173e+00	3.2268357797050427e+01
7.3160064746662812e+00	3.3360623841224275e+01
7.3200017734223062e+00	3.0481508884278956e+01
7.3240046565859478e+00	3.3637765970347630e+01
7.3280052455021103e+00	3.5297215247292165e+01
7.3320048584815787e+00	3.4861737566562141e+01
7.3360041727132828e+00	3.5896868334056506e+01
7.3400040808123830e+00	4.0622480176844562e+01
7.3440045588517089e+00	4.0233556894410313e+01
7.3480062047036183e+00	3.8589686745267706e+01
7.3520094383417565e+00	3.3334832652320387e+01
7.3560026050918390e+00	3.3929971372069978e+01
7.3600088237427750e+00	3.4103313819164796e+01
7.3640021116226313e+00	3.3016129169043836e+01
7.3680042368861329e+00	4.1023315982661764e+01
7.3720036112021932e+00	3.8367169650771046e+01
7.3760029346816527e+00	3.3990898766643866e+01
7.3800007750737224e+00	3.7380287957644413e+01
7.3840061698385213e+00	3.3814449206987042e+01
7.3880071939538201e+00	3.0665763426214475e+01
7.3920057619532731e+00	3.4460491117954803e+01
7.3960048856683853e+00	3.1487002982433459e+01
7.4000060803774064e+00	3.2955926703682692e+01
7.4040103312323815e+00	3.1923221509968656e+01
7.4080033785199344e+00	3.5045013044679585e+01
7.4120056311780882e+00	3.5471212133307873e+01
7.4160076028324884e+00	3.4255268682854293e+01
7.4200109808618731e+00	3.6684449690630757e+01
7.4240056437604158e+00	3.5509416611045992e+01
7.4280029584303238e+00	3.2356996790617920e+01
7.4320008908023585e+00	3.9164449959486959e+01
7.4360091021245616e+00	3.6195867531313219e+01
7.4400048749290475e+00	3.9962666810347201e+01
7.4440014261896064e+00	3.5920429288493828e+01
7.4480089612445690e+00	3.4511955086685589e+01
7.4520046844447023e+00	3.9685187953752653e+01
7.4560031077670814e+00	3.9562218314633306e+01
7.4600055152538145e+00	3.9176103419700254e+01
7.4640005671309764e+00	3.6428948286002708e+01
7.4680077041836368e+00	4.5423212102740145e+01
7.4720023340367021e+00	3.9862654578212577e+01
7.4760072366827020e+00	4.0939022187839761e+01
7.4800000623236551e+00	3.4328702819208885e+01
7.4840043667932070e+00	3.9678004909708548e+01
7.4880072877513033e+00	3.3641823642812334e+01
7.4920098227036878e+00	3.6743757633938536e+01
7.4960107565965872e+00	3.2749306094171310e+01
7.5000110998865672e+00	3.3913218177929622e+01
7.5040113749828343e+00	3.5898281618564226e+01
7.5080095313294901e+00	3.3893498861380692e+01
7.5120000892003977e+00	3.5534518074674160e+01
7.5160078337215577e+00	3.8254238776315539e+01
7.5200109796072843e+00	4.0081859366085006e+01
7.5240107278629837e+00	3.6411261932805296e+01
7.5280094563967452e+00	4.2856597755768107e+01
7.5320085161762984e+00	4.1490848106138209e+01
7.5360090596850782e+00	3.4455982382639519e+01
7.5400023382477537e+00	3.7694719530010552e+01
7.5440021339577354e+00	3.5761166641579344e+01
7.5480084109449104e+00	3.4865373064077907e+01
7.5520099099381879e+00	3.7183962343610844e+01
7.5560056556561133e+00	3.6356338621877597e+01
7.5600016030249462e+00	3.9002463430455244e+01
7.5640018130692104e+00	4.3012445308304208e+01
7.5680032016519938e+00	3.7862626747456289e+01
7.5720049678346371e+00	4.2031032947137795e+01
7.5760068599734458e+00	4.1306052077639677e+01
7.5800116956605272e+00	3.5859636772039963e+01
7.5840036725126749e+00	4.2095551174650900e+01
7.5880030858687251e+00	3.5283431833186071e+01
7.5920060793692157e+00	4.0296937700354711e+01
7.5960087276092674e+00	4.2699414752971528e+01
7.6000098616068330e+00	3.3781335264265238e+01
7.6040006678416985e+00	3.7721021808466041e+01
7.6080015177014095e+00	3.9956155998117460e+01
7.6120113489639305e+00	3.9381728040449268e+01
7.6160092290241073e+00	3.6842150065062015e+01
7.6200117193747188e+00	3.8962020910990233e+01
7.6240087443404985e+00	3.4009002486238430e+01
7.6280054882456527e+00	3.3395050760004565e+01
7.6320015951070852e+00	3.5960034475911300e+01
7.6360083256560438e+00	3.4612277807349201e+01
7.6400018433669556e+00	3.4693853268514310e+01
7.6440054383119254e+00	3.3795319458881330e+01
7.6480059563431873e+00	3.4078617662111348e+01
7.6520042639642343e+00	3.3723456299018594e+01
7.6560019498116247e+00	3.3440406804081263e+01
7.6600089604788639e+00	3.2403101364471368e+01
7.6640104162373950e+00	3.2722307603149879e+01
7.6680075945782447e+00	3.2200814934378016e+01
7.6720012478054365e+00	3.9489520898444859e+01
7.6760036032675334e+00	3.4740769139355898e+01
7.6800034091780010e+00	3.9216306484034256e+01
7.6840021410690218e+00	3.8713951864310438e+01
7.6880086108658876e+00	4.0205672608612275e+01
7.6920005600234544e+00	4.0744408654716132e+01
7.6960039873275381e+00	3.9244694220841616e+01
7.7000088257539359e+00	3.8374869086964516e+01
7.7040037597705018e+00	3.7885601026686814e+01
7.7080020804010756e+00	3.2821978367060346e+01
7.7120023202628563e+00	3.2665143056702469e+01
7.7160049978549967e+00	3.4335331773537462e+01
7.7200108205861904e+00	3.6724969544445393e+01
7.7240081949864132e+00	4.0640971656216763e+01
7.7280102033632785e+00	4.1125712523854858e+01
7.7320006366333169e+00	3.7395492097516303e+01
7.7360007565470790e+00	4.0586770793493820e+01
7.7400109830042361e+00	3.4549065706201795e+01
7.7440086304500442e+00	3.7045257486836000e+01
7.7480063191965325e+00	4.1833549913141098e+01
7.7520053120358776e+00	3.8551709324798615e+01
7.7560074069446694e+00	4.7111869727472737e+01
7.7600007054239333e+00	4.1334229180011008e+01
7.7640083082030253e+00	3.8958795594428395e+01
7.7680070792438825e+00	3.9883410195740467e+01
7.7720059089542950e+00	4.1735254605682414e+01
7.7760025088825948e+00	4.2566327965867330e+01
7.7800116171604374e+00	4.3915513386015007e+01
7.7840012469352882e+00	4.2859531570797401e+01
7.7880098633035368e+00	4.3396840149910076e+01
7.7920109115689549e+00	4.4061618707270867e+01
7.7960011854793496e+00	4.9782462735907302e+01
7.8000044756863955e+00	5.9643394052911312e+01
7.8040056992864626e+00	5.8551596051970847e+01
7.8080051080056316e+00	4.4822550554187757e+01
7.8120016854173215e+00	5.5109017199000796e+01
7.8160044376748132e+00	5.0428450098897159e+01
7.8200032717501307e+00	4.2231029472134267e+01
7.8240097791306003e+00	4.4462306640249530e+01
7.8280011543667820e+00	3.9224728979147912e+01
7.8320090104709088e+00	4.2521190178190174e+01
7.8360039598886440e+00	4.1837607723979602e+01
7.8400088316477641e+00	4.3932044039078612e+01
7.8440003606987796e+00	4.1981430207423948e+01
7.8480016588492054e+00	4.3981195067991351e+01
7.8520007031302796e+00	4.8008900382151069e+01
7.8560082113828189e+00	4.7501516025405749e+01
7.8600115272649260e+00	4.4975066501557180e+01
7.8640011417103191e+00	4.4952749418245311e+01
7.8680031955413252e+00	5.0177754547124451e+01
7.8720076225523128e+00	4.6763500724571934e+01
7.8760031084227293e+00	5.2066113226983809e+01
7.8800032919198673e+00	5.4819272707927155e+01
7.8840086296798839e+00	6.7117175147315038e+01
7.8880067413215764e+00	6.4722872601959011e+01
7.8920043406159079e+00	5.9999206795130831e+01
7.8960116106057283e+00	6.7633344887339803e+01
7.9000063395089164e+00	5.8976136698992768e+01
7.9040046789977438e+00	5.2351844420990602e+01
7.9080045407940496e+00	4.4336577436908115e+01
7.9120112128000777e+00	4.4120161444855007e+01
7.9160003350753865e+00	4.1259776061797815e+01
7.9200075070142999e+00	3.6710977727633541e+01
7.9240010138780352e+00	3.9454154276578542e+01
7.9280039869506727e+00	3.8848580465074200e+01
7.9320048892219139e+00	5.7023932301125257e+01
7.9360041303151210e+00	5.5623550515478819e+01
7.9400034950666294e+00	4.0096840739752579e+01
7.9440017855156340e+00	3.5929539124770194e+01
7.9480116031033319e+00	3.7923130013012567e+01
7.9520015598732003e+00	3.9487808536136775e+01
7.9560107443464787e+00	3.9805997958516514e+01
7.9600010114982194e+00	3.5921900242621014e+01
7.9640031620885701e+00	3.3761194844761334e+01
7.9680049474850003e+00	3.7209608117349298e+01
7.9720108843739075e+00	3.3408065295391786e+01
7.9760010274039788e+00	3.7186406775063467e+01
7.9800078208466605e+00	3.9063031672764318e+01
7.9840112214182071e+00	3.8567623910619623e+01
7.9880091225620253e+00	3.6213158888355082e+01
7.9920088628724582e+00	3.7164168387887656e+01
7.9960072036438365e+00	4.0081760843800232e+01
8.0000000000000000e+00	4.4541115519633728e+01
