0.0000000000000000e+00	7.4781031968568072e+00
4.0200628170811697e-03	7.4293185940771078e+00
8.0140390512075024e-03	7.3629470425206884e+00
1.2007251105228420e-02	7.2750161245008904e+00
1.6024689180930422e-02	7.1754970511498284e+00
2.0016855602946526e-02	7.2765896204210270e+00
2.4008516601839971e-02	7.3405582760188866e+00
2.8024451712540047e-02	7.3521561679667293e+00
3.2015095045333390e-02	7.3026093438479256e+00
3.6005252644858904e-02	7.2282347585310696e+00
4.0019698827538884e-02	7.1777363994081034e+00
4.4008893178739954e-02	7.2787997576958023e+00
4.8022405672226820e-02	7.3609706331561471e+00
5.2010679485523841e-02	7.4287171990527368e+00
5.6023201254132397e-02	7.4861842000871928e+00
6.0010524941640345e-02	7.5318276454109423e+00
6.4022182574460393e-02	7.5617340898316536e+00
6.8008636889324223e-02	7.5722352520653775e+00
7.2019448648695597e-02	7.5581968852825634e+00
7.6005118349346118e-02	7.5168880554238937e+00
8.0015174632152131e-02	7.4426990036395111e+00
8.4000137313139295e-02	7.3290080302778833e+00
8.8009595474942012e-02	7.2192016726237336e+00
9.2018857293869299e-02	7.3140354796586777e+00
9.6003151511767484e-02	7.3356659422297623e+00
1.0001190986343358e-01	7.3020543385411276e+00
1.0402041389526667e-01	7.2181692872202614e+00
1.0800394223489113e-01	7.1857050257351878e+00
1.1201196226944107e-01	7.3268747773254095e+00
1.1601973164918848e-01	7.4398606915296304e+00
1.2000254553762731e-01	7.4709554580462969e+00
1.2400984486136184e-01	7.4293692510772944e+00
1.2801719047559987e-01	7.4409083023044991e+00
1.3202457061383296e-01	7.4301328102237436e+00
1.3600723152059938e-01	7.3914460112825084e+00
1.4001482984982225e-01	7.5111593874948390e+00
1.4402259873300319e-01	7.5291980052960747e+00
1.4800534238587570e-01	7.3893390033319966e+00
1.5201250884349538e-01	7.1902046783632212e+00
1.5601939422473871e-01	6.9748286764579603e+00
1.6000130335080182e-01	7.2627622725670520e+00
1.6400777677437495e-01	7.4381021937346352e+00
1.6801415064657840e-01	7.4618590938594735e+00
1.7202045121678328e-01	7.5730127640621854e+00
1.7600196679593288e-01	7.5302190942933214e+00
1.8000816790002369e-01	7.5772030840546369e+00
1.8401431851926869e-01	7.5768692386441714e+00
1.8802043303684463e-01	7.5187099853738966e+00
1.9200185873469572e-01	7.6009521667704156e+00
1.9600814288936838e-01	7.7744011740874779e+00
2.0001463869813635e-01	7.7519850162879242e+00
2.0402125226234771e-01	7.5555476620593183e+00
2.0800312767081974e-01	7.4695971177078224e+00
2.1200977752101366e-01	7.4644465707414049e+00
2.1601643874438778e-01	7.2282175130091684e+00
2.2002328896836962e-01	7.1291039785529815e+00
2.2400551783547720e-01	7.1493642188063902e+00
2.2801240733039768e-01	7.2984176535571788e+00
2.3201926314245863e-01	7.4588120052089870e+00
2.3600100820560735e-01	7.5189606221054222e+00
2.4000706803435218e-01	7.4173689544536670e+00
2.4401252429270942e-01	7.1720093714073760e+00
2.4801752247445313e-01	7.0468413300696220e+00
2.5202233691748560e-01	7.1215654902825678e+00
2.5600237186609498e-01	7.1408367430553294e+00
2.6000730688597884e-01	7.2880027399833018e+00
2.6401241173056200e-01	7.2721263377646306e+00
2.6801741604602280e-01	7.1789044622610616e+00
2.7202225848886058e-01	7.2401624485378120e+00
2.7600219005453253e-01	7.1203374654235203e+00
2.8000661653745357e-01	6.9415080545435641e+00
2.8401083505714664e-01	7.0482965036670402e+00
2.8801502502856058e-01	7.1634312588177149e+00
2.9201912219185294e-01	7.2378791061337937e+00
2.9602279950797944e-01	7.2595081402327164e+00
3.0000140271111170e-01	7.2169505575794535e+00
3.0400435129025011e-01	7.2604131248477470e+00
3.0800695802226902e-01	7.1852305760265001e+00
3.1200925547945907e-01	6.9910187588877184e+00
3.1601136197416763e-01	6.7302307829560801e+00
3.2001331179876763e-01	6.8023379657154432e+00
3.2401491817800027e-01	6.8692071423291550e+00
3.2801596516490461e-01	7.0166269562359718e+00
3.3201671504405100e-01	7.1748616063146065e+00
3.3601758482599775e-01	7.2458886531811304e+00
3.4001867497310417e-01	7.2158671572469020e+00
3.4401962575395267e-01	7.0834103177500909e+00
3.4802002910301810e-01	7.0772521496010770e+00
3.5202017603870706e-01	7.1002116540302591e+00
3.5602029009120806e-01	7.0587056253615739e+00
3.6002053609814716e-01	7.0121412441944067e+00
3.6402095262263756e-01	7.1081410738870714e+00
3.6802127048237088e-01	7.5046701656116959e+00
3.7202150001447754e-01	7.7710092343984654e+00
3.7602175109788288e-01	7.8871264805836248e+00
3.8002212039802918e-01	7.8343233575740596e+00
3.8402271421191930e-01	7.6566193892271892e+00
3.8802372462577339e-01	7.3799996028337400e+00
3.9200037469241489e-01	7.2173918993348476e+00
3.9600222177506600e-01	7.3336017790956065e+00
4.0000440216072430e-01	7.6019443159579962e+00
4.0400669091941643e-01	7.9634230382531985e+00
4.0800933599857925e-01	8.2428201041010727e+00
4.1201236107399936e-01	8.3885269741779016e+00
4.1601584287990490e-01	8.3798629470156971e+00
4.2001966086030668e-01	8.2538661726263580e+00
4.2402347962774117e-01	8.0768564886827985e+00
4.2800242529754667e-01	7.8556162881477629e+00
4.3200563732193109e-01	7.5751111508116171e+00
4.3600824978683878e-01	7.8319559450649576e+00
4.4001037745309590e-01	8.1847310525548522e+00
4.4401200385240674e-01	8.4790023362293621e+00
4.4801329201769702e-01	8.6428844940179737e+00
4.5201446683346080e-01	8.6462028124801869e+00
4.5601542929244987e-01	8.5070535800982015e+00
4.6001581444512485e-01	8.2743186851968193e+00
4.6401554731506550e-01	7.9380160054358919e+00
4.6801468657263795e-01	7.8608593932361046e+00
4.7201349994926683e-01	8.0543672800622712e+00
4.7601209018529472e-01	8.0769935920828839e+00
4.8001056430294436e-01	7.9196117324341895e+00
4.8400896404100835e-01	8.2335139660700740e+00
4.8800737889052959e-01	8.4651479583890765e+00
4.9200565077014635e-01	8.5705661413361760e+00
4.9600393623467592e-01	8.4877813572709861e+00
5.0000205537433717e-01	8.2372956866044973e+00
5.0402456305906074e-01	7.8433602931755626e+00
5.0802227527434107e-01	7.6911026505477809e+00
5.1202020152863115e-01	7.8538673707053634e+00
5.1601818322633197e-01	7.8128811283860475e+00
5.2001630353276673e-01	7.9585734455334443e+00
5.2401475613719650e-01	8.0157272312891230e+00
5.2801346168758312e-01	7.9823879272189631e+00
5.3201281972072256e-01	7.8755990716157536e+00
5.3601185925181827e-01	7.9025514790817466e+00
5.4001047799513024e-01	7.9085578612120413e+00
5.4400904291437213e-01	7.8921897062589919e+00
5.4800674288821793e-01	8.0062739809137060e+00
5.5200366601171824e-01	8.1480804122035799e+00
5.5600017686861036e-01	8.4881901161252529e+00
5.6002111014625189e-01	8.7950697837662393e+00
5.6401723073120358e-01	9.0531026021639498e+00
5.6801291085604289e-01	9.2429048812695740e+00
5.7200793349834189e-01	9.3612390992031305e+00
5.7600246978975356e-01	9.4196917914303899e+00
5.8002079070918011e-01	9.4229886934389242e+00
5.8401373193471173e-01	9.3754894470246981e+00
5.8800632682643417e-01	9.2727601785798957e+00
5.9202346519673965e-01	9.1148700924179735e+00
5.9601594865620522e-01	8.9038751615969183e+00
6.0000912000074669e-01	8.9624641082957837e+00
6.0400346296857610e-01	8.9382082247643666e+00
6.0802348963644581e-01	8.8263598231754479e+00
6.1201981375525094e-01	8.6357669607229219e+00
6.1601775340674614e-01	8.5209580772013087e+00
6.2001675074588569e-01	8.6527362836839554e+00
6.2401539599619993e-01	8.9023160215810631e+00
6.2801437809396388e-01	9.0964063438480149e+00
6.3201338338099211e-01	9.2337325109586814e+00
6.3601229908080148e-01	9.2972031775533086e+00
6.4001131500538377e-01	9.2773264738275643e+00
6.4401045795255174e-01	9.1621409329009573e+00
6.4800944255195325e-01	9.2525203208740283e+00
6.5200796382136894e-01	9.4920501250472427e+00
6.5600620074589433e-01	9.7483013954454982e+00
6.6000451547112327e-01	9.9959182095227117e+00
6.6400291445318660e-01	1.0161195117356751e+01
6.6800052964584178e-01	1.0227616488389931e+01
6.7202223898418290e-01	1.0175288845085836e+01
6.7601870492287464e-01	1.0601685629421496e+01
6.8001496431654829e-01	1.0973405007495309e+01
6.8401120603574717e-01	1.1048678167865125e+01
6.8800661112130024e-01	1.0880043471863379e+01
6.9200130572272267e-01	1.0531685537342961e+01
6.9602088093050885e-01	1.0128442790360237e+01
7.0001571060698886e-01	1.0045135118158871e+01
7.0400976132609883e-01	1.0005229317083959e+01
7.0800324283465632e-01	1.0133221511154241e+01
7.1202087051104779e-01	1.0211251052107340e+01
7.1601319651961226e-01	1.0226973025441788e+01
7.2000483643584645e-01	1.0179223760109075e+01
7.2402057049359170e-01	1.0080340931829371e+01
7.2801125468229078e-01	9.9331107688165599e+00
7.3200173252487766e-01	1.0280717229467392e+01
7.3601708587767467e-01	1.0075938246840456e+01
7.4000781571597629e-01	1.0153023918167342e+01
7.4402260044064261e-01	1.0330908587444346e+01
7.4801261380485706e-01	1.0492167272946878e+01
7.5200225459441405e-01	1.0749108150605140e+01
7.5601603077518431e-01	1.0950597621711724e+01
7.6000496113003690e-01	1.0966482520744044e+01
7.6401916809746173e-01	1.0944749717442622e+01
7.6800887272649532e-01	1.1122577609449973e+01
7.7202420519979265e-01	1.1246628753699582e+01
7.7601482593787652e-01	1.1303942670146453e+01
7.8000570292075755e-01	1.1285420338980536e+01
7.8402125685113233e-01	1.1184524701158297e+01
7.8801138974198814e-01	1.1062717454725911e+01
7.9200097608628650e-01	1.1411934822024742e+01
7.9601516111905257e-01	1.1646302510809926e+01
8.0000293858011284e-01	1.1781505692074326e+01
8.0401345527290291e-01	1.1811780258371552e+01
8.0802222175601723e-01	1.1765692504863022e+01
8.1200472886858976e-01	1.1645872816971629e+01
8.1601027398620829e-01	1.1464483103505424e+01
8.2001475562907067e-01	1.1563919135275006e+01
8.2401781541464825e-01	1.1218884951165631e+01
8.2801946766972301e-01	1.0988673666092506e+01
8.3201972172308236e-01	1.1053251138423448e+01
8.3601858679740060e-01	1.1389587070796274e+01
8.4001725803708038e-01	1.1548193511427529e+01
8.4401503326209493e-01	1.1189477715503722e+01
8.4801224079798199e-01	1.1193063528562533e+01
8.5200922961722303e-01	1.1291861950539028e+01
8.5600576568257691e-01	1.1816752413161124e+01
8.6000163369485361e-01	1.1828030357383195e+01
8.6402190396741974e-01	1.1769456239295316e+01
8.6801638758641653e-01	1.1500703882959865e+01
8.7200922878503573e-01	1.1166449008630442e+01
8.7600088148215127e-01	1.1512661676297633e+01
8.8001629404175974e-01	1.1183592296495727e+01
8.8400674896115061e-01	1.0770507919607645e+01
8.8802174208849904e-01	1.1311867096772934e+01
8.9201295157068461e-01	1.1426658043244950e+01
8.9600576475157445e-01	1.1325137917591267e+01
9.0000024211549456e-01	1.1024269792969472e+01
9.0401934956391972e-01	1.1591938228147775e+01
9.0801265174323453e-01	1.2326203971280863e+01
9.1200496341994264e-01	1.2495219410818580e+01
9.1602172611137300e-01	1.2186762084171114e+01
9.2001513688574899e-01	1.2453030038728343e+01
9.2401110518953755e-01	1.3423640722539240e+01
9.2801073642400578e-01	1.4304731317185869e+01
9.3201154749042381e-01	1.5010883120117569e+01
9.3601148600779083e-01	1.5464679712120905e+01
9.4001084542512181e-01	1.5611306847456017e+01
9.4401117963274550e-01	1.5334800433997886e+01
9.4801275120393880e-01	1.4723072097552683e+01
9.5201604857926614e-01	1.3927587939076883e+01
9.5601844250031487e-01	1.3177547343692265e+01
9.6002000743339821e-01	1.4465927355261888e+01
9.6402112125927131e-01	1.5011004377741752e+01
9.6802173790233859e-01	1.4636133023679118e+01
9.7202201438354996e-01	1.5666201531094858e+01
9.7602203609799798e-01	1.6568899013294562e+01
9.8002133916046752e-01	1.5997300257608979e+01
9.8401992586270859e-01	1.4908676644772662e+01
9.8801814638139041e-01	1.5578811756438714e+01
9.9201748183854244e-01	1.5074972179627824e+01
9.9601711709240182e-01	1.5621531025642057e+01
1.0000171588079267e+00	1.6102188738181702e+01
1.0040176108714498e+00	1.6436182308317090e+01
1.0080179788830315e+00	1.6610997366155651e+01
1.0120171574066972e+00	1.6633638244375458e+01
1.0160155492239127e+00	1.6432194500858600e+01
1.0200139674523809e+00	1.6040833801219016e+01
1.0240116604542573e+00	1.6832678484655268e+01
1.0280087451390005e+00	1.7238781441522438e+01
1.0320055983163430e+00	1.8624422639924955e+01
1.0360014808537956e+00	1.8554228388650511e+01
1.0400211159081307e+00	1.6190963375218722e+01
1.0440155686983525e+00	1.8785297315375779e+01
1.0480094803195301e+00	1.9230103044208825e+01
1.0520033656894465e+00	1.8082818386053656e+01
1.0560220391239981e+00	1.8853005033151035e+01
1.0600166911198265e+00	1.7918339690202782e+01
1.0640124648236955e+00	2.0501913273187871e+01
1.0680082637383659e+00	1.8348458717545483e+01
1.0720027931211780e+00	2.0583195644441400e+01
1.0760209365057685e+00	2.1310100179488629e+01
1.0800136330160257e+00	2.0717136373058175e+01
1.0840051499674019e+00	2.2554723577502823e+01
1.0880202379374366e+00	2.3662728119119212e+01
1.0920099738254481e+00	2.3363246658341403e+01
1.0960230539327118e+00	2.3394515971692506e+01
1.1000113161805352e+00	2.1522062043724382e+01
1.1040236526691476e+00	2.1034562634083219e+01
1.1080110708249982e+00	2.2987357842604343e+01
1.1120219585899658e+00	2.1098386944434026e+01
1.1160069895526932e+00	2.2447530068604571e+01
1.1200157171764988e+00	2.4082481216997493e+01
1.1240241583872048e+00	2.3525909323889358e+01
1.1280075152423394e+00	2.5851082619478969e+01
1.1320153102128141e+00	2.5353525634167525e+01
1.1360237200333976e+00	2.4157638049860342e+01
1.1400080639662569e+00	2.4998885353924649e+01
1.1440174402549055e+00	2.3382010520263840e+01
1.1480039471061494e+00	2.3137159410796038e+01
1.1520140745623300e+00	2.4558959303762759e+01
1.1560244184241981e+00	2.6285764173079915e+01
1.1600116963506046e+00	2.5164464479365925e+01
1.1640012404977718e+00	2.5327301189897401e+01
1.1680168148466066e+00	2.7139575433327483e+01
1.1720095751080322e+00	2.5008699389632380e+01
1.1760028301973973e+00	2.5397405763364560e+01
1.1800196035911026e+00	2.6114376473439481e+01
1.1840104127647622e+00	2.4700967727002990e+01
1.1880019843160248e+00	2.4198607739214850e+01
1.1920198302747749e+00	2.2913351617354294e+01
1.1960139753932206e+00	2.3738607799373266e+01
1.2000086765368498e+00	2.0242819460505661e+01
1.2040041009138600e+00	2.4245639625303028e+01
1.2080238443990778e+00	2.4873974690365714e+01
1.2120187703373342e+00	2.5600192812870333e+01
1.2160121973408951e+00	2.4454213134543046e+01
1.2200022686073668e+00	2.1706943440548802e+01
1.2240150884376579e+00	2.3816178135964353e+01
1.2280024914533216e+00	2.5926167270812670e+01
1.2320147014248812e+00	2.5224791962508338e+01
1.2360013221875530e+00	2.2366029588942862e+01
1.2400096219021923e+00	2.2707314621522134e+01
1.2440152798328319e+00	2.4244868260847493e+01
1.2480198571387362e+00	2.4146992664963044e+01
1.2520006343977341e+00	2.5382219286230349e+01
1.2560038947990158e+00	2.4500672517416131e+01
1.2600042072181790e+00	2.4967366046892788e+01
1.2640020371314802e+00	2.4351928420036771e+01
1.2680227990303223e+00	2.4510877255424283e+01
1.2720183402619312e+00	2.7327695304081715e+01
1.2760117686843520e+00	2.5499895098366977e+01
1.2800043272549533e+00	2.7273986189362912e+01
1.2840208928118975e+00	2.7207407962720502e+01
1.2880128781773208e+00	2.5110407476744474e+01
1.2920034923974892e+00	2.5842090166529786e+01
1.2960176541029533e+00	2.7041877080694654e+01
1.3000066290602923e+00	2.5290228335510875e+01
1.3040186892922425e+00	2.7356866841930625e+01
1.3080041985569164e+00	2.5984125615978584e+01
1.3120121390095330e+00	2.4870925775029161e+01
1.3160156192870625e+00	2.5652509485227917e+01
1.3200155244740284e+00	2.4711646377642552e+01
1.3240128164725247e+00	2.6069071147851446e+01
1.3280081711349814e+00	2.6384943547560514e+01
1.3320028116547435e+00	2.5460193797974981e+01
1.3360183851919067e+00	2.5398790896205249e+01
1.3400072577472038e+00	2.5622060718152980e+01
1.3440189646016862e+00	2.6454414978723417e+01
1.3480060439355608e+00	2.6842412373498103e+01
1.3520175186722119e+00	2.6925979852579193e+01
1.3560089180314590e+00	2.6669184912872851e+01
1.3600055062484124e+00	2.6084175283194625e+01
1.3640070737211059e+00	2.5528186357839942e+01
1.3680107048391279e+00	2.5993323092487906e+01
1.3720200676321304e+00	2.8373668812053896e+01
1.3760117863627648e+00	2.7692595921183564e+01
1.3800082914773566e+00	2.3530807194764666e+01
1.3840100354101270e+00	2.6179043033319463e+01
1.3880127464992145e+00	2.8073127869662027e+01
1.3920157798051125e+00	2.4025845474179885e+01
1.3960189089456334e+00	2.8978967589991246e+01
1.4000216852411189e+00	2.8710565372225503e+01
1.4040237014346197e+00	2.8287650661072504e+01
1.4080008441824228e+00	2.7965073239417780e+01
1.4120018484973869e+00	2.8554359121024696e+01
1.4160024445637056e+00	2.7185544731132037e+01
1.4200043166682663e+00	2.8763010138572540e+01
1.4240061510037652e+00	2.8430524415783161e+01
1.4280100362446404e+00	2.6414865280311123e+01
1.4320135849875713e+00	2.9105928799056244e+01
1.4360171405382536e+00	3.0695844315830875e+01
1.4400210537315929e+00	2.6015859434049830e+01
1.4440224059970137e+00	3.1783728575071944e+01
1.4480210160492513e+00	3.1893513403949481e+01
1.4520180037641695e+00	2.8805075280839812e+01
1.4560161963123817e+00	2.7949455536625884e+01
1.4600166880706587e+00	2.7610957493005557e+01
1.4640148106151176e+00	2.7470775760183166e+01
1.4680124244276784e+00	3.1243297265439899e+01
1.4720112001179044e+00	2.9936772570472129e+01
1.4760132628990270e+00	2.8014170499277537e+01
1.4800151611759691e+00	2.9857194028400510e+01
1.4840161454312648e+00	2.9195474087548007e+01
1.4880167864837099e+00	2.8801276124697871e+01
1.4920176431870260e+00	2.9644941227046406e+01
1.4960186902152142e+00	2.7648187416872062e+01
1.5000187295271514e+00	2.8149050992840859e+01
1.5040180890365138e+00	3.1059458975560776e+01
1.5080161923173208e+00	3.2310753606835952e+01
1.5120128152853660e+00	3.0954162576650894e+01
1.5160081894213382e+00	3.1354276340856622e+01
1.5200028144790427e+00	3.2537098631622122e+01
1.5240216155806725e+00	3.6237758262261536e+01
1.5280140213238129e+00	3.3445822031343056e+01
1.5320037855719868e+00	4.1903124901848550e+01
1.5360184633964120e+00	4.0330753835093070e+01
1.5400112508317430e+00	4.4563642253964552e+01
1.5440055693405157e+00	5.1243172179110509e+01
1.5480005579336953e+00	4.5426277247954623e+01
1.5520201769517152e+00	5.1976157856375444e+01
1.5560140272991585e+00	5.5774713876343000e+01
1.5600075731917029e+00	3.9609591127475483e+01
1.5640242623512852e+00	5.0097146176880138e+01
1.5680152083947190e+00	4.2808854040245073e+01
1.5720040879651640e+00	5.0638718813816347e+01
1.5760133522048527e+00	5.0651826511780442e+01
1.5800225530376037e+00	4.2787551637962601e+01
1.5840082131269961e+00	4.7281050320164148e+01
1.5880168384768505e+00	3.8549519687660968e+01
1.5920029758425369e+00	5.4345052401347282e+01
1.5960162089202672e+00	5.1005434719718579e+01
1.6000054777712820e+00	5.4664693894853428e+01
1.6040180670208608e+00	5.3726343045234032e+01
1.6080031717692314e+00	4.9633068384954370e+01
1.6120100781626263e+00	4.8808285174938405e+01
1.6160156515053063e+00	5.2161991418702520e+01
1.6200205262730667e+00	4.8306195283764929e+01
1.6240017313641835e+00	5.4234597135882225e+01
1.6280083550349467e+00	5.1286124903637990e+01
1.6320166145444068e+00	5.5181553707340179e+01
1.6360030498058682e+00	5.2414882322574307e+01
1.6400156930616485e+00	5.4669175993594010e+01
1.6440050892780702e+00	5.0611034565938830e+01
1.6480177582660411e+00	5.2250141760884070e+01
1.6520064537994210e+00	4.5945378291068323e+01
1.6560218590519982e+00	4.8190452699539300e+01
1.6600143925917219e+00	4.2644533800661584e+01
1.6640045195908115e+00	4.8512539305456123e+01
1.6680160902542656e+00	4.7104439264528075e+01
1.6720005572429022e+00	4.7617715390885579e+01
1.6760096870095635e+00	4.4463874267109297e+01
1.6800191605617887e+00	4.6694022775679407e+01
1.6840057000518549e+00	4.4390005078577445e+01
1.6880152941608038e+00	4.2125673741617291e+01
1.6920000465283489e+00	4.4014024547925999e+01
1.6960100590232239e+00	4.1361036881519482e+01
1.7000223099535992e+00	4.6408400342016108e+01
1.7040089365100444e+00	4.1853309045820680e+01
1.7080169244624335e+00	3.7533339315027327e+01
1.7120228174952101e+00	3.7727189810633874e+01
1.7160029715437042e+00	4.4138933911439423e+01
1.7200048540017194e+00	3.8035426034365038e+01
1.7240049371078063e+00	4.2199935021130273e+01
1.7280032958192162e+00	4.4004029377930870e+01
1.7320234891436785e+00	4.6028151219131551e+01
1.7360182754049567e+00	4.2641418136548829e+01
1.7400125992064668e+00	5.1798091933423535e+01
1.7440065266194502e+00	4.5373443769203980e+01
1.7480229917390613e+00	5.1063335423859428e+01
1.7520140717496979e+00	5.2065072171347971e+01
1.7560070887102177e+00	4.8669296407461445e+01
1.7600025816133336e+00	5.9271632286189188e+01
1.7640228554319637e+00	5.1311648301018217e+01
1.7680217204771769e+00	5.4484786750842666e+01
1.7720217980674382e+00	5.1043335653045844e+01
1.7760220142084859e+00	4.6367046518814107e+01
1.7800225652784394e+00	5.4889315757541077e+01
1.7840221173426429e+00	4.5812272192288390e+01
1.7880218394490508e+00	5.9694689406540384e+01
1.7920207666258900e+00	4.9716698253789680e+01
1.7960202935347382e+00	6.0451187552086907e+01
1.8000201084455492e+00	5.8915952385285117e+01
1.8040187741521652e+00	5.6446689892069550e+01
1.8080210988377203e+00	6.3754797779972307e+01
1.8120024818588476e+00	5.8188586121206221e+01
1.8160106740419368e+00	5.4803222971175444e+01
1.8200191297946660e+00	6.3017841895942567e+01
1.8240021882972923e+00	7.1548933054374828e+01
1.8280094895999193e+00	6.3359779576636114e+01
1.8320162175647035e+00	5.4386424857596460e+01
1.8360210147519338e+00	6.5782183641782751e+01
1.8400235227530575e+00	5.7703630391243067e+01
1.8440241142596838e+00	6.1812742485731881e+01
1.8480002756084730e+00	5.5479613522845213e+01
1.8520012480040253e+00	5.7623239450472632e+01
1.8560019157205954e+00	5.5553484116392774e+01
1.8600041394005111e+00	6.0275227771878050e+01
1.8640052149528299e+00	5.5618398738990393e+01
1.8680068845072781e+00	5.4826214437570947e+01
1.8720102999782902e+00	5.3525453485084860e+01
1.8760137353336876e+00	5.4271354712259829e+01
1.8800139610799840e+00	5.3645973327954046e+01
1.8840128488036811e+00	5.3206506655744953e+01
1.8880097799842850e+00	4.8496060822560665e+01
1.8920056077859100e+00	5.3020088626068457e+01
1.8960231544398713e+00	5.1289993869505672e+01
1.9000155227360493e+00	4.6596979891384329e+01
1.9040080826570442e+00	5.5017455643582913e+01
1.9080041764956062e+00	5.4497529990039766e+01
1.9120012460845186e+00	5.6147731731230188e+01
1.9160201198734270e+00	5.6589386351359252e+01
1.9200133693203696e+00	4.8437193667952528e+01
1.9240067891622601e+00	5.4684329958180662e+01
1.9280010844152167e+00	6.3705195924257190e+01
1.9320191249107044e+00	5.5990288210611709e+01
1.9360129947825282e+00	5.4808296322244537e+01
1.9400088277683714e+00	5.6488392390765185e+01
1.9440022854279471e+00	5.8442634106156788e+01
1.9480166494263447e+00	6.4863266723882148e+01
1.9520044647389674e+00	6.4914343259676258e+01
1.9560132287801160e+00	4.7477906813196519e+01
1.9600186211423918e+00	6.6572302757173759e+01
1.9640204289584744e+00	6.9587379682823638e+01
1.9680185320276466e+00	5.4960543283144332e+01
1.9720146261752258e+00	6.1349011435410908e+01
1.9760069747560172e+00	6.4317771196894569e+01
1.9800231674674436e+00	6.5348205904905399e+01
1.9840142015685280e+00	5.5316631467287465e+01
1.9880066107396808e+00	5.8561382628687383e+01
1.9920029324065702e+00	7.1233376643493855e+01
1.9960232218340539e+00	5.8011796542920941e+01
2.0000171635729753e+00	5.3290144286611181e+01
2.0040079588712758e+00	6.4798535288295852e+01
2.0080196465211531e+00	4.9537901378605859e+01
2.0120044097854666e+00	4.6341497485392999e+01
2.0160105898347389e+00	5.8159081685714185e+01
2.0200140425895858e+00	5.0037890493130327e+01
2.0240148446583102e+00	6.1754225751055799e+01
2.0280131361299132e+00	5.5638733656283115e+01
2.0320085377754520e+00	6.2513476930558497e+01
2.0360005363882228e+00	6.1279420446262492e+01
2.0400137093098145e+00	6.1920501863205487e+01
2.0440004283420219e+00	6.5538298884654139e+01
2.0480092867095578e+00	5.7736445897699667e+01
2.0520192113116384e+00	6.6092665422399364e+01
2.0560048602241894e+00	6.0568114053658569e+01
2.0600152470751469e+00	6.0996343595966742e+01
2.0640032707773788e+00	7.1664164872179569e+01
2.0680156881906626e+00	6.1241245618723440e+01
2.0720046421706146e+00	7.8223547019080627e+01
2.0760180178770820e+00	7.8380188897165311e+01
2.0800097292234851e+00	7.2440577247910525e+01
2.0840026513870162e+00	8.2605572620268404e+01
2.0880189686976052e+00	7.4712761967970920e+01
2.0920127986313837e+00	6.9448826540775528e+01
2.0960103782362887e+00	7.2410773405830341e+01
2.1000138269449811e+00	6.3338906049473465e+01
2.1040011671261647e+00	6.3157844266939037e+01
2.1080202265015040e+00	6.4530416617513026e+01
2.1120225752615043e+00	6.7348845867306480e+01
2.1160087166409132e+00	6.4852418861529188e+01
2.1200217841122901e+00	6.9525970158544283e+01
2.1240085273608180e+00	7.5795645924106523e+01
2.1280172975761866e+00	7.4898089686866300e+01
2.1320235501756879e+00	6.7198047495836491e+01
2.1360045912685295e+00	5.8663032922871615e+01
2.1400097907766948e+00	6.1448674305049998e+01
2.1440164866679519e+00	6.6793415693298229e+01
2.1480019572287068e+00	6.6749806783267218e+01
2.1520154065697774e+00	5.8782976064714241e+01
2.1560088979645151e+00	6.1744174344078431e+01
2.1600019833361812e+00	6.9476148656483758e+01
2.1640215283973805e+00	6.3069174868533452e+01
2.1680161774262645e+00	5.7007334888399441e+01
2.1720096756943934e+00	6.6221175370487870e+01
2.1760028848117674e+00	5.8587982660214955e+01
2.1800196271768559e+00	6.2535128348091035e+01
2.1840111087337801e+00	6.0020090327254621e+01
2.1880012427343623e+00	6.3139623948119215e+01
2.1920107440083534e+00	6.6324364344872393e+01
2.1960121173582285e+00	7.1130710394497370e+01
2.2000068557060311e+00	5.4112234619455499e+01
2.2040210960175455e+00	7.1492636974377660e+01
2.2080094608543557e+00	6.7804053787962019e+01
2.2120228443579584e+00	8.1207780733241265e+01
2.2160143318841476e+00	6.5505553656585818e+01
2.2200082529227410e+00	6.7679990053240843e+01
2.2240231334293208e+00	6.5866992149404865e+01
2.2280095983435841e+00	7.2794670937672791e+01
2.2320171224706589e+00	8.1040765906761223e+01
2.2360226920048154e+00	6.9589602448557315e+01
2.2400025134500856e+00	6.5955254830182255e+01
2.2440063100977734e+00	6.4532812237644421e+01
2.2480120474787100e+00	7.2394040313143222e+01
2.2520175318087778e+00	6.8119876933335476e+01
2.2560213024590658e+00	7.1458964018264354e+01
2.2600234310468830e+00	5.8448884033426836e+01
2.2640238736741081e+00	6.9908778257900991e+01
2.2680007061404117e+00	7.3501453397814828e+01
2.2720013451568453e+00	6.3130581125596983e+01
2.2760041325688620e+00	6.1997921369171195e+01
2.2800123289112615e+00	6.8968511744459676e+01
2.2840007936853866e+00	6.6940019206460093e+01
2.2880191307258158e+00	6.7209383490996984e+01
2.2920197152644417e+00	7.5487557549454877e+01
2.2960196402017359e+00	6.8013982264490423e+01
2.3000186425755347e+00	7.3624970925696573e+01
2.3040176842245508e+00	6.5536610102322115e+01
2.3080168138665123e+00	8.9993078933475530e+01
2.3120165260499403e+00	7.8593764342435563e+01
2.3160139008098057e+00	7.4210002480629086e+01
2.3200126391549012e+00	7.5990748534841927e+01
2.3240158347395719e+00	9.6235830307666404e+01
2.3280214706647921e+00	6.8549314023193617e+01
2.3320076415239335e+00	8.8035058726097546e+01
2.3360232329690716e+00	8.2964734611933480e+01
2.3400189680917585e+00	7.6907154039095275e+01
2.3440140888276684e+00	6.9895873485218544e+01
2.3480050199934199e+00	7.5924532509988794e+01
2.3520156338138474e+00	6.8207753811133927e+01
2.3560205681920170e+00	6.7291441609499728e+01
2.3600010859655480e+00	7.3921665359021674e+01
2.3640068172292064e+00	7.1214295706143901e+01
2.3680158844436274e+00	6.1596771975521790e+01
2.3720062949317415e+00	6.1764096848795852e+01
2.3760011303929987e+00	6.6778636733346772e+01
2.3800188906552586e+00	6.5891397164102713e+01
2.3840086778284446e+00	6.0940483126586628e+01
2.3880186343558316e+00	6.9392109558353880e+01
2.3920026869206650e+00	6.0044893293437319e+01
2.3960112975274193e+00	6.8786902155193161e+01
2.4000203562413853e+00	6.2766583133276711e+01
2.4040051330025052e+00	6.1018445870556512e+01
2.4080133059227533e+00	6.2363459815992897e+01
2.4120178114998740e+00	6.0232907783382288e+01
2.4160183916308129e+00	6.9957278990485477e+01
2.4200158231105275e+00	6.4522652153832098e+01
2.4240108794077968e+00	6.4286319376295722e+01
2.4280044297291008e+00	6.6509530865509518e+01
2.4320190387676845e+00	7.1416630020816612e+01
2.4360072598613249e+00	6.2393000947324943e+01
2.4400206469904595e+00	6.9581304107084250e+01
2.4440121220204318e+00	7.6548371395309076e+01
2.4480062157485367e+00	6.8235325103445689e+01
2.4520037565005022e+00	6.5940166580961900e+01
2.4560049317307118e+00	7.6463715385923464e+01
2.4600059747381855e+00	6.4796821585026976e+01
2.4640066690718911e+00	7.4731335239576012e+01
2.4680060591491584e+00	6.3135443231787136e+01
2.4720012524610224e+00	6.8282871416673984e+01
2.4760176319284533e+00	7.0006883127064725e+01
2.4800065690958433e+00	6.2275797176557020e+01
2.4840180323741827e+00	6.7692339931426801e+01
2.4880071040195411e+00	6.2302822424629824e+01
2.4920230807230790e+00	6.3016472988367397e+01
2.4960160992306788e+00	6.5871914013194697e+01
2.5000122775279476e+00	6.7358700138081943e+01
2.5040134369711429e+00	7.0708637110857467e+01
2.5080189868441107e+00	7.0678951435907194e+01
2.5120222729453721e+00	6.7732282816637664e+01
2.5160228818031918e+00	6.3242349245323361e+01
2.5200226784783260e+00	6.0554191547470921e+01
2.5240027296125072e+00	6.0818452959067123e+01
2.5280056548559586e+00	6.0932422454086442e+01
2.5320062656905815e+00	5.8873395232371365e+01
2.5360056736164212e+00	5.8998166515939360e+01
2.5400037262221038e+00	5.9920570057506609e+01
2.5440004878187152e+00	6.2131785618159867e+01
2.5480202671073826e+00	5.7567546389372744e+01
2.5520154832993804e+00	5.6786293705933048e+01
2.5560103570196677e+00	5.8790187931251289e+01
2.5600053203084272e+00	5.4277532643419534e+01
2.5640005508677075e+00	5.6883908238488310e+01
2.5680186198648056e+00	5.6210105031848549e+01
2.5720115450042678e+00	5.1937742398761614e+01
2.5760033534261471e+00	5.6190081217946499e+01
2.5800176312116951e+00	4.8230986147386986e+01
2.5840064386253858e+00	5.5649188264843744e+01
2.5880197491359764e+00	5.9413117241920631e+01
2.5920097554910444e+00	5.9123981123205631e+01
2.5960015725190688e+00	5.0311498548104254e+01
2.6000195333066198e+00	5.9254815322918688e+01
2.6040139931165411e+00	4.8268386719678887e+01
2.6080149100675154e+00	5.3893979925457863e+01
2.6120164148047906e+00	5.2708885967587470e+01
2.6160187716628718e+00	4.9392952173761394e+01
2.6200226153085389e+00	5.5600594547796689e+01
2.6240070659739523e+00	5.4535751704692764e+01
2.6280172885393611e+00	5.2708602853470474e+01
2.6320031138164688e+00	5.7423491477120834e+01
2.6360113125892699e+00	5.1196823868728856e+01
2.6400198717729664e+00	5.6621442943502494e+01
2.6440023436633022e+00	4.8436243408624200e+01
2.6480049691816849e+00	5.3544014975737376e+01
2.6520045768187099e+00	5.4303796315024329e+01
2.6560011265735031e+00	5.2949725157247379e+01
2.6600177149546029e+00	5.0619915694204884e+01
2.6640070040822175e+00	5.2154258335147837e+01
2.6680189354728294e+00	5.1464399169913477e+01
2.6720026590484194e+00	5.4938303236850466e+01
2.6760119094102022e+00	4.9439299577074515e+01
2.6800043619931038e+00	5.2323383610370307e+01
2.6840002175438613e+00	5.0207289332925974e+01
2.6880203902462494e+00	5.1994929934725747e+01
2.6920177976136657e+00	6.0902173479327089e+01
2.6960172657273556e+00	5.9716874257446314e+01
2.7000144082268789e+00	6.3008562049373850e+01
2.7040105048302716e+00	5.3167764911146399e+01
2.7080053476470969e+00	6.7249765769870251e+01
2.7120226104870260e+00	5.4168626441063715e+01
2.7160145156846780e+00	6.0055800864958364e+01
2.7200045407694624e+00	6.0311135112154716e+01
2.7240174356715139e+00	6.1602031554336953e+01
2.7280045196663019e+00	6.3311447207332812e+01
2.7320136167104083e+00	5.5443522172119494e+01
2.7360235784384854e+00	5.8980700589266988e+01
2.7400123176436502e+00	5.2872894197147133e+01
2.7440050873122801e+00	6.6017043713024137e+01
2.7480239017058867e+00	7.4467285624002059e+01
2.7520195461679648e+00	7.3306601039960242e+01
2.7560172674321248e+00	6.4709116610462388e+01
2.7600185330959217e+00	7.5011376025158910e+01
2.7640233530157081e+00	6.6444855071279335e+01
2.7680071238067452e+00	6.3229289206802321e+01
2.7720140754336291e+00	8.2513670293785509e+01
2.7760203559605205e+00	8.2844151356865979e+01
2.7800020263558598e+00	7.1944775021101719e+01
2.7840036209920744e+00	8.8608162387925276e+01
2.7880013778421548e+00	8.0872687496350522e+01
2.7920198582700895e+00	6.5903347725222929e+01
2.7960104170329436e+00	6.8825969010667805e+01
2.8000217412241883e+00	7.5118646504780443e+01
2.8040081026532597e+00	6.5630263368123238e+01
2.8080162339115908e+00	7.9907123787662172e+01
2.8120213189380676e+00	8.8308252754980956e+01
2.8160019318253884e+00	7.5059825788063549e+01
2.8200083507164413e+00	7.7169417115594385e+01
2.8240186665523019e+00	8.1396063771084485e+01
2.8280066401871098e+00	6.8113647603303690e+01
2.8320178018890196e+00	6.9125895453598886e+01
2.8360059384603753e+00	6.4461909333619460e+01
2.8400201816729505e+00	6.7895481544456516e+01
2.8440105064170895e+00	6.4334676258272665e+01
2.8480017036062266e+00	6.0202957933468518e+01
2.8520175211706915e+00	7.0701575996587408e+01
2.8560118456944874e+00	6.9727016142791882e+01
2.8600076096741698e+00	5.9780562887675202e+01
2.8640074845013905e+00	6.3029608044267675e+01
2.8680108163576210e+00	6.0174179873715168e+01
2.8720170140105976e+00	6.6382190615865767e+01
2.8760002311717829e+00	7.1351458252861292e+01
2.8800087100232923e+00	6.7914461218043343e+01
2.8840173608181923e+00	6.9079926941451404e+01
2.8880215123485686e+00	6.9947544176495470e+01
2.8920205566950101e+00	7.2912743736126998e+01
2.8960147490305266e+00	6.1088916746313842e+01
2.9000057116955533e+00	7.3854899495335815e+01
2.9040186268679049e+00	7.1799127328196249e+01
2.9080063847677931e+00	6.7188301010962448e+01
2.9120190402358870e+00	7.6667030129751723e+01
2.9160078076172415e+00	6.4208213913080414e+01
2.9200203351489491e+00	7.4572823355232785e+01
2.9240103879176127e+00	7.4269483909192104e+01
2.9280000094298049e+00	7.2670643008787081e+01
2.9320112473459150e+00	7.5333746367285627e+01
2.9360200365281708e+00	7.6542559015811975e+01
2.9400022015360863e+00	7.4018222522039963e+01
2.9440049654721436e+00	8.0188992757682954e+01
2.9480052707047784e+00	6.5732155112568805e+01
2.9520030490620335e+00	6.8465379843085444e+01
2.9560225126372237e+00	7.8173525439857784e+01
2.9600166715290031e+00	6.6746182881257738e+01
2.9640098932312036e+00	7.6640000541292764e+01
2.9680030451801809e+00	6.9749076870458936e+01
2.9720206844581991e+00	6.6058597273148720e+01
2.9760146003084094e+00	7.9495154740223597e+01
2.9800092303628536e+00	7.1063512657012438e+01
2.9840034163475817e+00	8.1369997166333846e+01
2.9880199305368209e+00	7.2914552289083602e+01
2.9920137335861878e+00	8.0538376372386765e+01
2.9960093673754522e+00	7.5830702549678506e+01
3.0000053052324360e+00	7.7918300628189883e+01
3.0040040323859838e+00	8.8009487635077448e+01
3.0080050367809985e+00	7.3351556662500656e+01
3.0120088303325385e+00	9.2739686226865544e+01
3.0160157223750983e+00	7.4403649401342733e+01
3.0200214139888115e+00	8.0613356726583220e+01
3.0240238096871046e+00	8.0006066966913892e+01
3.0280008838831347e+00	8.1658675274798753e+01
3.0320013730683528e+00	7.4212241366211472e+01
3.0360003624089948e+00	7.1351349043310918e+01
3.0400015489597920e+00	8.1436803737495367e+01
3.0440047318337076e+00	5.9212679732904000e+01
3.0480128790721968e+00	7.4551052411306074e+01
3.0520030019086892e+00	6.6478076496494310e+01
3.0560235426759679e+00	7.0254511369944439e+01
3.0600214475405383e+00	6.5655587233966386e+01
3.0640205013928465e+00	7.2790350884885925e+01
3.0680175047452742e+00	6.7477528554793281e+01
3.0720124799402924e+00	7.0691792888745951e+01
3.0760089657643439e+00	6.7366500288575907e+01
3.0800054291118428e+00	6.3704623559541879e+01
3.0840035618792947e+00	6.5476828617224200e+01
3.0880029325730449e+00	6.6990539399714436e+01
3.0920049295837360e+00	6.5023361271800027e+01
3.0960084356187516e+00	7.3302130855359152e+01
3.1000112866422698e+00	7.6295183349396495e+01
3.1040144800456542e+00	7.1004417312518086e+01
3.1080191176233085e+00	6.4371615483667625e+01
3.1120001742245353e+00	6.7317654058242979e+01
3.1160027329146680e+00	6.7994301629769723e+01
3.1200036094144012e+00	6.1248300688266447e+01
3.1240026684509714e+00	6.3587553837604126e+01
3.1280007316656362e+00	6.1197137742463532e+01
3.1320218124488783e+00	5.8966917617392951e+01
3.1360174393272633e+00	6.1479690212957756e+01
3.1400124902807733e+00	5.6016045030454691e+01
3.1440059057176466e+00	6.5550552797475845e+01
3.1480230449933262e+00	5.7606816374469403e+01
3.1520147871591662e+00	6.2742724912178829e+01
3.1560057159771655e+00	6.5423646749151445e+01
3.1600216669086487e+00	5.7363758778164545e+01
3.1640137885418591e+00	6.7093265214590176e+01
3.1680066142380916e+00	5.2423478608452022e+01
3.1720018244668435e+00	5.9272426251114261e+01
3.1760239193091961e+00	5.8874770479118595e+01
3.1800209795829519e+00	6.1613514741306723e+01
3.1840169790165156e+00	5.7718060950615140e+01
3.1880134991988953e+00	5.3224302072340933e+01
3.1920076284234447e+00	5.4686916807252622e+01
3.1960210400199633e+00	5.6497203818806632e+01
3.2000061576887142e+00	5.2727588162726924e+01
3.2040107562817259e+00	5.9148866304101958e+01
3.2080113345392052e+00	5.3042098302024712e+01
3.2120093972967276e+00	5.6327461481817764e+01
3.2160059849316194e+00	5.6180859820338242e+01
3.2200014999355484e+00	5.7586607541566210e+01
3.2240213798369930e+00	6.4535640015959160e+01
3.2280208020732082e+00	5.4042564657735596e+01
3.2320032375275765e+00	6.3945374200993527e+01
3.2360158866809923e+00	6.0161496464258491e+01
3.2400026711499290e+00	6.1252891143053198e+01
3.2440067846148275e+00	5.6523227393295080e+01
3.2480057477629067e+00	6.3473001641913847e+01
3.2520005018349707e+00	6.0168185115143274e+01
3.2560157906638310e+00	5.8610492119748670e+01
3.2600073386070196e+00	6.5769682013844786e+01
3.2640223485329316e+00	6.0461917289839249e+01
3.2680179038662684e+00	6.5134058924031592e+01
3.2720165185824563e+00	6.0473287073535872e+01
3.2760188477429755e+00	6.5060933506718129e+01
3.2800056993162179e+00	6.4493172261043128e+01
3.2840013323372603e+00	6.0938410475940131e+01
3.2880198491948351e+00	6.2395214146378912e+01
3.2920108148127043e+00	6.5086941985499863e+01
3.2960226729214197e+00	6.4254952732106233e+01
3.3000103984473883e+00	6.9205604855163173e+01
3.3040005997769120e+00	6.5501538338819017e+01
3.3080175692366360e+00	6.9077134282313779e+01
3.3120136495000554e+00	6.2372580943891244e+01
3.3160131091757892e+00	6.4039548353125184e+01
3.3200105660526171e+00	6.5044066626509107e+01
3.3240054809169246e+00	6.4960803578630774e+01
3.3280213194383044e+00	6.7346413021483542e+01
3.3320109357482801e+00	6.4496557129924355e+01
3.3360224534143459e+00	5.9179440918376585e+01
3.3400074326104034e+00	6.4570565477763495e+01
3.3440141096728770e+00	6.5498519234049525e+01
3.3480185162511846e+00	6.1334841413233903e+01
3.3520206783615536e+00	5.5247659942668278e+01
3.3560215401684279e+00	5.9108564769979679e+01
3.3600153397643444e+00	6.6315894525392466e+01
3.3640102394672837e+00	6.7258884339957717e+01
3.3680081914043289e+00	6.0536229834539675e+01
3.3720207480149869e+00	5.7671166047448054e+01
3.3760132994619765e+00	6.9577085146992502e+01
3.3800051286034312e+00	7.2290624265660767e+01
3.3840209477942333e+00	6.3160467244802305e+01
3.3880054383799689e+00	6.0374638281559946e+01
3.3920098468661539e+00	6.7766232668819384e+01
3.3960191195667351e+00	6.2030122628957464e+01
3.4000070799005124e+00	5.9428424837775886e+01
3.4040193323718846e+00	5.9397168161279559e+01
3.4080075134647743e+00	5.5146292205679714e+01
3.4120203056251395e+00	6.2797113573729185e+01
3.4160104006085255e+00	6.6135674820230193e+01
3.4200005557381785e+00	7.1586294346214515e+01
3.4240155446303300e+00	8.5962043072487504e+01
3.4280091772034451e+00	8.5630785269818389e+01
3.4320004607846593e+00	7.0543946458414325e+01
3.4360141232774466e+00	8.1940199015720879e+01
3.4400041296301502e+00	8.0487405923224031e+01
3.4440202598513445e+00	7.6048584689158872e+01
3.4480128234677534e+00	7.4291758409894413e+01
3.4520027389384307e+00	9.0505200312938754e+01
3.4560146420472062e+00	8.7728086071470088e+01
3.4600035508234424e+00	6.5273762847988408e+01
3.4640184742200533e+00	7.1560317318422292e+01
3.4680088556457407e+00	7.9868502904734484e+01
3.4720221896916366e+00	6.6497179764915742e+01
3.4760089515862331e+00	6.0941649637973285e+01
3.4800184757844783e+00	7.1950831058444038e+01
3.4840024606951654e+00	6.3752007945838358e+01
3.4880110651570653e+00	6.2096320360742467e+01
3.4920151065180463e+00	6.9612628125250538e+01
3.4960144370155359e+00	7.5561404978202788e+01
3.5000108482875119e+00	7.3264292449701628e+01
3.5040030067436785e+00	7.0928142991479376e+01
3.5080169692850736e+00	6.7319606226588263e+01
3.5120056616196527e+00	5.8903660996426183e+01
3.5160155928719656e+00	6.0487001357586891e+01
3.5200005860150934e+00	6.4109638607979676e+01
3.5240108507727252e+00	7.1632061135593048e+01
3.5280214086899240e+00	5.7745244629099247e+01
3.5320086168329459e+00	6.4861225583463877e+01
3.5360225704860864e+00	6.3127756969116106e+01
3.5400163218108109e+00	7.3387813465705975e+01
3.5440153020039871e+00	5.9226977367766104e+01
3.5480200379363063e+00	6.8859413393458482e+01
3.5520004761902277e+00	6.5611993299601082e+01
3.5560028257099523e+00	7.2534809480914049e+01
3.5600036816955782e+00	7.0548096636389815e+01
3.5640042732998434e+00	6.1850569313006801e+01
3.5680059343243307e+00	6.4550956983362724e+01
3.5720109188297999e+00	6.1468050757752351e+01
3.5760208611828150e+00	6.3416643542759545e+01
3.5800117356069010e+00	6.2141972088720166e+01
3.5840078085127440e+00	6.6125217615367688e+01
3.5880048107321914e+00	5.6577704756185909e+01
3.5920012644410799e+00	6.0792629992838933e+01
3.5960220187822625e+00	6.3074527231247401e+01
3.6000188112781490e+00	5.6111694048610630e+01
3.6040168066289082e+00	6.2173991499598174e+01
3.6080151143871939e+00	6.5643865630863118e+01
3.6120124983777475e+00	6.0247126787960482e+01
3.6160086489201495e+00	6.7267501335507802e+01
3.6200026385269997e+00	6.8720578089695977e+01
3.6240187789309561e+00	6.4294782611246987e+01
3.6280119317843984e+00	6.9162433644171813e+01
3.6320047891018747e+00	7.0824912216352885e+01
3.6360221051362625e+00	7.1401426190427784e+01
3.6400147716963627e+00	7.2649996877335766e+01
3.6440065541412601e+00	6.8045348483701133e+01
3.6480222571318270e+00	7.7575690900460046e+01
3.6520152685205907e+00	8.0278831596530324e+01
3.6560080866737619e+00	6.8275389666591764e+01
3.6600239924635796e+00	7.5405427619654475e+01
3.6640129565272148e+00	8.4724689075770911e+01
3.6680234274214394e+00	8.1188756682601948e+01
3.6720095136948760e+00	6.6155413245851094e+01
3.6760189210749212e+00	7.4892348246600335e+01
3.6800043844724444e+00	8.0185718495858637e+01
3.6840149048375976e+00	7.6187148698014710e+01
3.6880037029179240e+00	6.8302946362685930e+01
3.6920192333971698e+00	7.3066913641429863e+01
3.6960106330113081e+00	7.1916706742429540e+01
3.7000007057968780e+00	6.7441568077619607e+01
3.7040147914354882e+00	6.9247336848901156e+01
3.7080078985439471e+00	7.6111905366749966e+01
3.7120047380790377e+00	7.6895872629625160e+01
3.7160048787511162e+00	7.0091842692956774e+01
3.7200103649527896e+00	6.3832088941833170e+01
3.7240155368327041e+00	6.9711957069782073e+01
3.7280195815850710e+00	6.2857599533411182e+01
3.7320000706307845e+00	7.3367735333046994e+01
3.7360054599903298e+00	6.4669164959127215e+01
3.7400101775041579e+00	6.8464149528671996e+01
3.7440098613296406e+00	6.9194434958123367e+01
3.7480046783728782e+00	6.9824975580305662e+01
3.7520228204627730e+00	7.6377386648209225e+01
3.7560144936704147e+00	7.7830941110983531e+01
3.7600025951038494e+00	7.5239244331723384e+01
3.7640142604659066e+00	9.9556080119605824e+01
3.7680053971251275e+00	7.4839755110269650e+01
3.7720226490234143e+00	9.8813909120092248e+01
3.7760124617976492e+00	9.1263916046445331e+01
3.7800005734921829e+00	9.2196962754816738e+01
3.7840139530892891e+00	9.5414914488196743e+01
3.7880075079160793e+00	9.7491836792251007e+01
3.7920003595269955e+00	9.0013743936086414e+01
3.7960135628286031e+00	7.7501139725674435e+01
3.8000229145470308e+00	9.8044331279629958e+01
3.8040030700787129e+00	8.4496210880174729e+01
3.8080017419273093e+00	8.4389248840703843e+01
3.8120181696497517e+00	9.0394166942819680e+01
3.8160084697549950e+00	7.2557483498978385e+01
3.8200016235368000e+00	7.9579640493480667e+01
3.8240232059460952e+00	8.5538640308824284e+01
3.8280233165597539e+00	6.8235598476732406e+01
3.8320236638119733e+00	6.5458630770195953e+01
3.8360014476133575e+00	8.0494274913972518e+01
3.8400068248068200e+00	7.0003635696187757e+01
3.8440194630538276e+00	6.3339324929336797e+01
3.8480131085966347e+00	6.6868997873311940e+01
3.8520073012227520e+00	7.3594559792629497e+01
3.8560020019559378e+00	6.4860654797464150e+01
3.8600215886117226e+00	6.6233173102942146e+01
3.8640192251928798e+00	5.9204531220578254e+01
3.8680176687669476e+00	7.2550822108950115e+01
3.8720165641274416e+00	6.5276193012808903e+01
3.8760165094974743e+00	7.4594592535149530e+01
3.8800173620364453e+00	6.8902776386677715e+01
3.8840177045903639e+00	6.8176508443769563e+01
3.8880120729024483e+00	6.5245903660990805e+01
3.8920021677928593e+00	6.8322717582476542e+01
3.8960111903571386e+00	7.3137302797716941e+01
3.9000135464777483e+00	7.6180833848538029e+01
3.9040097594445804e+00	7.5993969952435251e+01
3.9080017528088913e+00	6.8035978665405381e+01
3.9120136651230384e+00	6.2999054850205482e+01
3.9160229130283550e+00	7.5214230837386324e+01
3.9200061310254077e+00	7.4241310557422551e+01
3.9240112230782942e+00	7.5676840928183154e+01
3.9280138206492006e+00	6.5477257524579485e+01
3.9320162041182720e+00	7.3935414873547131e+01
3.9360169573578023e+00	6.4193385719715835e+01
3.9400205606931427e+00	7.5226907782433358e+01
3.9440060634523837e+00	6.0252021062635400e+01
3.9480213503653316e+00	7.1495691385718146e+01
3.9520184005380141e+00	6.8768172763317310e+01
3.9560197106855748e+00	6.7569992565104769e+01
3.9600226083298655e+00	7.6364641858312282e+01
3.9640003256402334e+00	7.3007283436824920e+01
3.9680005693725517e+00	8.0605229543816534e+01
3.9720015067372461e+00	7.0756533794889876e+01
3.9760031237785745e+00	8.1195150070530829e+01
3.9800076960384829e+00	8.2582689847925323e+01
3.9840125675021292e+00	7.8078663588583325e+01
3.9880140754361375e+00	7.9759618828660493e+01
3.9920133688507442e+00	8.8556891063074488e+01
3.9960104896279875e+00	6.8792026733579931e+01
4.0000075752398709e+00	8.6759214665036595e+01
4.0040039135478667e+00	8.2417063720342156e+01
4.0080029067606473e+00	7.3329980626030206e+01
4.0120028272129256e+00	8.4699546654360503e+01
4.0160058890709776e+00	7.0425945405234785e+01
4.0200101302612579e+00	8.6714286279431761e+01
4.0240175051456450e+00	8.8839821402490799e+01
4.0280011394488069e+00	1.0890476920586819e+02
4.0320006286698522e+00	1.1178827375191659e+02
4.0360176484089747e+00	1.0233687619649841e+02
4.0400050843010344e+00	9.6526526798304644e+01
4.0440110702901357e+00	9.8034266321220443e+01
4.0480115208217482e+00	9.4025318664457927e+01
4.0520093852153423e+00	8.5341906220885676e+01
4.0560073021864289e+00	7.4233383954302411e+01
4.0600069723806316e+00	1.0017277792704552e+02
4.0640109300290836e+00	9.1996338925569063e+01
4.0680212240060998e+00	8.0029150767526176e+01
4.0720165706158697e+00	8.9419983106079584e+01
4.0760187261859757e+00	9.5702122071630185e+01
4.0800202246002737e+00	8.3618762236150033e+01
4.0840186699704830e+00	9.9301435036291792e+01
4.0880151575466375e+00	8.2349995908135611e+01
4.0920104309157459e+00	8.3862193772386320e+01
4.0960066873761622e+00	9.7637883096506869e+01
4.1000024514454649e+00	8.5248737796400263e+01
4.1040212587134723e+00	1.0269035539085927e+02
4.1080161203976653e+00	9.2194264814652996e+01
4.1120118444881086e+00	8.7633771037625920e+01
4.1160109160043907e+00	9.0829236836629562e+01
4.1200112532325113e+00	8.4156826037623532e+01
4.1240122364870304e+00	8.9228982460949311e+01
4.1280164589291237e+00	9.5898957803266882e+01
4.1320235652489590e+00	8.8064546684420179e+01
4.1360072279210538e+00	8.1525709842931590e+01
4.1400121579026061e+00	8.1619191392742138e+01
4.1440150502207524e+00	1.0298045800042856e+02
4.1480176845487913e+00	8.9267500762048812e+01
4.1520172119448384e+00	1.0369908231595173e+02
4.1560150128539277e+00	8.2324237747400531e+01
4.1600137370436645e+00	8.7095369920665888e+01
4.1640126184597719e+00	8.7235641066596955e+01
4.1680118787897937e+00	1.0737456534203453e+02
4.1720145689027124e+00	8.1672972368386667e+01
4.1760215326196608e+00	9.8604500684332805e+01
4.1800071811005690e+00	7.6278958920117915e+01
4.1840154107788585e+00	9.5048551575488659e+01
4.1880219835617796e+00	7.6301746992722428e+01
4.1920044060167614e+00	8.5264481402735214e+01
4.1960108756650820e+00	7.4392175856947503e+01
4.2000163302506186e+00	8.2209960549104338e+01
4.2040203926445532e+00	7.1610890432995760e+01
4.2080012385133809e+00	6.6668336078444185e+01
4.2120081618242402e+00	6.8639045992564647e+01
4.2160132518270395e+00	6.9617025876485144e+01
4.2200219823875926e+00	6.1837549108096646e+01
4.2240093485394477e+00	6.9231127744337087e+01
4.2280220262494916e+00	7.6226268663860282e+01
4.2320161606197422e+00	6.1441510510485884e+01
4.2360118074730382e+00	5.9829170966915676e+01
4.2400055224789401e+00	7.4777023838348427e+01
4.2440193619239093e+00	7.3464766840890007e+01
4.2480063271371922e+00	6.4766818066774690e+01
4.2520163022137902e+00	6.9281478801840692e+01
4.2560019945373666e+00	6.0977277787810763e+01
4.2600132374399067e+00	6.5465761749772014e+01
4.2640029748025761e+00	6.3176749369890985e+01
4.2680187373177656e+00	6.2984159460294748e+01
4.2720117870335894e+00	6.1850030050850243e+01
4.2760069909737668e+00	6.0046717729288538e+01
4.2800012906147469e+00	5.6973244400654032e+01
4.2840177599941791e+00	5.8943821598535010e+01
4.2880081542903241e+00	5.6172494012534806e+01
4.2920198942794370e+00	5.7026992632249744e+01
4.2960050877898883e+00	5.6530767621644415e+01
4.3000117471757395e+00	5.2878175051044664e+01
4.3040163014440118e+00	5.2146823938519624e+01
4.3080195041551512e+00	5.4550998658941801e+01
4.3120200137680236e+00	5.9515299175854409e+01
4.3160180415896088e+00	6.0879495820330099e+01
4.3200137885781453e+00	5.6068657229124952e+01
4.3240085545840437e+00	6.8462124026937047e+01
4.3280021591847557e+00	6.9455318856273308e+01
4.3320203091946814e+00	5.9579944747033451e+01
4.3360142264391017e+00	7.0812293480180045e+01
4.3400087288492557e+00	7.1623052888480146e+01
4.3440057327961643e+00	6.0709423243469331e+01
4.3480054324256594e+00	6.7640902632310471e+01
4.3520074356607541e+00	6.5904346164264936e+01
4.3560093688154442e+00	6.0239372229866426e+01
4.3600119079703550e+00	6.3765485267552457e+01
4.3640152866535482e+00	6.0424172330247082e+01
4.3680186907892802e+00	6.4628087070211123e+01
4.3720215310237833e+00	7.1520643248865341e+01
4.3760002267765170e+00	6.5298445944517070e+01
4.3800033091570185e+00	7.5646829512567820e+01
4.3840074267507427e+00	7.0585008608448405e+01
4.3880131196149001e+00	7.1563957460160836e+01
4.3920207561355378e+00	7.0906354808686515e+01
4.3960076730295787e+00	7.1455555593078259e+01
4.4000216681271578e+00	6.8990411514693747e+01
4.4040154141863734e+00	7.2729654045355502e+01
4.4080095110961590e+00	6.3835768370746628e+01
4.4120045013165079e+00	7.1291438032889403e+01
4.4160017917115644e+00	6.5258257163309423e+01
4.4200227259921432e+00	6.8348269522845200e+01
4.4240171077653114e+00	6.5313328309372679e+01
4.4280082077569070e+00	7.0304013643281991e+01
4.4320190311419365e+00	5.9268911065567423e+01
4.4360013637600790e+00	7.1869017508770156e+01
4.4400024920410077e+00	6.3638950028945331e+01
4.4440223671601222e+00	6.3047958111074273e+01
4.4480136760154512e+00	6.9364229431376216e+01
4.4520238453587337e+00	6.3036434259027544e+01
4.4560043143547325e+00	5.9509640176659722e+01
4.4600052265841290e+00	7.4076002851407722e+01
4.4640054379108260e+00	7.2425503758458120e+01
4.4680031620510556e+00	5.6948814808742824e+01
4.4720233817927264e+00	5.4329489407805596e+01
4.4760031701129339e+00	5.4579946313696503e+01
4.4800198263021000e+00	6.2447367378850217e+01
4.4840222289498683e+00	6.1690845293816707e+01
4.4880060843293483e+00	6.0229346498485519e+01
4.4920153412228609e+00	6.3163921731431429e+01
4.4960032917768098e+00	5.7127687079427211e+01
4.5000162101111547e+00	6.1810335140850363e+01
4.5040074387224074e+00	6.2124524696153451e+01
4.5080234122170788e+00	5.6686827329305423e+01
4.5120153382545709e+00	6.1682909440950098e+01
4.5160060880684041e+00	6.2802487095877929e+01
4.5200218240975891e+00	5.7201680239602105e+01
4.5240125373030420e+00	6.0608182576478320e+01
4.5280232620342442e+00	6.0847756065107440e+01
4.5320062423769958e+00	6.7021011018068648e+01
4.5360098900759569e+00	6.9048505267049137e+01
4.5400116883563220e+00	6.6603285553372999e+01
4.5440129328303822e+00	7.1223088351954729e+01
4.5480172088415802e+00	7.2341771561058508e+01
4.5520030141149421e+00	8.3641464682369943e+01
4.5560125118828294e+00	8.5736025643430779e+01
4.5600233333938860e+00	7.9692932408919475e+01
4.5640106505008369e+00	8.1455484684477966e+01
4.5680230649204550e+00	7.8149930076137210e+01
4.5720091989415428e+00	7.0804898667165517e+01
4.5760157190788737e+00	7.1960383803676024e+01
4.5800188577948253e+00	6.7997110515164181e+01
4.5840197190952257e+00	6.3385475337869224e+01
4.5880188448536030e+00	6.2752370194461115e+01
4.5920166753713625e+00	6.1542622036678750e+01
4.5960128100564903e+00	5.9352806662724952e+01
4.6000070184077275e+00	5.5959886515163994e+01
4.6040231994305580e+00	5.6048038024274106e+01
4.6080152520082276e+00	5.6450870720539221e+01
4.6120103846491345e+00	5.9395807704303550e+01
4.6160104794629939e+00	6.6880806109945581e+01
4.6200164064068838e+00	5.9754927455229172e+01
4.6240001762321956e+00	7.0196319764620398e+01
4.6280084442946654e+00	7.6958385796711397e+01
4.6320178883920047e+00	7.8145965048927721e+01
4.6360042563983148e+00	7.3854660742271946e+01
4.6400173861950913e+00	6.4770589832797100e+01
4.6440113939026189e+00	6.3265835212979859e+01
4.6480110619828245e+00	7.0066096166427343e+01
4.6520140552846492e+00	7.1931050635447704e+01
4.6560173501146531e+00	6.8724457787817869e+01
4.6600215638808553e+00	6.0916296609835186e+01
4.6640015275824140e+00	5.8518866188389417e+01
4.6680017133890246e+00	5.9600576612816326e+01
4.6720031936887692e+00	5.8202077376159757e+01
4.6760097259833522e+00	5.5300974486583279e+01
4.6800199506974955e+00	6.2468356639321684e+01
4.6840062972934122e+00	6.4722739395764307e+01
4.6880167385287734e+00	6.1297803007464765e+01
4.6920054030350169e+00	5.2967540567100194e+01
4.6960201760879228e+00	5.8449320497933797e+01
4.7000061982256538e+00	6.3968521482445375e+01
4.7040164294732083e+00	6.6187460911848973e+01
4.7080017080186680e+00	6.2344614192576273e+01
4.7120167269030695e+00	5.6678487503733464e+01
4.7160080234949122e+00	6.2118494405816378e+01
4.7200202924449073e+00	6.7341689148363017e+01
4.7240048116979780e+00	6.7132269812963585e+01
4.7280114023176480e+00	6.9006600823535450e+01
4.7320194950284744e+00	6.0115214575702794e+01
4.7360048648702389e+00	6.7048517413293837e+01
4.7400108090592790e+00	7.0297222365956841e+01
4.7440150088844950e+00	6.8132652092169209e+01
4.7480182053935014e+00	6.9975108634427670e+01
4.7520208816846115e+00	6.6636923298127627e+01
4.7560229617467122e+00	7.0304311615506592e+01
4.7600233916805124e+00	7.5458401060304183e+01
4.7640225520587238e+00	5.9050061568978698e+01
4.7680214792646813e+00	6.6884048604611507e+01
4.7720210697456817e+00	7.7933566244593024e+01
4.7760184025151435e+00	6.8298781769295189e+01
4.7800131565747206e+00	6.4371360764023194e+01
4.7840055382825035e+00	7.5220985715460699e+01
4.7880202102178275e+00	6.9847246649991277e+01
4.7920108833862605e+00	5.7947732228037061e+01
4.7960006710388301e+00	6.8597697910663584e+01
4.8000164339915541e+00	7.1664729794275829e+01
4.8040075289215594e+00	6.2301544527947058e+01
4.8080214991922121e+00	6.2073059430674427e+01
4.8120093318314368e+00	6.9674861593284660e+01
4.8160217082560006e+00	6.9390607349327141e+01
4.8200104853069217e+00	6.6602438158707614e+01
4.8240208433735496e+00	7.1238576157756157e+01
4.8280225522165843e+00	6.7647809354589626e+01
4.8320175437392496e+00	6.8484470101529610e+01
4.8360073026012955e+00	7.8311762910159587e+01
4.8400169802450819e+00	6.6762489978497499e+01
4.8440233441467386e+00	8.8591752027523114e+01
4.8480042693407253e+00	8.2427193649787156e+01
4.8520081793685357e+00	9.4537356716295690e+01
4.8560124108830758e+00	9.1497948230875153e+01
4.8600138796338133e+00	9.5438582918151269e+01
4.8640106592621022e+00	9.3452077308054641e+01
4.8680025964270568e+00	9.3142421801652276e+01
4.8720136822094595e+00	9.0386089269874788e+01
4.8760207529740978e+00	8.8804953648518989e+01
4.8800020953715819e+00	8.3175170107060509e+01
4.8840083332616322e+00	9.3089973871442695e+01
4.8880201850011815e+00	7.2418263635606195e+01
4.8920150353506191e+00	9.1491228615858446e+01
4.8960130799747734e+00	7.7232451828214153e+01
4.9000142163661664e+00	8.5125585938776780e+01
4.9040184349296014e+00	7.4033199007153186e+01
4.9080033185946572e+00	7.5057796467344687e+01
4.9120172504268913e+00	7.8360229110126966e+01
4.9160147869270698e+00	7.2086724147544146e+01
4.9200217946392204e+00	8.4687802713864357e+01
4.9240068851590415e+00	6.6742019414192583e+01
4.9280166573702235e+00	8.1207192323615160e+01
4.9320016816779919e+00	7.1650076505036779e+01
4.9360100416267674e+00	7.8215654299341722e+01
4.9400174067976392e+00	6.8504935381352610e+01
4.9440237460318190e+00	6.9991264527712318e+01
4.9480049012634009e+00	6.5202439743422929e+01
4.9520092302992733e+00	6.0313035978399881e+01
4.9560144194478584e+00	6.3238071722137292e+01
4.9600209687510883e+00	5.5704705719569880e+01
4.9640054339113355e+00	5.9229774587808990e+01
4.9680162180822789e+00	5.6584948494025753e+01
4.9720054868671886e+00	5.4361589120271013e+01
4.9760200837235660e+00	5.5823823511314167e+01
4.9800121803443398e+00	5.7210109995315015e+01
4.9840061933652740e+00	5.6829653297172023e+01
4.9880017202537275e+00	5.8565187439768593e+01
4.9920214370082068e+00	5.7814186783456833e+01
4.9960160156538569e+00	5.3233591838391341e+01
5.0000082611154211e+00	5.2023611712311187e+01
5.0040197305515921e+00	5.3917785521444991e+01
5.0080044823833703e+00	5.3100548640206327e+01
5.0120144534660351e+00	5.6849270249039328e+01
5.0160032785432378e+00	6.1881684477731639e+01
5.0200189752697693e+00	6.2343805621231517e+01
5.0240124475763164e+00	5.6593319195106957e+01
5.0280079282433361e+00	5.7960879975052194e+01
5.0320054217454588e+00	6.1978396582745681e+01
5.0360055590880144e+00	5.6543137209798211e+01
5.0400059352707984e+00	5.1022447378988382e+01
5.0440045126310338e+00	5.7589740680508328e+01
5.0480026213204310e+00	5.1253427374293722e+01
5.0520004184773128e+00	5.4989364029524310e+01
5.0560220795200612e+00	5.3065526805767171e+01
5.0600195620943884e+00	5.5806953768186666e+01
5.0640159764994079e+00	5.8806056496236714e+01
5.0680104709075868e+00	5.4221880916715200e+01
5.0720036553879631e+00	5.7347334763429018e+01
5.0760193573565102e+00	6.0392015055122457e+01
5.0800102009432564e+00	5.8479680701876859e+01
5.0840006788358556e+00	6.4372915205558925e+01
5.0880148333485078e+00	6.2129894564776279e+01
5.0920050192416415e+00	6.1058927132757553e+01
5.0960196709328969e+00	6.4166239943078708e+01
5.1000089879517638e+00	6.4473761950279027e+01
5.1040196156586504e+00	5.5232457236970539e+01
5.1080038125145295e+00	5.5651545405605354e+01
5.1120093103069824e+00	6.4567358335083938e+01
5.1160120832821923e+00	5.7486543112168263e+01
5.1200116775936646e+00	7.0614995523201600e+01
5.1240100729534985e+00	6.2981158063907699e+01
5.1280095455907491e+00	7.2953151838756085e+01
5.1320130731617528e+00	7.0425101273723342e+01
5.1360213486534336e+00	6.6990121391925143e+01
5.1400104926692505e+00	7.8401327629933292e+01
5.1440216762967621e+00	7.0740048217232172e+01
5.1480060906847633e+00	6.5859044356288180e+01
5.1520147286846409e+00	6.8828504411982180e+01
5.1560238415149362e+00	7.8322292651799955e+01
5.1600076655324658e+00	6.7249080189781282e+01
5.1640138220352307e+00	6.3790444553416286e+01
5.1680162981827165e+00	6.9177578069648462e+01
5.1720151672479586e+00	7.7760295650850225e+01
5.1760108604352508e+00	7.4549671221523923e+01
5.1800056190987700e+00	7.9535843022961458e+01
5.1840020533654947e+00	8.0930066831104085e+01
5.1880018031772046e+00	8.3748716917092892e+01
5.1920071262268248e+00	9.2854412647045820e+01
5.1960143366851685e+00	9.3460725053422991e+01
5.2000196551915510e+00	8.3294212395080592e+01
5.2040003378930795e+00	7.2187026596475988e+01
5.2080066088043555e+00	7.2425372179977501e+01
5.2120154366132994e+00	8.0764584584665457e+01
5.2160060228719001e+00	8.8462173747436339e+01
5.2200016815378669e+00	8.7982307087592517e+01
5.2240226627954804e+00	8.7027694528435845e+01
5.2280197501329226e+00	9.1587886318985142e+01
5.2320142580194595e+00	8.5024291538884285e+01
5.2360074005044543e+00	6.7521057704106511e+01
5.2400002126472529e+00	7.2109255330158561e+01
5.2440158643188974e+00	8.1030509102306283e+01
5.2480053799772577e+00	9.0918965315592658e+01
5.2520166422205756e+00	8.7571852622689406e+01
5.2560034975458336e+00	9.1429236419925530e+01
5.2600139669359214e+00	9.1883016280593779e+01
5.2640029554897048e+00	7.5763284054657959e+01
5.2680193971123961e+00	7.6893534284443305e+01
5.2720147523309429e+00	8.0376518461335735e+01
5.2760145179567637e+00	9.3615264582673859e+01
5.2800162953777452e+00	8.9801954856557941e+01
5.2840155396723913e+00	9.4624983464332445e+01
5.2880122479339144e+00	9.5471145513547100e+01
5.2920066167804976e+00	8.1159994529767104e+01
5.2960219689138990e+00	9.0659046209561723e+01
5.3000105565541809e+00	8.3480989957839085e+01
5.3040199961853576e+00	9.0242544028589577e+01
5.3080027076044196e+00	8.8765982354485800e+01
5.3120058984423384e+00	1.0307727615705105e+02
5.3160057057830157e+00	9.1969663090029499e+01
5.3200029592702576e+00	1.0701157004619466e+02
5.3240225134573098e+00	1.0024852193470157e+02
5.3280185201160188e+00	1.0576486886692993e+02
5.3320172881126107e+00	1.0354688039297776e+02
5.3360201832358873e+00	1.0211318136334235e+02
5.3400069641311152e+00	1.0389981494921642e+02
5.3440216464061194e+00	9.8217843970592924e+01
5.3480102068558724e+00	1.0282473049361855e+02
5.3520231196329320e+00	9.5411870242283683e+01
5.3560107274475808e+00	1.0118057979605798e+02
5.3600004520989453e+00	9.3755072471385660e+01
5.3640140199343955e+00	9.9759174273006423e+01
5.3680036281673953e+00	9.3851130371566853e+01
5.3720190991843184e+00	9.8332051860868987e+01
5.3760140617604950e+00	9.5062663419334328e+01
5.3800133981524638e+00	9.4805900222030132e+01
5.3840153203558581e+00	9.6536851320041535e+01
5.3880166776726428e+00	8.5518141320180703e+01
5.3920178565622257e+00	9.6330919008229756e+01
5.3960185171206110e+00	8.7811976909885175e+01
5.4000187198620830e+00	8.8955225180426524e+01
5.4040177164611425e+00	9.2976322093479624e+01
5.4080157303952703e+00	8.3297276056654496e+01
5.4120122438279745e+00	8.8597616914632496e+01
5.4160071086224351e+00	8.5896878486494003e+01
5.4200003547173683e+00	8.3275876999398989e+01
5.4240170670707100e+00	8.5633115216408740e+01
5.4280099871265275e+00	8.3647901489155146e+01
5.4320022021125540e+00	8.0090824366430738e+01
5.4360172248257754e+00	8.1470221935692379e+01
5.4400084644305657e+00	8.1507710463294899e+01
5.4440006790246764e+00	8.3780419923332872e+01
5.4480187156256283e+00	7.8948322977718192e+01
5.4520134732353709e+00	8.8880920170148229e+01
5.4560049818798300e+00	8.6759953484746603e+01
5.4600133557442181e+00	8.5360116612183901e+01
5.4640227284205327e+00	9.5230694831491064e+01
5.4680051177689961e+00	8.2413037206426750e+01
5.4720151549584459e+00	9.7603230933760756e+01
5.4760125868651564e+00	9.3901434972731536e+01
5.4800160226538770e+00	9.5801861744213724e+01
5.4840218512496186e+00	1.0143598956985362e+02
5.4880054346583496e+00	9.3394224892423097e+01
5.4920155256701069e+00	1.0716215462887965e+02
5.4960016408321808e+00	9.2730901475691823e+01
5.5000113515843285e+00	1.1230493030013845e+02
5.5040207201092644e+00	9.4075094858893650e+01
5.5080068359661691e+00	1.1700460223204486e+02
5.5120177268301864e+00	9.8440296118643914e+01
5.5160022651536575e+00	1.2069457597589607e+02
5.5200102218677038e+00	1.0584033732940530e+02
5.5240174986089530e+00	1.2198666939632672e+02
5.5280007811310217e+00	1.1571144258235547e+02
5.5320095603696853e+00	1.1900404768074650e+02
5.5360212701073213e+00	1.2604730591638737e+02
5.5400071461533225e+00	1.1033138330710212e+02
5.5440131890719080e+00	1.3401528288031670e+02
5.5480149669935210e+00	1.0789280138805371e+02
5.5520215403012978e+00	1.3475634948409092e+02
5.5560196298160340e+00	1.2984865378846482e+02
5.5600118641982172e+00	1.2359718144133093e+02
5.5640158367643160e+00	1.4339607866232191e+02
5.5680097319809363e+00	1.1654606435701524e+02
5.5720093592012319e+00	1.3941704594475689e+02
5.5760000952455284e+00	1.3953082632254706e+02
5.5800128594838885e+00	1.1327397065477945e+02
5.5840209853263927e+00	1.4184238147435201e+02
5.5880231056903353e+00	1.3116186690125025e+02
5.5920228890752606e+00	1.1403455356187308e+02
5.5960016805261894e+00	1.3595060224501654e+02
5.6000202567699793e+00	1.2669481201492805e+02
5.6040036333204153e+00	1.0802313357729076e+02
5.6080121868318313e+00	1.2240027111687422e+02
5.6120203657051917e+00	1.2475499297024592e+02
5.6160021522803580e+00	1.0974631537233128e+02
5.6200056923517909e+00	1.1283737877949500e+02
5.6240075104023415e+00	1.0363178205334515e+02
5.6280086251721366e+00	1.0811720618857220e+02
5.6320089854103816e+00	1.0390931257647894e+02
5.6360086775052896e+00	9.7107857632046745e+01
5.6400095842747335e+00	8.7077676017627610e+01
5.6440123919971183e+00	9.0768541832551335e+01
5.6480180692614015e+00	8.2631448826678465e+01
5.6520020500815384e+00	8.2122488256463754e+01
5.6560109135789851e+00	8.7375811926268881e+01
5.6600210832688456e+00	8.7391214399293176e+01
5.6640117007702493e+00	7.9033667705088433e+01
5.6680089205465007e+00	6.8853396676063127e+01
5.6720113527768090e+00	7.1089093572611247e+01
5.6760129351266313e+00	7.5055547931259426e+01
5.6800111839159966e+00	8.1804734398342390e+01
5.6840060001892976e+00	8.4220178672214956e+01
5.6880221084625617e+00	6.5969827867234912e+01
5.6920125229147258e+00	7.2600254263983445e+01
5.6960236635502053e+00	6.1148696833838372e+01
5.7000088469495775e+00	7.3764177613584593e+01
5.7040142677645695e+00	6.6185167606137654e+01
5.7080171956519496e+00	6.6815623077074363e+01
5.7120168664936930e+00	6.3593168133805662e+01
5.7160153126853679e+00	6.0622730831617311e+01
5.7200128756377939e+00	6.0361601820165042e+01
5.7240106155251995e+00	6.2480736507753385e+01
5.7280086020925634e+00	6.4100465191746892e+01
5.7320082088322675e+00	6.0356065309246794e+01
5.7360104565584953e+00	5.8236318777406595e+01
5.7400146810468877e+00	6.1567921502751851e+01
5.7440214898801782e+00	6.0925390832078399e+01
5.7480048704700017e+00	5.6983836143992214e+01
5.7520136771770840e+00	5.6699567334205213e+01
5.7560018389184489e+00	6.1728427636086550e+01
5.7600179212807747e+00	5.8293235413146746e+01
5.7640139331061118e+00	5.4603150387581707e+01
5.7680112889040887e+00	5.9748280877302456e+01
5.7720061123509430e+00	6.7628908253433949e+01
5.7760014495292209e+00	6.5765920411327912e+01
5.7800230419141263e+00	5.6398261320743494e+01
5.7840213439473214e+00	6.2320352113210532e+01
5.7880213784625241e+00	5.6116505316625059e+01
5.7920006507722857e+00	6.3124144901944341e+01
5.7960033642120754e+00	6.5985015198506744e+01
5.8000028969221340e+00	6.1527836406362994e+01
5.8040005577795784e+00	5.7335701942984286e+01
5.8080220096092372e+00	6.3940428880355661e+01
5.8120204225300673e+00	6.9081606872023443e+01
5.8160218386963969e+00	6.7667148976775081e+01
5.8200008574550539e+00	6.1198706235903096e+01
5.8240028227622975e+00	5.5722364887489491e+01
5.8280025607890140e+00	5.7768112115834469e+01
5.8320004941911359e+00	6.1235546545611840e+01
5.8360217128672245e+00	5.6495812859415295e+01
5.8400185162211509e+00	5.5803355208780474e+01
5.8440142673397650e+00	6.1955997675547152e+01
5.8480088507855026e+00	5.7304672464891510e+01
5.8520000228990678e+00	5.2439153277854359e+01
5.8560134935217825e+00	5.0856362331358682e+01
5.8600018126480897e+00	6.4055693617790737e+01
5.8640102937161434e+00	6.3511233768979061e+01
5.8680158213276172e+00	5.5603285517990251e+01
5.8720184456298368e+00	5.8513333065477077e+01
5.8760225421270595e+00	5.7191780360465522e+01
5.8800077322150450e+00	5.6137731657191409e+01
5.8840240266800716e+00	5.8565845487007657e+01
5.8880216494628010e+00	5.3799001806563751e+01
5.8920153582307879e+00	5.1053358530214219e+01
5.8960063013739594e+00	5.1173649434992114e+01
5.9000186456163197e+00	5.0691006055236542e+01
5.9040068363239353e+00	5.0613274400186192e+01
5.9080192759749579e+00	5.3238674158985397e+01
5.9120110078363082e+00	5.1956519116946019e+01
5.9160059133726408e+00	5.9234319836221587e+01
5.9200042277612281e+00	6.1623226418227098e+01
5.9240031609415595e+00	5.3048516870420016e+01
5.9280001870737005e+00	6.4760742007273961e+01
5.9320156819288794e+00	6.4983995810070667e+01
5.9360034921337910e+00	5.7985291612081753e+01
5.9400145329545415e+00	6.2050347735843459e+01
5.9440006143109514e+00	6.1346075992801161e+01
5.9480113144831535e+00	6.2400196933174030e+01
5.9520000841108143e+00	5.7445030334676936e+01
5.9560149891170369e+00	6.0973583412812900e+01
5.9600054681280525e+00	5.8253881197959451e+01
5.9640178133909183e+00	5.8473172930736567e+01
5.9680013692445986e+00	6.4079380583134920e+01
5.9720034858531541e+00	5.4504633281517734e+01
5.9760062962686824e+00	6.0581634632185654e+01
5.9800120777046732e+00	5.5168137742870940e+01
5.9840224809105544e+00	5.1737957013720113e+01
5.9880132548993625e+00	5.7941577082020885e+01
5.9920034593552671e+00	5.9701843831543755e+01
5.9960178153440058e+00	5.9903220626376985e+01
6.0000127416669979e+00	5.0963939583900412e+01
6.0040103746587610e+00	6.3477037189514867e+01
6.0080067312763923e+00	6.2699825450897094e+01
6.0120015115163463e+00	5.4625202572974743e+01
6.0160181762725786e+00	5.6031322151102259e+01
6.0200084270145231e+00	5.5346858919578189e+01
6.0240197429170959e+00	6.4746428754931870e+01
6.0280027051648482e+00	6.0064895967238186e+01
6.0320060860510605e+00	5.3069790289801723e+01
6.0360062140951021e+00	5.0626577421163525e+01
6.0400064067790256e+00	6.0397910624906977e+01
6.0440062854265992e+00	5.6182974686252173e+01
6.0480069788082282e+00	5.8576504025304338e+01
6.0520130597568400e+00	5.4311222396426082e+01
6.0560211305599010e+00	5.8687976235024770e+01
6.0600055985105117e+00	6.3331995944484497e+01
6.0640165526903242e+00	6.1571904780067392e+01
6.0680073631482321e+00	5.7360989105537840e+01
6.0720011383786288e+00	5.7313605294884361e+01
6.0760220962674900e+00	6.0649265188964172e+01
6.0800225881972070e+00	6.8124845204748354e+01
6.0840232289426881e+00	6.4635814402343300e+01
6.0880232203191893e+00	5.9215855705483456e+01
6.0920210950337355e+00	6.0406871145982898e+01
6.0960216604149835e+00	6.3793433290523232e+01
6.1000239986144296e+00	6.3562927917401559e+01
6.1040020289968098e+00	6.9965164289330517e+01
6.1080029715209712e+00	6.4526918263206468e+01
6.1120011995180850e+00	6.3674598217387562e+01
6.1160211270333011e+00	7.0674383491164477e+01
6.1200167089921340e+00	6.4285582231736527e+01
6.1240115739431404e+00	6.3358954332946837e+01
6.1280059351234337e+00	6.9425157137946982e+01
6.1320006189938310e+00	6.4659711221492330e+01
6.1360213769746359e+00	6.4250127686425984e+01
6.1400203180898467e+00	6.8780145160272610e+01
6.1440235854452752e+00	6.5717242654771525e+01
6.1480059279405177e+00	6.7946683139048986e+01
6.1520115317089674e+00	6.0807733443976865e+01
6.1560150244430494e+00	6.7998663580941709e+01
6.1600175575794713e+00	7.9148503309901699e+01
6.1640190618045443e+00	7.6690723336303520e+01
6.1680176405581841e+00	6.7514923441774968e+01
6.1720131942364791e+00	6.3498926093028956e+01
6.1760064592835846e+00	7.2622524771624043e+01
6.1800236293759676e+00	6.7530229228968381e+01
6.1840216143880236e+00	5.8861610064735075e+01
6.1880207707620176e+00	6.7723486793749245e+01
6.1920194538620859e+00	6.2634864568139335e+01
6.1960167765706533e+00	6.9589450115841061e+01
6.2000119768092423e+00	7.0500500447084406e+01
6.2040063065322144e+00	7.5550383008715372e+01
6.2080002736420745e+00	7.2301669164713942e+01
6.2120184922400590e+00	7.5462373137992486e+01
6.2160125714243630e+00	6.6851570717515997e+01
6.2200073119380592e+00	7.1924140863138007e+01
6.2240020773590743e+00	7.5244277687104116e+01
6.2280183097651136e+00	6.5817675398105607e+01
6.2320089960331124e+00	7.3609735289700424e+01
6.2360231242806456e+00	6.9538756973916193e+01
6.2400143882697536e+00	7.4517573172343859e+01
6.2440072335885350e+00	7.8948218652263876e+01
6.2480004819650148e+00	7.2385669571587414e+01
6.2520185537379991e+00	8.5242222142922273e+01
6.2560137763361592e+00	7.7536166896564978e+01
6.2600117313927264e+00	7.3454880121790083e+01
6.2640093446254577e+00	7.2672909519544589e+01
6.2680069007788015e+00	7.6630981313437118e+01
6.2720026577495736e+00	8.0102961987862216e+01
6.2760188471211222e+00	7.2303325658218682e+01
6.2800072776117162e+00	7.8923198349692072e+01
6.2840154556766592e+00	8.1219783569446335e+01
6.2880211227112035e+00	7.1344334258798710e+01
6.2920006692559554e+00	7.7319659234839676e+01
6.2960009016889336e+00	7.5968857124733731e+01
6.3000233872933888e+00	7.4042558687783924e+01
6.3040212091301813e+00	8.0790920869983907e+01
6.3080196573464695e+00	7.4905042549153052e+01
6.3120172364600906e+00	8.1947429661747208e+01
6.3160119701922302e+00	7.5812528788916850e+01
6.3200036956005166e+00	7.4866987227974732e+01
6.3240156967444463e+00	8.2378552069330681e+01
6.3280013959046340e+00	8.5022077555676816e+01
6.3320100315573882e+00	8.6719220884414412e+01
6.3360211037913299e+00	7.7793826320094567e+01
6.3400150607954666e+00	7.5017470994335866e+01
6.3440177780135842e+00	7.0827124301291306e+01
6.3480061556897169e+00	7.8377418807703407e+01
6.3520022289504467e+00	7.1960434244291051e+01
6.3560039224299656e+00	6.6395945329739419e+01
6.3600078681439678e+00	6.5661819086495825e+01
6.3640095850533074e+00	6.6020373346481549e+01
6.3680084485144182e+00	5.3312648922375033e+01
6.3720064218080052e+00	7.2679794738188221e+01
6.3760026799136202e+00	5.7820282267833967e+01
6.3800209821050080e+00	7.4849215983322821e+01
6.3840135333020713e+00	6.1377744223015561e+01
6.3880046300589566e+00	7.4840611001977905e+01
6.3920203223329777e+00	5.8587813991227932e+01
6.3960117807791059e+00	7.1767059284280975e+01
6.4000061495618139e+00	6.5544323605801935e+01
6.4040036036297661e+00	6.5577350517962486e+01
6.4080045893130277e+00	6.9456932031533867e+01
6.4120103098445904e+00	5.8152682597729822e+01
6.4160162710630395e+00	6.0790070360341154e+01
6.4200205363818004e+00	6.0249630279866210e+01
6.4240234281919237e+00	6.0969876074775463e+01
6.4280230599302826e+00	4.7306993674290361e+01
6.4320187344844966e+00	5.6232970796649731e+01
6.4360108064659345e+00	6.0115340768519182e+01
6.4400231814144435e+00	5.7711574340934689e+01
6.4440079502318328e+00	5.6716943096601042e+01
6.4480115203410016e+00	5.4153685328246297e+01
6.4520100769805868e+00	5.9418092231847197e+01
6.4560037581177490e+00	5.0648742206613115e+01
6.4600182073214949e+00	5.8925282104859740e+01
6.4640108003219883e+00	5.8752309285179464e+01
6.4680009924043604e+00	5.9014177914552178e+01
6.4720132429214043e+00	6.0931050245705912e+01
6.4760034886202966e+00	5.6557890145447061e+01
6.4800195837061505e+00	6.0048439822556865e+01
6.4840148273432270e+00	5.9295770841345131e+01
6.4880132139325113e+00	6.2459709252164117e+01
6.4920133480663962e+00	6.0524574689548984e+01
6.4960156638409625e+00	6.3014744174739896e+01
6.5000205535054718e+00	6.6031147076622446e+01
6.5040039222641930e+00	6.0183767260297692e+01
6.5080142964033607e+00	5.9119970239904809e+01
6.5120039980572377e+00	6.3785145476017647e+01
6.5160211019749470e+00	6.5800867391231165e+01
6.5200152785015977e+00	7.1189838796355446e+01
6.5240078736350497e+00	7.1075507479621436e+01
6.5280001888894654e+00	6.8021348570377484e+01
6.5320181537650948e+00	6.4191959939059473e+01
6.5360154425186261e+00	5.9697296209924069e+01
6.5400169832110944e+00	5.6730031727986663e+01
6.5440221804787706e+00	6.6936116265077274e+01
6.5480068602586350e+00	6.0613183655336684e+01
6.5520123994703372e+00	5.9303418145200567e+01
6.5560112421386529e+00	7.4018427449655150e+01
6.5600035864973671e+00	6.1376781952672467e+01
6.5640143787105396e+00	5.9360936318231410e+01
6.5680220791504684e+00	6.8347639566366340e+01
6.5720064514654268e+00	5.6430362268777046e+01
6.5760171067433770e+00	6.4774319475828833e+01
6.5800043263256605e+00	5.5321963203032311e+01
6.5840158779277314e+00	6.1853094203816013e+01
6.5880073064872899e+00	5.4931963990080554e+01
6.5920019334201410e+00	5.9598841170883482e+01
6.5960011609331657e+00	5.6561760315371728e+01
6.6000014800418336e+00	6.3334524380558967e+01
6.6040007773049156e+00	6.5491291626863543e+01
6.6080218132907547e+00	6.4855066777301644e+01
6.6120165593129760e+00	6.1426077011515339e+01
6.6160153120859313e+00	6.1982770782516916e+01
6.6200172956673971e+00	6.1448650970341859e+01
6.6240195708523713e+00	5.4543562225247811e+01
6.6280000557796042e+00	5.9506314513887773e+01
6.6320061347175399e+00	6.6000477646380702e+01
6.6360130401056505e+00	5.9525354015628601e+01
6.6400007794894957e+00	5.5937239202972243e+01
6.6440155445021558e+00	6.1052237314786538e+01
6.6480066111332894e+00	6.0161548005011596e+01
6.6520187728911928e+00	6.2070116941569772e+01
6.6560047798688275e+00	5.3464218963164761e+01
6.6600139122752235e+00	5.5376291950035345e+01
6.6640227724299042e+00	5.3750563399206236e+01
6.6680092141848526e+00	5.5614347412794835e+01
6.6720190509802606e+00	5.9483600125941408e+01
6.6760056501095697e+00	5.5567700783252000e+01
6.6800152523316925e+00	5.5448464619238479e+01
6.6840025710041955e+00	5.3226598285634608e+01
6.6880134464386591e+00	5.1054133019781062e+01
6.6920228016386920e+00	5.2206305509036504e+01
6.6960042421685833e+00	5.3904634929572680e+01
6.7000039116885235e+00	5.1740258923196336e+01
6.7040001248900429e+00	5.4670953004876814e+01
6.7080182746673529e+00	5.9552472637232157e+01
6.7120125342374637e+00	6.4116920253683361e+01
6.7160099978202510e+00	5.6575191365738746e+01
6.7200105864516386e+00	5.5178922142226796e+01
6.7240081832004748e+00	6.3186011999643902e+01
6.7280022382419089e+00	7.5835071413439934e+01
6.7320190195637437e+00	7.1797086253862602e+01
6.7360111883952039e+00	6.5172364327965838e+01
6.7400236883822870e+00	6.8555057060423550e+01
6.7440133250523893e+00	7.5054641635427700e+01
6.7480062336991580e+00	8.8774396698245468e+01
6.7520225994095258e+00	6.6308442614497480e+01
6.7560144866426333e+00	7.0007569075651588e+01
6.7600060051448789e+00	6.8792225503825108e+01
6.7640229606822899e+00	8.5321157131699593e+01
6.7680173976453100e+00	7.9728089222113127e+01
6.7720144318173272e+00	5.9546854342020822e+01
6.7760136890464286e+00	8.0635477167602915e+01
6.7800118791941895e+00	5.9671252344878418e+01
6.7840094768157027e+00	6.9691467186477709e+01
6.7880066910150152e+00	6.2104956397987401e+01
6.7920015279386581e+00	6.6984155671876081e+01
6.7960176728874488e+00	7.1359768908811063e+01
6.8000082561051585e+00	5.3186193960093952e+01
6.8040218956051541e+00	6.5993083295608002e+01
6.8080093371547505e+00	6.9661853998169903e+01
6.8120198372578891e+00	6.7150166539587616e+01
6.8160041051635378e+00	6.0500644513542589e+01
6.8200092829017764e+00	6.3989982266959572e+01
6.8240105529864250e+00	6.8785990458090666e+01
6.8280086934150264e+00	6.7486904165216785e+01
6.8320030453523239e+00	5.8549245899733798e+01
6.8360176879077859e+00	6.1981532759567642e+01
6.8400064990268241e+00	7.6096772847428269e+01
6.8440191520303237e+00	7.6269705469605157e+01
6.8480082910960522e+00	6.2426405353234195e+01
6.8520209285357287e+00	6.2911797077219141e+01
6.8560125928195301e+00	7.9200802393820510e+01
6.8600108021136368e+00	7.3340563710508903e+01
6.8640125216246384e+00	6.8942975008521657e+01
6.8680158558509179e+00	7.0465523678994444e+01
6.8720171977799493e+00	7.5336833904682990e+01
6.8760189050189027e+00	7.0639718203654496e+01
6.8800215330580503e+00	6.5513011279993606e+01
6.8840014914021737e+00	7.1041369651086683e+01
6.8880094670332959e+00	7.3941677863936022e+01
6.8920168013843934e+00	7.0047575368844363e+01
6.8960239064250333e+00	6.8687591289832994e+01
6.9000047993755276e+00	7.0962475220214372e+01
6.9040078122716455e+00	7.0162433905342894e+01
6.9080100103782787e+00	7.3659340791735389e+01
6.9120120749125773e+00	7.0681917933898319e+01
6.9160127178327491e+00	7.9992875668517328e+01
6.9200123176941117e+00	8.0736430615742847e+01
6.9240127814630226e+00	7.8142328825363947e+01
6.9280150589926448e+00	6.7301455589859884e+01
6.9320170177431537e+00	7.9099839340287659e+01
6.9360187129261481e+00	8.1499006155907651e+01
6.9400232940472319e+00	7.7507676257575227e+01
6.9440042758148275e+00	8.6526994733667024e+01
6.9480121723197099e+00	7.4791637193354944e+01
6.9520232612303898e+00	7.4230608170077858e+01
6.9560117406026567e+00	9.6596930032270663e+01
6.9600037195695759e+00	9.9049318240968617e+01
6.9640239399107724e+00	7.6624667968859825e+01
6.9680014494162581e+00	9.5547369312949968e+01
6.9720091237605573e+00	1.0703653605993053e+02
6.9760192437086168e+00	9.4192936387106627e+01
6.9800005789237218e+00	9.4045850075102109e+01
6.9840048491899536e+00	1.0587679091032921e+02
6.9880075738170087e+00	9.4585287204731330e+01
6.9920119813570381e+00	1.0579208064526777e+02
6.9960161307062894e+00	1.0344966609562461e+02
7.0000163297968045e+00	7.9480865753548755e+01
7.0040096600058739e+00	1.0317978492961007e+02
7.0080214871626740e+00	9.6217698985709006e+01
7.0120092682969171e+00	9.0291319120893874e+01
7.0160223751628941e+00	9.4522606182472657e+01
7.0200124478073009e+00	7.8515287681098485e+01
7.0240028131286198e+00	8.3080789271715076e+01
7.0280202503909370e+00	6.8184798813868142e+01
7.0320187962116396e+00	8.3124896671955895e+01
7.0360220599796630e+00	6.1348696627243783e+01
7.0400036275219167e+00	7.8279893031441418e+01
7.0440089774038857e+00	6.3058870369307328e+01
7.0480146916009447e+00	6.5193170923327870e+01
7.0520184684253318e+00	5.7431488043529590e+01
7.0560188194862041e+00	6.1463935165256579e+01
7.0600179553340059e+00	6.0503875001563827e+01
7.0640186085826215e+00	6.2515847938783551e+01
7.0680208261006570e+00	6.2460887786636889e+01
7.0720195024332471e+00	6.2369817857283195e+01
7.0760146843307936e+00	5.9874535590545491e+01
7.0800074825864021e+00	5.8281856804365589e+01
7.0840214203136185e+00	6.1340089493716533e+01
7.0880106163485497e+00	5.8100624616977285e+01
7.0920205968605838e+00	5.9867467900967192e+01
7.0960067102982629e+00	5.9916670194439199e+01
7.1000132329376147e+00	6.1265447096092622e+01
7.1040175541711514e+00	6.2421525262464982e+01
7.1080006553984685e+00	6.3407022641634782e+01
7.1120070676117910e+00	6.4648435598973421e+01
7.1160159696039216e+00	6.4386630726624560e+01
7.1200071376311609e+00	6.3911810783782883e+01
7.1240229194479410e+00	6.2642217026041003e+01
7.1280168664937777e+00	6.6089282127556217e+01
7.1320105303131944e+00	6.4828026594720981e+01
7.1360050329015454e+00	7.2310531456051081e+01
7.1400215436184302e+00	6.8519141756592177e+01
7.1440110661328067e+00	6.7217583029497419e+01
7.1480222324247569e+00	7.3291352811161204e+01
7.1520108104140308e+00	7.0444096051873643e+01
7.1560211898520327e+00	7.5196873869972748e+01
7.1600025527318607e+00	7.3909602049056915e+01
7.1640028217585954e+00	7.4130931830890262e+01
7.1680233611058473e+00	7.3467464074531165e+01
7.1720178273176538e+00	7.1042580825241586e+01
7.1760087664533385e+00	7.0403319531555539e+01
7.1800198357411373e+00	6.6790692022635639e+01
7.1840048620255477e+00	6.6342940553071770e+01
7.1880139505286058e+00	6.2086119986261394e+01
7.1920208200408764e+00	6.3537560023347432e+01
7.1960015478055883e+00	6.1703562854047270e+01
7.2000060310493215e+00	6.2892063842499304e+01
7.2040126071759314e+00	6.1276484580925015e+01
7.2080220433964080e+00	6.3818358229307400e+01
7.2120066684846078e+00	6.8622566198654397e+01
7.2160173691524871e+00	6.9841529919839800e+01
7.2200090614363601e+00	6.8254964044732617e+01
7.2240065497979176e+00	6.5116229493714542e+01
7.2280083532633741e+00	6.4422208401356599e+01
7.2320069229825528e+00	6.3761630542990872e+01
7.2360020624459045e+00	6.6755095176577214e+01
7.2400190854196245e+00	6.8733684936799264e+01
7.2440146154222775e+00	6.5036038391591944e+01
7.2480131592935484e+00	5.8161954893542948e+01
7.2520138808102654e+00	6.2151976441642006e+01
7.2560191087609018e+00	6.9513708910819858e+01
7.2600035069173652e+00	7.7065788794327290e+01
7.2640161866871393e+00	7.8050085435313065e+01
7.2680083407028784e+00	6.9784264259013867e+01
7.2720020071360310e+00	6.5308240559940899e+01
7.2760223653397862e+00	6.8458418843492382e+01
7.2800017540191950e+00	6.2992234032127143e+01
7.2840135125843046e+00	7.3026064783566696e+01
7.2880037676330325e+00	6.6905049957198031e+01
7.2920169495360598e+00	6.4550297353031979e+01
7.2960046202238145e+00	6.9918607736320169e+01
7.3000154251997111e+00	6.0002781613023032e+01
7.3040008166373243e+00	7.1153103708192901e+01
7.3080083626572243e+00	6.4305195819671155e+01
7.3120146518467104e+00	7.1305597992358216e+01
7.3160196140589688e+00	6.6081939991011794e+01
7.3200233932735728e+00	7.0448079251378758e+01
7.3240005595319762e+00	6.1952753034594465e+01
7.3280234936780451e+00	6.8273810120139657e+01
7.3320171008822452e+00	6.6522338678433442e+01
7.3360054569160651e+00	6.8983102369933064e+01
7.3400128585765634e+00	6.4402556310625457e+01
7.3440158324423601e+00	7.2699568431666165e+01
7.3480146969961595e+00	6.3830361030594929e+01
7.3520101266023845e+00	6.8540038782767127e+01
7.3560034207621454e+00	6.4902580610763522e+01
7.3600204678801511e+00	6.1639175351895247e+01
7.3640147782740559e+00	6.4436527048528148e+01
7.3680102976223374e+00	6.3452361164754826e+01
7.3720067536623874e+00	5.8903320857175977e+01
7.3760069338220431e+00	6.0606709226631153e+01
7.3800120625803460e+00	6.4601339040600152e+01
7.3840195632778132e+00	6.2889777414017573e+01
7.3880233354839007e+00	7.3396220544107919e+01
7.3920027122203980e+00	7.6219600736976389e+01
7.3960036694429281e+00	6.2112180420755749e+01
7.4000049638549585e+00	7.4188532057920426e+01
7.4040038785180151e+00	7.1870130481307143e+01
7.4080031033223772e+00	6.5234101799845675e+01
7.4120015506190580e+00	7.0695627899452106e+01
7.4160004096466441e+00	6.5315901157383166e+01
7.4200020310348140e+00	6.7430518477862009e+01
7.4240045158822365e+00	5.8663155303089816e+01
7.4280136273793511e+00	6.6122706340289014e+01
7.4320016213904445e+00	5.6956720557451774e+01
7.4360190091143066e+00	6.4261667467675110e+01
7.4400166833991017e+00	5.4983609863922226e+01
7.4440151606563481e+00	6.2857028281581755e+01
7.4480144220148841e+00	5.7738600938376543e+01
7.4520118113888145e+00	5.3296287121338032e+01
7.4560072221397613e+00	5.8632511525904626e+01
7.4600020612376259e+00	5.3699927638785368e+01
7.4640200813635307e+00	6.9078970900095669e+01
7.4680144050164996e+00	5.4519839300161159e+01
7.4720091207393997e+00	6.8910333412453767e+01
7.4760015031061391e+00	5.8262847550669363e+01
7.4800168331089720e+00	6.5580756420524366e+01
7.4840033426192978e+00	5.7559139473220917e+01
7.4880102438689429e+00	7.1173635954316964e+01
7.4920123455074110e+00	6.3215525761771978e+01
7.4960108928236222e+00	7.3021225810028653e+01
7.5000053204277055e+00	6.0577447121778953e+01
7.5040217126377078e+00	7.8001044163146176e+01
7.5080114313523723e+00	6.1781905522029746e+01
7.5120218231033089e+00	6.9600897749991077e+01
7.5160026859252529e+00	6.2129155040927500e+01
7.5200031410075177e+00	5.9682838699946849e+01
7.5240235164261930e+00	6.4636962636063288e+01
7.5280175965921092e+00	6.9408239176208738e+01
7.5320103395102347e+00	6.9328554410045797e+01
7.5360031534421479e+00	6.8606327752377638e+01
7.5400207859719286e+00	6.3579214414035029e+01
7.5440135991966244e+00	6.0185594397369663e+01
7.5480081624952913e+00	5.6089242139139984e+01
7.5520046346388225e+00	6.4240478930158545e+01
7.5560006925800725e+00	5.6973172959438564e+01
7.5600207857031760e+00	6.0358171721807246e+01
7.5640178111977168e+00	5.9564998972057779e+01
7.5680154171877776e+00	6.2152726320687435e+01
7.5720109463333669e+00	5.5855397682494576e+01
7.5760064193881052e+00	7.0373202335283821e+01
7.5800042014593947e+00	6.0277177269084170e+01
7.5840062127168997e+00	6.9744592976259042e+01
7.5880116315863253e+00	6.5025523765478169e+01
7.5920209227956130e+00	6.7403332727805022e+01
7.5960120833170448e+00	6.6087217720023006e+01
7.6000104473152188e+00	7.5669450564397735e+01
7.6040150669624067e+00	6.8577603155134767e+01
7.6080177104281228e+00	7.3352391507400100e+01
7.6120174730689625e+00	8.1706988514640713e+01
7.6160163642532375e+00	6.2944656378137971e+01
7.6200145434750119e+00	8.5775855344446043e+01
7.6240122730732756e+00	7.1445015478880364e+01
7.6280095565574886e+00	7.3418795678367246e+01
7.6320056063103694e+00	8.1147906696549342e+01
7.6360229484902318e+00	7.9674039372104005e+01
7.6400144773425192e+00	7.6507791616255759e+01
7.6440052896298685e+00	7.9184791238086220e+01
7.6480192627000783e+00	8.1501747878262350e+01
7.6520088149786893e+00	8.0346706448413073e+01
7.6560216419929015e+00	8.6782859990138448e+01
7.6600082940667438e+00	7.8387501732152828e+01
7.6640131387651858e+00	7.3347026646484792e+01
7.6680108365525843e+00	8.3332499721227762e+01
7.6720017285891302e+00	7.0171240443983962e+01
7.6760098142040984e+00	7.6438729109985914e+01
7.6800109191932773e+00	7.7406435339511887e+01
7.6840042623871652e+00	7.2848439536378137e+01
7.6880142298173206e+00	7.2607405931748588e+01
7.6920202428839417e+00	7.0967239603950972e+01
7.6960013128927045e+00	7.3202254104578429e+01
7.7000071152073364e+00	5.9091269595642089e+01
7.7040160616009228e+00	7.2494986913189720e+01
7.7080056113699644e+00	6.3496645931591416e+01
7.7120224795948138e+00	6.8412260663093676e+01
7.7160229106888316e+00	5.9743647113272644e+01
7.7200109228243479e+00	6.2325601476581895e+01
7.7240097891740565e+00	5.7745790961708607e+01
7.7280167061427409e+00	5.7863971553239324e+01
7.7320053923142584e+00	5.6070786268115008e+01
7.7360003644429671e+00	6.2537811518830502e+01
7.7400005719300422e+00	5.6095521460541718e+01
7.7440047351962535e+00	5.1042097024539814e+01
7.7480122895523031e+00	5.8659432055529102e+01
7.7520004635596482e+00	5.8725789238079955e+01
7.7560183329867698e+00	5.4343175146796050e+01
7.7600156580336392e+00	5.0408123786380479e+01
7.7640115065796156e+00	5.3414807129139611e+01
7.7680065162113534e+00	5.4322280882249707e+01
7.7720003374513666e+00	5.0472664250429418e+01
7.7760155324136893e+00	5.1748601132016638e+01
7.7800035525884486e+00	5.8698351942815528e+01
7.7840153958789058e+00	5.8849831769604059e+01
7.7880054316939020e+00	5.8963777308595205e+01
7.7920198635527678e+00	5.2726928145881125e+01
7.7960108551539520e+00	5.4131955783047211e+01
7.8000024411063968e+00	6.2312671200908639e+01
7.8040204208134414e+00	5.2463839054910018e+01
7.8080168176307509e+00	6.0885021746776410e+01
7.8120127242264576e+00	5.5494042991700063e+01
7.8160083342359741e+00	5.3223541125120093e+01
7.8200067040175334e+00	5.3240127572879970e+01
7.8240080540550352e+00	5.6865630455530827e+01
7.8280107519390452e+00	5.6853197529032393e+01
7.8320143030594709e+00	6.2445060318230638e+01
7.8360180433667077e+00	6.3664181442009543e+01
7.8400223022403406e+00	6.7539753229577428e+01
7.8440033143040813e+00	6.6578630138688283e+01
7.8480068079956009e+00	6.2628290559363833e+01
7.8520089835142031e+00	6.3560792308068990e+01
7.8560105464459422e+00	6.8388145563546018e+01
7.8600108922192558e+00	6.7846323403837317e+01
7.8640121637954268e+00	5.7221771299167656e+01
7.8680126322211610e+00	5.3704426086917422e+01
7.8720105351189318e+00	5.8535859066211174e+01
7.8760044292948876e+00	5.9413882331637765e+01
7.8800187517690512e+00	6.1858995833579428e+01
7.8840051028245863e+00	5.9153167045656161e+01
7.8880136889116423e+00	6.3948939267880704e+01
7.8920225854874264e+00	6.1066735930657913e+01
7.8960110869507227e+00	6.2289748016489774e+01
7.9000033662778772e+00	5.8404136705340221e+01
7.9040174317479366e+00	6.2989052459234060e+01
7.9080034728460804e+00	6.7720982107442765e+01
7.9120115494967003e+00	5.5890807801048837e+01
7.9160192031595678e+00	6.8835332358585163e+01
7.9200031805502169e+00	5.8161749086069392e+01
7.9240122444012693e+00	6.4788198357107973e+01
7.9280230983245188e+00	6.5444723283941755e+01
7.9320143945864343e+00	5.4241297396030340e+01
7.9360109154362561e+00	6.4200736221798977e+01
7.9400063761278936e+00	7.3448318444883597e+01
7.9440236857753534e+00	6.3316185668001317e+01
7.9480142818998827e+00	6.3454485461287511e+01
7.9520033779577810e+00	5.9941642526846863e+01
7.9560126353564646e+00	5.7626357563117139e+01
7.9600208091413620e+00	5.6063707083913428e+01
7.9640034742688410e+00	6.3234698814813157e+01
7.9680137573132219e+00	5.4081745850413569e+01
7.9720026076509516e+00	5.9484795623621274e+01
7.9760209966433715e+00	5.8310714969499543e+01
7.9800216152438885e+00	6.0035355661684505e+01
7.9840018313610592e+00	5.6496449306628897e+01
7.9880047006976129e+00	5.7111723490519672e+01
7.9920063219875965e+00	6.5589338839806700e+01
7.9960072358905201e+00	5.5572333684764743e+01
8.0000000000000000e+00	6.7246640525542375e+01
