0.0000000000000000e+00	4.5550420700783895e-01
2.0002925785090347e-01	4.8075208299354932e-01
4.0004253628145486e-01	4.8040952794519770e-01
6.0004928802304247e-01	4.6076361978341890e-01
8.0004742315270716e-01	4.6383952572530268e-01
1.0000168242614926e+00	4.7555247733002892e-01
1.2000214840081433e+00	4.5884077771417547e-01
1.4000081326510865e+00	4.6512996004249452e-01
1.6000009813269074e+00	4.5880020877394534e-01
1.8000119022077197e+00	4.8027575530165822e-01
2.0000002789787148e+00	4.8442659830905627e-01
2.2000467258590817e+00	4.5691530647389295e-01
2.4000401997545953e+00	4.6677513436971274e-01
2.6000122265957986e+00	4.6621853431752319e-01
2.8000300344094180e+00	4.7577010624461796e-01
3.0000352409869557e+00	4.4505142932076275e-01
3.2000282744317761e+00	4.4456296414157853e-01
3.4000465437872265e+00	4.4921033216431783e-01
3.6000438350223107e+00	4.5520942155049565e-01
3.8000141087229471e+00	4.6055205126923954e-01
4.0000297196630399e+00	4.5457883552744605e-01
4.2000095030996141e+00	4.5419327190334646e-01
4.4000117441730060e+00	4.4075638631615482e-01
4.6000286016187149e+00	4.1989343187442585e-01
4.8000188031595759e+00	4.2711140814462928e-01
5.0000100261416121e+00	4.4792357964710278e-01
5.2000286571194900e+00	4.5470936738057177e-01
5.4000324555485903e+00	4.3702884361847466e-01
5.6000380889349994e+00	4.3515697084072197e-01
5.8000490786652250e+00	4.3550289702661227e-01
6.0000095298616269e+00	4.3845370776487985e-01
6.2000326827542045e+00	4.3862161514032538e-01
6.4000379552051267e+00	4.4530440696327556e-01
6.6000071627896295e+00	4.4010894594255490e-01
6.8000235107336371e+00	4.4041516650089230e-01
7.0000120683374680e+00	4.4559889869156394e-01
7.2000097540689580e+00	4.4194455855033526e-01
7.4000123284518438e+00	4.3483553781184103e-01
7.6000240480331662e+00	4.2905274551300315e-01
7.8000300704505001e+00	4.3449717746502309e-01
8.0000478019005268e+00	4.4067716063961959e-01
8.2000262374073873e+00	4.3691296024960669e-01
8.4000027984694494e+00	4.3204152972639237e-01
8.6000201262284222e+00	4.2525341603915445e-01
8.8000441447388500e+00	4.1945198614916301e-01
9.0000170190471369e+00	4.3201838046539220e-01
9.2000353698458870e+00	4.2268818990862794e-01
9.4000429062423443e+00	4.4506008578758044e-01
9.6000446251870848e+00	4.4948923356803977e-01
9.8000447666555850e+00	4.3587109723152739e-01
1.0000000105815984e+01	4.4407408309577184e-01
1.0200016499057456e+01	4.3891226221122620e-01
1.0400042397477549e+01	4.2254408372024932e-01
1.0600021788916518e+01	4.2550526840085617e-01
1.0800008884216366e+01	4.2575465607679869e-01
1.1000049067441186e+01	4.4290891757450868e-01
1.1200045847708285e+01	4.3275962833696024e-01
1.1400036390112142e+01	4.2945065972630853e-01
1.1600018524350702e+01	4.2644755408199214e-01
1.1800045305042417e+01	4.2532837138041701e-01
1.2000000395898230e+01	4.3143636400320895e-01
1.2200000048715074e+01	4.3490759361391679e-01
1.2400014513804315e+01	4.2523458314721652e-01
1.2600043651468212e+01	4.0505701006309774e-01
1.2800028846842052e+01	4.2847597738392013e-01
1.3000047367531293e+01	4.1569728473149187e-01
1.3200008559073773e+01	4.2261138467554504e-01
1.3400033495777171e+01	4.2964894571266071e-01
1.3600015588408235e+01	4.1103427505160928e-01
1.3800009019308641e+01	4.2354405736908496e-01
1.4000004553558867e+01	4.2118660946086922e-01
1.4200042560853372e+01	4.2771386548649448e-01
1.4400024419138457e+01	4.3640843217077402e-01
1.4600011369855828e+01	4.4427280212466180e-01
1.4800047349156543e+01	4.3605041342939160e-01
1.5000044301062971e+01	4.2849904998740534e-01
1.5200040672299908e+01	4.3346815171696701e-01
1.5400041413403736e+01	4.3705421295895469e-01
1.5600038708756651e+01	4.3826376697997088e-01
1.5800028842532484e+01	4.3617848329319309e-01
1.6000021359054088e+01	4.2028556775313575e-01
1.6200042779825736e+01	4.1714716956933473e-01
1.6400017481647009e+01	4.1524050201479928e-01
1.6600002358865744e+01	4.2295363580587730e-01
1.6800043928738607e+01	4.1510034346428504e-01
1.7000037020216869e+01	4.0996426747599629e-01
1.7200034941850490e+01	4.0101389241790508e-01
1.7400029730827328e+01	4.1009576421963523e-01
1.7600028033066149e+01	4.2384160873166515e-01
1.7800024402607185e+01	4.1432910207993012e-01
1.8000027933779535e+01	4.1649532137503958e-01
1.8200031889351767e+01	4.2088990769534479e-01
1.8400040237668133e+01	4.2603012329687012e-01
1.8600044974793903e+01	4.3442363233487991e-01
1.8800043818935411e+01	4.3996953695146446e-01
1.9000042182209953e+01	4.4495761510925352e-01
1.9200048275709062e+01	4.4944831932691964e-01
1.9400010073323106e+01	4.5221222473413486e-01
1.9600021889437212e+01	4.5205566581684331e-01
1.9800034728403681e+01	4.4549808485558257e-01
2.0000047356511839e+01	4.2929574258171921e-01
2.0200007455023862e+01	4.1017755650474669e-01
2.0400017665900084e+01	4.0999452452111101e-01
2.0600019480804708e+01	4.1574082029117260e-01
2.0800018318264986e+01	4.1367004412002245e-01
2.1000020059121173e+01	4.0877158584504725e-01
2.1200023640182838e+01	4.3671607836404430e-01
2.1400029860024127e+01	4.5499269370202899e-01
2.1600035930900233e+01	4.4450627715226804e-01
2.1800040077333961e+01	4.0934521973756494e-01
2.2000030488989704e+01	4.0665709057506377e-01
2.2200028887005860e+01	4.3058262055660951e-01
2.2400030565086652e+01	4.2825631372060013e-01
2.2600029592225145e+01	4.0231170729460841e-01
2.2800027962265712e+01	4.1934482075061746e-01
2.3000028117492988e+01	4.3523331475500315e-01
2.3200035040572921e+01	4.2703984638262177e-01
2.3400046486575352e+01	4.1832478749649887e-01
2.3600009519652637e+01	4.1780986019583638e-01
2.3800020086758284e+01	4.3152446916501419e-01
2.4000024690182652e+01	4.3842475614504745e-01
2.4200022283927694e+01	4.2763793417317886e-01
2.4400012543100281e+01	4.3280963821454127e-01
2.4600046352858410e+01	4.3357025320661258e-01
2.4800035104420477e+01	4.3027736762882390e-01
2.5000025311457144e+01	4.2315133953130740e-01
2.5200034735814114e+01	4.1208522374494583e-01
2.5400046664160080e+01	4.3638470385080541e-01
2.5600012512461451e+01	4.2934283303638571e-01
2.5800027886897613e+01	4.4280640441788377e-01
2.6000040715663722e+01	4.4710717559792623e-01
2.6200049171932125e+01	4.4257938150876275e-01
2.6400007601564042e+01	4.2944758371007835e-01
2.6600002837587365e+01	4.1102641449898403e-01
2.6800032847101750e+01	4.0383092594787579e-01
2.7000017565439226e+01	4.1163774928163388e-01
2.7200002747547117e+01	4.1583400048167152e-01
2.7400037434664974e+01	4.2788720921999224e-01
2.7600028112440494e+01	4.3490762202604577e-01
2.7800018913865181e+01	4.3151754557926947e-01
2.8000018131847245e+01	4.2649685885898064e-01
2.8200029555936986e+01	4.2212892251972628e-01
2.8400039945353914e+01	4.1931833691681097e-01
2.8600000122758978e+01	4.2318147403755391e-01
2.8800012819078102e+01	4.1627370753084436e-01
2.9000024148227759e+01	4.0502771437588270e-01
2.9200029889711921e+01	4.0133213381308575e-01
2.9400036855394003e+01	4.1106295973133489e-01
2.9600045412712063e+01	4.1638346443462093e-01
2.9800005332737189e+01	4.2400805793534568e-01
3.0000007726871178e+01	4.1603255853002785e-01
3.0200005229658444e+01	4.1708734381027002e-01
3.0400001200892479e+01	4.1214551469067184e-01
3.0600000447806732e+01	4.1785435664260551e-01
3.0800004315607818e+01	4.2124628527119373e-01
3.1000018245668667e+01	4.2390306904322639e-01
3.1200034172142235e+01	4.3580790781661766e-01
3.1400048948872470e+01	4.4191851332778609e-01
3.1600011517550470e+01	4.3610586050597161e-01
3.1800025618514049e+01	4.4569593691179282e-01
3.2000039469517482e+01	4.4754841624597969e-01
3.2200005940953289e+01	4.2855262199778738e-01
3.2400025443592064e+01	4.1379703828032954e-01
3.2600043968431621e+01	4.3930059857430565e-01
3.2800013060625069e+01	4.1992568923390078e-01
3.3000030800369785e+01	4.2737526311927437e-01
3.3200047393578416e+01	4.2537661207639582e-01
3.3400011744200341e+01	4.0654081624481953e-01
3.3600011917917520e+01	4.0401041407776767e-01
3.3800006585997970e+01	4.1631361540169898e-01
3.4000044740031115e+01	4.2597732861576881e-01
3.4200030453026692e+01	4.2373582536866283e-01
3.4400010994728127e+01	4.2655219651225584e-01
3.4600034169756825e+01	4.1862843333177557e-01
3.4800046055441868e+01	4.3102774314056735e-01
3.5000004280174934e+01	4.2920663214282018e-01
3.5200039853109061e+01	4.0916339156492215e-01
3.5400037991127149e+01	4.2412861598667800e-01
3.5600040565163809e+01	4.3120484583360918e-01
3.5800037444049018e+01	4.1338558036361339e-01
3.6000035786956360e+01	4.3564831210933719e-01
3.6200036057165072e+01	4.3646703548369775e-01
3.6400028697553203e+01	4.1233954042292148e-01
3.6600022256182825e+01	4.3349971885573529e-01
3.6800017810695152e+01	4.1925039357611993e-01
3.7000020116191472e+01	4.1706571165675810e-01
3.7200015398656149e+01	4.2168088586581259e-01
3.7400009059340491e+01	4.1269117700088614e-01
3.7600002670163818e+01	4.0583354773840408e-01
3.7800003160315249e+01	4.0706322695458302e-01
3.8000004508983501e+01	4.1089970145760046e-01
3.8200009285004242e+01	4.0911212415707693e-01
3.8400009571971268e+01	4.1661420630224733e-01
3.8600045529791934e+01	4.2332217840718200e-01
3.8800008374786650e+01	4.2342412152580677e-01
3.9000027923196150e+01	4.1135872753403058e-01
3.9200045521144006e+01	4.1548996692981621e-01
3.9400024206061268e+01	4.1776718621755438e-01
3.9600019827374226e+01	4.2760296836015271e-01
3.9800020459324614e+01	4.3418276757273166e-01
4.0000015655759228e+01	4.3426922852209532e-01
4.0200016233935784e+01	4.2833773338340692e-01
4.0400028499234367e+01	4.2995191547106948e-01
4.0600040374445250e+01	4.2691096510681104e-01
4.0800003511410296e+01	4.2167986396221180e-01
4.1000019230387544e+01	4.2021466060848850e-01
4.1200022514264070e+01	4.1520666597529554e-01
4.1400022335286394e+01	4.3362758660291090e-01
4.1600029222822876e+01	4.4537745341718371e-01
4.1800042083778436e+01	4.4407160309706945e-01
4.2000011270534351e+01	4.3627671668396784e-01
4.2200029086364808e+01	4.2725664789927065e-01
4.2400045014990681e+01	4.2731277299352993e-01
4.2600015112061286e+01	4.2333577023919794e-01
4.2800034289743117e+01	4.1358938557910946e-01
4.3000002526429363e+01	4.2317748758011270e-01
4.3200014187500990e+01	4.2530961424559932e-01
4.3400022297972377e+01	4.3618147874090285e-01
4.3600029885332852e+01	4.3104274759105743e-01
4.3800039431300775e+01	4.1146439530773765e-01
4.4000049437307680e+01	4.2166131566267817e-01
4.4200008732602875e+01	4.3565901982843919e-01
4.4400016286155520e+01	4.4143303823710162e-01
4.4600010550610463e+01	4.3159397668126509e-01
4.4800044756244581e+01	4.3683725928557354e-01
4.5000015053217524e+01	4.2836405915285497e-01
4.5200022061342935e+01	4.3364318036064309e-01
4.5400009556194114e+01	4.2713852174216477e-01
4.5600006757969993e+01	4.2132397155519408e-01
4.5800008929067417e+01	4.3104934112570142e-01
4.6000017882033966e+01	4.2326072977619167e-01
4.6200031117070544e+01	4.1481760070309404e-01
4.6400045618352770e+01	4.4325983453372125e-01
4.6600010516982799e+01	4.2771517644386953e-01
4.6800025223940949e+01	4.3517123774361366e-01
4.7000041556803325e+01	4.4071915403414480e-01
4.7200003760198655e+01	4.5151716579924644e-01
4.7400015325700373e+01	4.2043671786483222e-01
4.7600027322553302e+01	4.0650600487745553e-01
4.7800036198453540e+01	4.3399027664436868e-01
4.8000042641705868e+01	4.3923439943511583e-01
4.8200046740922673e+01	4.2363970637751969e-01
4.8400045878890602e+01	4.0224921816229414e-01
4.8600002928673106e+01	4.3952127058210511e-01
4.8800016179605556e+01	4.4573091822249661e-01
4.9000030483787739e+01	4.2637404650621896e-01
4.9200047454850264e+01	4.1910850089407220e-01
4.9400016252287863e+01	4.2358638577461638e-01
4.9600026717956773e+01	4.4310311274220315e-01
4.9800029139519189e+01	4.3216281285828478e-01
5.0000034497706615e+01	4.3049460582675042e-01
5.0200043444932206e+01	4.2641170204531170e-01
5.0400009156864925e+01	4.2157492083831105e-01
5.0600029646605279e+01	4.2757333721086782e-01
5.0800000018679825e+01	4.2270527021662979e-01
5.1000011190008202e+01	4.0773826625962500e-01
5.1200018423842614e+01	4.2881702757868612e-01
5.1400040004249348e+01	4.3552833219697690e-01
5.1600008016567976e+01	4.2613543414638239e-01
5.1800021234222442e+01	4.1239567030513313e-01
5.2000037997321940e+01	4.1931844075958602e-01
5.2200004269546319e+01	4.2638158818589966e-01
5.2400020579947331e+01	4.4577408513213712e-01
5.2600037596142897e+01	4.4192222909662821e-01
5.2800003494430328e+01	4.1335201022699836e-01
5.3000022390531825e+01	4.1005328247440925e-01
5.3200038146628877e+01	4.3081600868383307e-01
5.3400002777478178e+01	4.5329703163117641e-01
5.3600016022448393e+01	4.5390115615289428e-01
5.3800029104650648e+01	4.2635245780283354e-01
5.4000027844739087e+01	4.0098683582955685e-01
5.4200014195024131e+01	4.3184340700460833e-01
5.4400041308484560e+01	4.6110681514329094e-01
5.4600033559326306e+01	4.6441119817157922e-01
5.4800042653446333e+01	4.3375247907455439e-01
5.5000000666912719e+01	4.2543194009912461e-01
5.5200008940406292e+01	4.4865744890063014e-01
5.5400012978564042e+01	4.6653463584060878e-01
5.5600014758195343e+01	4.3913256465424233e-01
5.5800011846926068e+01	4.1870107402829959e-01
5.6000049551222290e+01	4.4767648891879014e-01
5.6200047672909051e+01	4.3270119894152825e-01
5.6400009729216961e+01	4.1349848900883129e-01
5.6600021097164586e+01	4.4353774953214103e-01
5.6800035263571807e+01	4.2124949045535393e-01
5.7000000802221933e+01	4.4706840096692207e-01
5.7200013402127240e+01	4.2177597215294549e-01
5.7400025560550240e+01	4.4988006059181584e-01
5.7600036186959571e+01	4.1346434381269603e-01
5.7800046886699583e+01	4.5080510167804494e-01
5.8000007309173540e+01	4.0238254993777078e-01
5.8200023766410652e+01	4.4492187545265593e-01
5.8400043312047821e+01	4.1909957747237880e-01
5.8600014074198356e+01	4.3219935404144405e-01
5.8800026189931536e+01	4.1290563375192418e-01
5.9000034192838953e+01	4.2436608148640476e-01
5.9200045122654281e+01	4.2556284217888007e-01
5.9400047281834929e+01	4.1172600070993670e-01
5.9600003816253761e+01	4.0773506295200529e-01
5.9800008338211256e+01	4.1916900013433800e-01
6.0000007281471902e+01	4.1602912251200691e-01
6.0200001516939807e+01	4.1179041619756684e-01
6.0400008960651626e+01	4.1538979878646221e-01
6.0600020639256911e+01	4.1458828749810278e-01
6.0800029040270864e+01	4.0857068505059657e-01
6.1000026515812003e+01	4.1263231399230810e-01
6.1200011885579649e+01	4.1391911834513295e-01
6.1400049381310517e+01	4.0567671516329989e-01
6.1600043919508273e+01	4.0082590000623830e-01
6.1800040369523941e+01	4.0621998616122090e-01
6.2000039188556016e+01	4.1309723004387672e-01
6.2200045741184844e+01	4.1773237756936221e-01
6.2400012393227080e+01	4.2504448213224427e-01
6.2600029174004035e+01	4.2584286062542553e-01
6.2800046094422818e+01	4.1493173917624876e-01
6.3000012398518550e+01	4.1406542037585364e-01
6.3200022734845533e+01	4.0619557932561984e-01
6.3400028946710172e+01	4.0020777198308488e-01
6.3600040523982102e+01	4.0426715791510254e-01
6.3800001571583820e+01	4.2004468072387829e-01
6.4000008262600247e+01	4.0746851389275185e-01
6.4200011685086068e+01	4.0776951698037184e-01
6.4400016149636002e+01	4.0876498887771257e-01
6.4600028288139413e+01	4.0885885358864404e-01
6.4800034918806901e+01	4.0420339883735812e-01
6.5000038195993156e+01	4.1155612463382735e-01
6.5200047031944180e+01	4.1516969269410725e-01
6.5400009196422488e+01	4.1700895950079891e-01
6.5600023639160455e+01	4.0608911355984784e-01
6.5800035897343037e+01	4.1054215452926784e-01
6.6000042216663346e+01	4.3660108770554068e-01
6.6200007063206215e+01	4.3038675683222249e-01
6.6400024050418693e+01	3.9952085612936850e-01
6.6600041242238021e+01	4.1817342824595538e-01
6.6800009281487974e+01	4.2236206529442383e-01
6.7000030016812488e+01	4.2357467303894886e-01
6.7200002885606764e+01	4.1115301246650948e-01
6.7400022648761848e+01	4.0321772789207916e-01
6.7600034502356522e+01	3.9489181741746621e-01
6.7800044113615229e+01	4.0928596416234020e-01
6.8000002304224893e+01	4.2429095603932560e-01
6.8200013593769626e+01	4.1648325279729465e-01
6.8400031974603920e+01	4.2413962989232828e-01
6.8600002420456619e+01	4.3195660277550901e-01
6.8800023168488593e+01	4.3428401865230315e-01
6.9000042173090151e+01	4.3958994192075168e-01
6.9200006681107581e+01	4.2351707839970720e-01
6.9400017048544498e+01	4.2781425279789248e-01
6.9600025821415883e+01	4.3382567206630496e-01
6.9800038263847028e+01	4.5445992236636407e-01
7.0000006530818865e+01	4.5232753596301295e-01
7.0200021669913454e+01	4.3248412061771602e-01
7.0400039320050809e+01	4.2355843407881660e-01
7.0600009649893906e+01	4.3731897869311454e-01
7.0800027450499329e+01	4.5363298511379740e-01
7.1000037412445749e+01	4.4880343525736310e-01
7.1200038596294519e+01	4.3026905104581442e-01
7.1400032547981411e+01	4.1911370903919154e-01
7.1600029140403308e+01	4.2871902180687560e-01
7.1800017837252000e+01	4.1319379729601174e-01
7.2000049226767842e+01	4.1951551910152551e-01
7.2200027546733466e+01	4.2012842608145734e-01
7.2400018247645235e+01	4.2995001720381731e-01
7.2600014365008491e+01	4.4127795219075200e-01
7.2800007359628296e+01	4.2322115158856655e-01
7.3000046038552583e+01	4.1463547090092501e-01
7.3200023566711323e+01	4.1292746458194618e-01
7.3400008274179939e+01	4.2815850986131015e-01
7.3600009294016445e+01	4.3669543897967672e-01
7.3800001975125213e+01	4.1986602635505921e-01
7.4000029551432092e+01	4.1235202906165708e-01
7.4200000213791014e+01	4.1513692830448651e-01
7.4400038813266463e+01	4.1392783053583232e-01
7.4600038777471568e+01	4.1880973923671494e-01
7.4800038494979418e+01	4.1918120352037808e-01
7.5000038990680679e+01	4.1715476790778405e-01
7.5200035775519055e+01	4.1339549108608747e-01
7.5400028783697067e+01	4.2987955518234883e-01
7.5600030931406494e+01	4.4086729079313070e-01
7.5800046356661696e+01	4.4037964689314152e-01
7.6000011104293179e+01	4.2646038179540713e-01
7.6200026103612458e+01	4.2027507623987498e-01
7.6400044222460579e+01	4.3679832556427312e-01
7.6600013401952367e+01	4.3795361893222057e-01
7.6800027806406106e+01	4.2824955385722191e-01
7.7000037858633561e+01	4.4397706602512105e-01
7.7200043641248968e+01	4.5033716927045758e-01
7.7400007389972600e+01	4.4225713359431468e-01
7.7600018462544071e+01	4.2111190959050432e-01
7.7800023555098264e+01	3.9361158483761344e-01
7.8000029578879889e+01	3.9818611667394566e-01
7.8200039612099872e+01	4.1225559334602041e-01
7.8400004768398404e+01	4.2588151645208067e-01
7.8600020190052390e+01	4.3291138175440241e-01
7.8800033970950707e+01	4.2646038197979785e-01
7.9000044898632581e+01	4.0829510199832353e-01
7.9200007562920590e+01	4.0324650536788886e-01
7.9400025685108844e+01	4.1599676539773223e-01
7.9600047662659279e+01	4.2308740196659106e-01
7.9800017914857960e+01	4.1763310094813644e-01
8.0000029366121169e+01	4.0250320256648647e-01
8.0200041241504778e+01	3.9479177045729585e-01
8.0400006308178476e+01	3.9563805087535719e-01
8.0600017550133941e+01	4.0512300925342326e-01
8.0800028785005978e+01	4.1427266541021046e-01
8.1000043692372060e+01	4.1377921893385922e-01
8.1200005749934547e+01	4.0562720407387048e-01
8.1400049485231207e+01	3.9708411877289218e-01
8.1600049596399003e+01	4.0262383892601000e-01
8.1800004456573006e+01	4.0433933468930072e-01
8.2000005135688909e+01	4.0206564577539844e-01
8.2200009976652751e+01	4.0096053384445890e-01
8.2400014184009834e+01	4.0917945073176115e-01
8.2600022005771180e+01	4.1336474829331521e-01
8.2800026302245300e+01	4.1395279653226291e-01
8.3000024865675996e+01	4.1087661375702234e-01
8.3200027380129328e+01	4.1405619440746255e-01
8.3400023670432759e+01	4.2034829857271472e-01
8.3600017676606555e+01	4.1603818763076145e-01
8.3800015333478925e+01	4.1095964637953564e-01
8.4000020704921980e+01	4.1693256672605788e-01
8.4200022851469797e+01	4.1259538337003571e-01
8.4400033381830269e+01	4.1948440286390820e-01
8.4600047478463324e+01	4.3190186600148633e-01
8.4800006513015816e+01	4.3316831873784173e-01
8.5000016317977412e+01	4.2372382053479357e-01
8.5200030374676388e+01	4.2117481006603608e-01
8.5400041458897647e+01	4.1747589825011339e-01
8.5600046309687997e+01	4.1060684997184932e-01
8.5800005876937732e+01	4.2270982906851884e-01
8.6000023298016828e+01	4.3323669243541868e-01
8.6200041639101684e+01	4.3796911359846358e-01
8.6400000737101678e+01	4.3371246404678671e-01
8.6600001522318365e+01	4.2250463435947000e-01
8.6800014878719011e+01	4.0504787762599509e-01
8.7000024790311329e+01	4.0410259310798191e-01
8.7200028736513062e+01	4.1099577881044608e-01
8.7400026964511170e+01	4.2251367517513222e-01
8.7600021656083072e+01	4.3009114219293837e-01
8.7800013446906775e+01	4.3318279962584022e-01
8.8000006449347097e+01	4.3136796048629872e-01
8.8200006396649798e+01	4.2192369632355464e-01
8.8400001065594864e+01	4.0917029190797288e-01
8.8600049621127710e+01	4.0977679268163203e-01
8.8800002940080631e+01	4.0985733059920965e-01
8.9000008191301831e+01	4.2293812068125491e-01
8.9200016129289594e+01	4.3180417682390237e-01
8.9400028405442001e+01	4.3785709569007453e-01
8.9600042395159207e+01	4.4199938938106437e-01
8.9800006806563886e+01	4.4409205889120046e-01
9.0000021992438647e+01	4.4396720588549610e-01
9.0200034499851043e+01	4.3929462334321712e-01
9.0400045592659993e+01	4.2957458016073991e-01
9.0600008083195362e+01	4.2300880921691247e-01
9.0800021011409314e+01	4.1594584489475506e-01
9.1000035142100032e+01	4.3030388839714417e-01
9.1200034903260999e+01	4.4032526609613021e-01
9.1400044142996606e+01	4.4558841477013350e-01
9.1600008433102417e+01	4.4801316404885233e-01
9.1800024301968122e+01	4.4876556986626598e-01
9.2000040745905906e+01	4.4814919281698706e-01
9.2200002018436763e+01	4.5250978247987039e-01
9.2400014869782524e+01	4.5419417005194052e-01
9.2600032516172575e+01	4.4112240536301600e-01
9.2800002674058177e+01	4.3060458142338598e-01
9.3000016753026486e+01	4.2126956156538331e-01
9.3200033425704220e+01	4.3562057763975942e-01
9.3400005593687993e+01	4.3614350416177838e-01
9.3600021740220996e+01	4.1768452848667087e-01
9.3800027744796481e+01	4.0414195001256803e-01
9.4000031899682241e+01	4.1144256128392065e-01
9.4200037059292072e+01	4.3617614859930459e-01
9.4400046152071411e+01	4.3821633947064570e-01
9.4600014488760053e+01	4.2883974753792542e-01
9.4800037261792554e+01	4.2843780273013576e-01
9.5000009895929708e+01	4.2944534852888316e-01
9.5200031285645935e+01	4.3145853953077962e-01
9.5400000958827306e+01	4.3260322430415832e-01
9.5600019714126503e+01	4.3306893119423234e-01
9.5800036852252319e+01	4.3250004305860351e-01
9.6000001316447367e+01	4.3104429689766044e-01
9.6200014619355784e+01	4.2847697526766526e-01
9.6400031702226201e+01	4.2456459638370719e-01
9.6600044391064884e+01	4.1905869356761088e-01
9.6800049354230225e+01	4.1824887939719585e-01
9.7000004279686792e+01	4.1830754690106980e-01
9.7200014806666331e+01	4.0980910485586697e-01
9.7400020326818151e+01	4.1705869003368584e-01
9.7600022312830504e+01	4.3501239495425831e-01
9.7800028930558895e+01	4.3508321535476729e-01
9.8000042432243092e+01	4.1387361672923129e-01
9.8200004682180179e+01	4.0308389358188590e-01
9.8400020806218023e+01	4.2498415100399339e-01
9.8600038031358736e+01	4.3641616189941546e-01
9.8800001955478976e+01	4.3947243735313973e-01
9.9000012684326350e+01	4.2878179791946180e-01
9.9200016488727272e+01	4.1805491281747093e-01
9.9400014157994690e+01	4.1019646394112252e-01
9.9600049096881349e+01	4.2625354611659055e-01
9.9800029335971246e+01	4.3634095093388181e-01
1.0000000900033710e+02	4.3104703322399124e-01
1.0020003975472292e+02	4.0689143962305174e-01
1.0040001907648634e+02	4.0164938322431226e-01
1.0060000227529403e+02	4.2645646793355524e-01
1.0080003582780202e+02	4.3812277628148538e-01
1.0100002205815726e+02	4.2778890330014335e-01
1.0120002260494073e+02	4.0656782385233725e-01
1.0140002815046951e+02	4.1961739391515052e-01
1.0160003380523935e+02	4.3291278375800207e-01
1.0180004266199136e+02	4.1253493082875242e-01
1.0200000312824164e+02	4.2048521213087908e-01
1.0220001376784295e+02	4.2238826964194293e-01
1.0240002318114686e+02	4.1314726892701953e-01
1.0260003528480343e+02	4.0745631823784356e-01
1.0280004617924719e+02	4.0410421243894218e-01
1.0300000713802513e+02	4.0451006189260180e-01
1.0320001218836711e+02	4.0628340061253704e-01
1.0340001544992451e+02	3.9808753984535589e-01
1.0360002342221297e+02	4.0318989738236694e-01
1.0380003333082999e+02	3.9875881925663581e-01
1.0400004484956597e+02	3.9087402295655915e-01
1.0420000515080480e+02	4.0245433963323135e-01
1.0440000749254696e+02	4.0914674184395028e-01
1.0460004860658643e+02	4.0947334031090965e-01
1.0480004220398858e+02	4.1076984596506577e-01
1.0500000042132703e+02	4.2449358163026168e-01
1.0520000991003248e+02	4.2826374929581401e-01
1.0540001735251940e+02	4.2010613897769433e-01
1.0560003176663031e+02	4.1610583104375870e-01
1.0580004738046247e+02	4.2288790544042326e-01
1.0600001234357539e+02	4.1643661622347405e-01
1.0620001791937891e+02	4.1324086406635574e-01
1.0640001360215457e+02	4.1569655337401568e-01
1.0660000173431466e+02	3.9392225184273338e-01
1.0680003084884753e+02	4.0769739551829676e-01
1.0700004517511030e+02	4.1303322265175579e-01
1.0720002396821000e+02	4.1260739490019283e-01
1.0740002913627188e+02	4.0255549213975850e-01
1.0760004231288873e+02	3.8915114200759104e-01
1.0780000329928382e+02	3.9781120651057078e-01
1.0800001300360907e+02	4.0866517121241908e-01
1.0820002654813024e+02	4.0528974642958959e-01
1.0840004197977396e+02	4.1385744421720405e-01
1.0860000306180962e+02	4.1419252447633614e-01
1.0880000887602642e+02	4.0432698491060121e-01
1.0900000560157604e+02	4.1320636296597296e-01
1.0920000433394470e+02	4.2566547430494572e-01
1.0940000533882244e+02	4.2131617524800974e-01
1.0960000359661295e+02	3.9908142918235062e-01
1.0980000922229637e+02	4.0660351195549577e-01
1.1000000920813567e+02	4.1195831334232275e-01
1.1020000711101845e+02	4.2699943393473389e-01
1.1040000993758923e+02	4.3589033990218246e-01
1.1060001313586697e+02	4.2427137942365339e-01
1.1080002012858183e+02	4.2363927040851551e-01
1.1100002876313029e+02	4.0767538113784457e-01
1.1120003395870729e+02	4.4344601239256531e-01
1.1140003702974695e+02	4.0853767020859622e-01
1.1160003297008872e+02	4.4094623553670731e-01
1.1180004404417814e+02	4.3667607744513265e-01
1.1200001285659776e+02	4.2537522235739650e-01
1.1220003119289215e+02	4.2908872229802569e-01
1.1240004534546185e+02	4.3098526738269088e-01
1.1260001041401721e+02	4.3165013295042404e-01
1.1280002097689082e+02	4.3556052882852725e-01
1.1300002546075591e+02	4.5656411850298717e-01
1.1320004049904684e+02	4.4224586909147834e-01
1.1340000482559088e+02	4.0942228788836438e-01
1.1360001501855075e+02	4.1990969111307536e-01
1.1380000783903282e+02	4.1832598732953724e-01
1.1400003323686938e+02	4.2409079294566970e-01
1.1420002297348843e+02	4.1724245801079218e-01
1.1440002042881693e+02	4.1394701842991027e-01
1.1460001923229792e+02	4.1086290270892917e-01
1.1480001938430775e+02	4.2612831306565901e-01
1.1500001656731136e+02	4.2338137581845314e-01
1.1520001930332236e+02	4.0872362914840843e-01
1.1540002613369862e+02	4.2677665876010390e-01
1.1560003945438228e+02	4.3766486235354529e-01
1.1580000443102878e+02	4.3253717985365142e-01
1.1600001744311987e+02	4.1058729352266377e-01
1.1620002824340931e+02	4.2578582658820230e-01
1.1640003980593517e+02	4.2954034879152436e-01
1.1660004501929971e+02	4.1243612487681536e-01
1.1680004151275735e+02	4.0797017354795789e-01
1.1700003856957332e+02	4.1591572293223555e-01
1.1720003423383548e+02	3.9977780867614943e-01
1.1740002477154175e+02	4.0403153559697957e-01
1.1760001953370620e+02	4.0638539478556085e-01
1.1780001342809717e+02	4.1770975986249892e-01
1.1800000003370975e+02	4.0077717401032814e-01
1.1820003191571267e+02	3.9962651493997120e-01
1.1840003589493180e+02	4.0595835146868992e-01
1.1860003758872031e+02	4.1259353767652507e-01
1.1880004405017915e+02	4.0984083797572007e-01
1.1900004085660215e+02	4.2372395208792007e-01
1.1920003462605926e+02	4.2735029271353392e-01
1.1940002915150767e+02	4.1555770897434702e-01
1.1960000855804243e+02	4.2087289719610604e-01
1.1980002498232066e+02	4.1541205386372199e-01
1.2000004106979604e+02	4.3703623950714104e-01
1.2020001767356933e+02	4.4185282122129099e-01
1.2040000487175830e+02	4.1823570239863961e-01
1.2060000884887418e+02	4.1491401447516202e-01
1.2080001482764524e+02	4.0067291232775004e-01
1.2100002723187568e+02	4.2303073630902843e-01
1.2120004250662960e+02	4.4878948024868875e-01
1.2140004234945231e+02	4.4693236035867906e-01
1.2160004145827422e+02	4.1982130664346257e-01
1.2180003384837835e+02	4.0704677430384062e-01
1.2200003468458664e+02	4.0752023589735259e-01
1.2220004256916911e+02	4.2680264715107008e-01
1.2240000759952738e+02	4.4347371473595809e-01
1.2260001772227859e+02	4.3530853924480423e-01
1.2280002294216874e+02	4.2133464682568994e-01
1.2300002832946987e+02	4.1722623114771773e-01
1.2320003729084789e+02	4.1362797580642630e-01
1.2340004743168542e+02	4.1678070556611685e-01
1.2360000299541069e+02	4.1489247611526447e-01
1.2380000909315369e+02	4.1286951978636510e-01
1.2400001486442439e+02	4.1436162124725057e-01
1.2420001849540026e+02	4.1847988125292251e-01
1.2440002392847120e+02	4.2252900774664298e-01
1.2460002783694851e+02	4.1816619001691308e-01
1.2480002980021233e+02	4.2990593398691951e-01
1.2500003298885404e+02	4.3239730117919095e-01
1.2520004388193541e+02	4.3460670133743856e-01
1.2540000495614915e+02	4.2847800198373748e-01
1.2560001092837145e+02	4.1799299204254281e-01
1.2580001295893703e+02	4.1456549354669275e-01
1.2600000806552261e+02	4.2120131603378153e-01
1.2620004782405894e+02	4.5146045630456832e-01
1.2640003077004822e+02	4.6565120901685803e-01
1.2660002077139026e+02	4.6347006368960036e-01
1.2680001651855109e+02	4.4593153507493383e-01
1.2700001217080786e+02	4.1625200230727483e-01
1.2720000813921322e+02	4.1273916165021596e-01
1.2740001068700236e+02	4.2923991314807503e-01
1.2760001985966478e+02	4.6187354404434294e-01
1.2780003557686294e+02	4.8027071875468808e-01
1.2800000023130613e+02	4.8309126102362593e-01
1.2820001303785369e+02	4.7348438198114168e-01
1.2840002072193084e+02	4.5227220438154569e-01
1.2860002467756959e+02	4.4768256494116865e-01
1.2880001919985278e+02	4.4203264694252825e-01
1.2900000523576247e+02	4.3926857293720073e-01
1.2920004100411558e+02	4.6632337761349596e-01
1.2940004397479069e+02	4.7870776347029032e-01
1.2960000380775583e+02	4.7860636493123354e-01
1.2980001572214897e+02	4.6660526276943398e-01
1.3000003058157498e+02	4.4794440093965343e-01
1.3020004342811950e+02	4.3743372918187984e-01
1.3040000188839466e+02	4.2462709839197854e-01
1.3060000048155459e+02	4.3702858910757980e-01
1.3080004160067682e+02	4.3567322442653872e-01
1.3100003944186051e+02	4.4819173064409884e-01
1.3120000061366792e+02	4.5209837015705384e-01
1.3140001473763616e+02	4.4803819678221274e-01
1.3160002771572027e+02	4.3700107685398720e-01
1.3180004251757782e+02	4.1905228518474730e-01
1.3200000809352676e+02	4.1461971231868616e-01
1.3220002712341471e+02	4.1563983692149581e-01
1.3240004353303473e+02	4.2140505650563398e-01
1.3260000354099657e+02	4.1375465497705161e-01
1.3280001160365930e+02	4.2417099966737465e-01
1.3300001851779712e+02	4.2701359715467929e-01
1.3320002551539946e+02	4.3195902138188480e-01
1.3340003577326456e+02	4.2904266300992744e-01
1.3360003531852524e+02	4.6688421745051745e-01
1.3380002506953915e+02	4.8471693906271673e-01
1.3400001337561611e+02	4.7653184900567630e-01
1.3420000820196580e+02	4.4390653145580039e-01
1.3440001972286717e+02	4.4829887814579994e-01
1.3460003406471751e+02	4.6290041866783938e-01
1.3480004756538912e+02	4.4837803099796186e-01
1.3500001395225934e+02	4.2084309418622246e-01
1.3520003393907581e+02	4.1329414875205095e-01
1.3540000428989026e+02	4.5593440158411203e-01
1.3560002340600701e+02	4.7084668652993450e-01
1.3580004108344204e+02	4.4362191191746264e-01
1.3600003714038547e+02	4.6124717892330586e-01
1.3620001103401640e+02	4.7031411695104175e-01
1.3640002613240915e+02	4.3579771658245070e-01
1.3660003627645898e+02	4.3352114127746266e-01
1.3680004313210122e+02	4.3731059482874729e-01
1.3700000848539145e+02	4.5258714711987291e-01
1.3720003864436848e+02	4.7274825415547428e-01
1.3740003200102632e+02	4.4838661491554010e-01
1.3760002763754187e+02	4.3972633256342586e-01
1.3780001754687120e+02	4.5568042797433350e-01
1.3800004680554574e+02	4.3207859199644660e-01
1.3820002974837178e+02	4.1977322674162010e-01
1.3840001371731893e+02	4.1022631918792579e-01
1.3860004202057232e+02	4.4274023750738367e-01
1.3880001638411352e+02	4.6365951016417173e-01
1.3900000491193083e+02	4.3729083964091353e-01
1.3920000420238404e+02	4.6161964591216664e-01
1.3940000484905084e+02	4.7421791596464169e-01
1.3960000983868622e+02	4.2719919843713500e-01
1.3980000949401114e+02	4.1195876442089790e-01
1.4000000654012715e+02	4.4007468609507394e-01
1.4020000185462041e+02	4.3121768587114079e-01
1.4040000140294251e+02	4.2528314737588502e-01
1.4060000783931326e+02	4.0943422179163780e-01
1.4080001847064989e+02	4.3247513601667809e-01
1.4100003097275149e+02	4.3795948884901670e-01
1.4120003955623389e+02	4.3515753069373625e-01
1.4140000640350851e+02	4.5391928280877097e-01
1.4160002247787244e+02	4.4958388261348570e-01
1.4180003624930225e+02	4.1599450347435607e-01
1.4200004640331284e+02	4.4404258439609462e-01
1.4220004793702074e+02	4.5448813070779964e-01
1.4240003629640211e+02	4.1959804425107228e-01
1.4260001250952359e+02	4.4148107026962913e-01
1.4280003106460973e+02	4.4328977761405947e-01
1.4300003869220873e+02	4.3022759849732550e-01
1.4320003063635349e+02	4.3381804250400141e-01
1.4340003701993413e+02	4.4163468592299238e-01
1.4360000124519036e+02	3.9528545731437481e-01
1.4380003660225535e+02	4.1223436324920487e-01
1.4400003178226319e+02	4.4509000695113687e-01
1.4420002769030094e+02	4.3283473918438664e-01
1.4440002795557604e+02	4.1250729582501949e-01
1.4460003004219126e+02	4.1312926987570897e-01
1.4480001787971892e+02	4.4220749098650664e-01
1.4500000128109801e+02	4.3922280585938550e-01
1.4520003921667927e+02	4.1746459329458341e-01
1.4540003464272877e+02	4.1658830177846989e-01
1.4560003149990803e+02	4.3116814766195327e-01
1.4580002239482681e+02	4.1918015752160914e-01
1.4600001736464603e+02	4.1182741755357244e-01
1.4620001878015637e+02	4.1499086197478779e-01
1.4640002134995134e+02	4.3907067227091279e-01
1.4660002378615209e+02	4.3880661819096872e-01
1.4680002947470521e+02	4.2876895208861482e-01
1.4700004073103810e+02	4.0947293956910891e-01
1.4720000254347946e+02	4.2733262081753071e-01
1.4740001717701443e+02	4.3384387304481303e-01
1.4760003118609336e+02	4.2785980224657910e-01
1.4780004575788303e+02	4.1251889493995469e-01
1.4800001074867680e+02	4.2241692193472014e-01
1.4820002335364012e+02	4.1089669704816800e-01
1.4840003505716066e+02	4.0671893198640058e-01
1.4860004446279379e+02	4.2596095587133198e-01
1.4880000692226864e+02	4.2532840704204977e-01
1.4900002006754895e+02	4.2236348294984949e-01
1.4920002903617109e+02	4.0387392170488740e-01
1.4940003799031456e+02	4.1907909048459174e-01
1.4960004527495772e+02	4.3636327626904609e-01
1.4980000203037631e+02	4.3409637168116755e-01
1.5000000234953239e+02	4.1939096564766137e-01
1.5020004917439203e+02	4.0875024104464852e-01
1.5040004437130816e+02	4.1836075945827400e-01
1.5060003556556970e+02	4.1668545915803490e-01
1.5080002259102761e+02	4.1092221062766660e-01
1.5100001668576766e+02	4.2662531609758619e-01
1.5120001821366807e+02	4.2808128230628550e-01
1.5140002393276464e+02	4.1628844270972826e-01
1.5160003241068026e+02	4.3590656991253512e-01
1.5180003902037842e+02	4.5185708108892203e-01
1.5200004513526906e+02	4.5365199007633733e-01
1.5220000555803389e+02	4.5989665695456300e-01
1.5240002452593149e+02	4.5370189498627511e-01
1.5260003498322399e+02	4.3387263249524782e-01
1.5280004760023783e+02	4.2168366781634392e-01
1.5300000859115656e+02	4.1157073025885160e-01
1.5320001722970650e+02	4.2669834264431944e-01
1.5340002758064111e+02	4.3194570640096686e-01
1.5360003656395261e+02	4.3996670675536065e-01
1.5380004227636837e+02	4.1717887151233018e-01
1.5400000248804409e+02	4.3027347373261504e-01
1.5420000079366716e+02	4.4655728549965901e-01
1.5440004849622537e+02	4.5532325476585989e-01
1.5460000277611661e+02	4.5697106824600364e-01
1.5480001080211994e+02	4.6525405835568440e-01
1.5500001754628133e+02	4.7675219006969377e-01
1.5520003010999605e+02	4.6448337992720151e-01
1.5540004221121296e+02	4.3742351847036109e-01
1.5560000294349575e+02	4.4662146960056931e-01
1.5580001282599571e+02	4.5369383260886192e-01
1.5600002247474703e+02	4.5517087097191739e-01
1.5620003383678815e+02	4.5208592977149814e-01
1.5640004736629976e+02	4.4636761730721924e-01
1.5660001133168879e+02	4.4048461813972051e-01
1.5680002760836922e+02	4.3183597378891098e-01
1.5700004341227572e+02	4.2607990234462173e-01
1.5720000600573252e+02	4.2288981515797391e-01
1.5740001650927991e+02	4.2560878993194790e-01
1.5760002494511474e+02	4.2716668483255538e-01
1.5780003212766357e+02	4.4166354444285583e-01
1.5800003486600798e+02	4.4643009711703768e-01
1.5820003520875079e+02	4.3523581761482261e-01
1.5840004136237002e+02	4.2307280515251816e-01
1.5860004586063872e+02	4.2348408479274718e-01
1.5880000429018912e+02	4.0949944735758187e-01
1.5900000901263940e+02	4.3392025997388223e-01
1.5920001609186360e+02	4.4796944437398400e-01
1.5940002762735492e+02	4.4552500886459828e-01
1.5960004306125043e+02	4.3193824714118867e-01
1.5980000615422614e+02	4.3899178713247122e-01
1.6000002139742077e+02	4.1009518972608872e-01
1.6020003714883839e+02	4.0391959771004432e-01
1.6040004891274944e+02	4.2953143191850857e-01
1.6060004432412759e+02	4.4146248489268408e-01
1.6080002609045866e+02	4.4379325440712586e-01
1.6100001130355633e+02	4.3574140116752264e-01
1.6120000726898508e+02	4.2973731545273797e-01
1.6140000245738909e+02	4.1832052271787062e-01
1.6160004529466246e+02	4.0770662891375370e-01
1.6180004470978318e+02	4.0255475148730496e-01
1.6200004547648263e+02	4.2704929365374195e-01
1.6220004886958282e+02	4.4055459922022117e-01
1.6240000432196933e+02	4.5223934644375829e-01
1.6260000923280677e+02	4.5237649046330697e-01
1.6280000550431512e+02	4.3025018864695025e-01
1.6300000553254191e+02	4.2631940609492142e-01
1.6320000401576846e+02	4.2376752869256340e-01
1.6340001219764392e+02	4.4712208746086601e-01
1.6360001872151133e+02	4.5115288224934752e-01
1.6380002810537883e+02	4.3160572170743183e-01
1.6400004517372372e+02	4.0981133238858031e-01
1.6420001306240803e+02	4.3079658740723065e-01
1.6440002972027347e+02	4.3631981584015744e-01
1.6460004916922114e+02	4.2375069080930167e-01
1.6480001855457465e+02	4.3465974278180480e-01
1.6500003375235536e+02	4.4093997975178206e-01
1.6520004927153656e+02	4.3795691374948714e-01
1.6540000219243501e+02	4.3075583856300076e-01
1.6560000235523873e+02	4.3638819477781149e-01
1.6580000244134467e+02	4.1587550963940118e-01
1.6600000152607805e+02	4.3164240436084261e-01
1.6620000679539828e+02	4.3646234130339384e-01
1.6640000838516707e+02	4.5204743842830419e-01
1.6660001073653928e+02	4.3797020514415402e-01
1.6680001022741303e+02	4.1985412929131138e-01
1.6700001145662097e+02	4.2970689951364077e-01
1.6720001068880771e+02	4.5096176947506306e-01
1.6740001150613642e+02	4.3377249669467288e-01
1.6760002107561951e+02	4.1708255857682491e-01
1.6780002925552677e+02	4.2064456139998707e-01
1.6800003462668357e+02	4.4041758481521670e-01
1.6820003733170702e+02	4.3954692632592191e-01
1.6840003896581510e+02	4.1445603913878643e-01
1.6860003942426479e+02	3.9492676452569248e-01
1.6880003824073583e+02	4.3469933490719409e-01
1.6900003823876602e+02	4.3935695993060686e-01
1.6920004780566663e+02	4.3365298898689303e-01
1.6940001014779043e+02	4.1977131443696569e-01
1.6960001868319401e+02	4.0451750669782111e-01
1.6980003018556090e+02	4.1166364417224316e-01
1.7000003618425561e+02	4.1448019922644641e-01
1.7020004474644398e+02	4.1453445983003806e-01
1.7040000412358330e+02	4.2274485139461215e-01
1.7060001950797673e+02	4.1779803674265292e-01
1.7080003762676091e+02	4.2413098076217981e-01
1.7100000419863633e+02	4.2500711505739669e-01
1.7120001983607534e+02	4.2094318195470576e-01
1.7140003874001610e+02	4.2813401714250282e-01
1.7160000613866052e+02	4.3379443811870622e-01
1.7180001903066147e+02	4.2199830486144735e-01
1.7200002713078035e+02	3.9905122075651617e-01
1.7220003436479305e+02	4.0575253363496533e-01
1.7240003914802949e+02	4.1275036912585444e-01
1.7260004347276680e+02	4.1556749520984337e-01
1.7280000467283821e+02	4.2736882265289927e-01
1.7300002022173874e+02	4.2830971844438842e-01
1.7320003856460701e+02	4.1903907336567031e-01
1.7340000774332609e+02	4.2402045078359540e-01
1.7360002586051081e+02	4.2892717945068509e-01
1.7380004497523964e+02	4.1063674793664856e-01
1.7400001313214469e+02	4.1397585063949077e-01
1.7420003113027423e+02	4.2117565930680279e-01
1.7440004612647363e+02	4.2164704590165236e-01
1.7460000757512154e+02	4.0302043193976367e-01
1.7480002340472791e+02	4.0215342489316319e-01
1.7500003561392089e+02	4.1221962838683424e-01
1.7520003925940225e+02	4.1884700606458170e-01
1.7540004382942837e+02	4.1970898310964699e-01
1.7560000555416374e+02	4.1613008460386314e-01
1.7580001923406903e+02	4.1553019256156926e-01
1.7600003334262703e+02	4.1728817782077982e-01
1.7620004755970160e+02	4.2879946634636684e-01
1.7640001147708512e+02	4.1677038010529527e-01
1.7660002121601653e+02	4.1076030291524235e-01
1.7680002436488431e+02	4.1450683897208085e-01
1.7700001604491797e+02	4.1240787921998145e-01
1.7720000449746954e+02	4.0502134939044032e-01
1.7740000504667111e+02	3.9912543838770914e-01
1.7760000620441417e+02	4.0095278192229405e-01
1.7780004403585690e+02	4.0815142577197822e-01
1.7800002294307936e+02	4.0987206872101711e-01
1.7820000723306032e+02	4.1704883390581549e-01
1.7840004243531297e+02	4.0431362155917905e-01
1.7860002208195581e+02	4.0264717032304387e-01
1.7880000012143526e+02	4.0613065260729597e-01
1.7900003117237191e+02	4.1088254009900854e-01
1.7920002473628108e+02	4.1161152282793440e-01
1.7940000642534559e+02	4.1320268200001425e-01
1.7960000064631944e+02	4.1301457327265312e-01
1.7980000934272925e+02	4.1279540510378387e-01
1.8000001288944370e+02	4.1261514743096073e-01
1.8020001613479860e+02	4.0410573642169240e-01
1.8040001824112187e+02	4.0946041854188053e-01
1.8060002607305384e+02	4.1228694863204512e-01
1.8080003058354529e+02	4.2032337356724953e-01
1.8100003581203165e+02	4.2611945013095148e-01
1.8120003866902150e+02	4.2825307017160874e-01
1.8140004238919715e+02	4.2668017846271428e-01
1.8160004925535435e+02	4.2078079149456632e-01
1.8180000544569734e+02	4.2430342385171010e-01
1.8200000464666297e+02	4.2252850362405309e-01
1.8220004722280453e+02	4.1301791794924242e-01
1.8240000082887931e+02	4.1974339842044422e-01
1.8260000489598923e+02	4.2393632777281032e-01
1.8280000680417376e+02	4.2458964253111575e-01
1.8300000045035483e+02	4.2258329755148955e-01
1.8320000483572969e+02	4.1752805382673608e-01
1.8340000670715270e+02	4.0942961085703083e-01
1.8360001304072389e+02	4.1974184199891790e-01
1.8380002017122737e+02	4.1808224223923501e-01
1.8400002041997243e+02	4.1705152731914524e-01
1.8420002113340871e+02	4.2396557752355396e-01
1.8440002680699300e+02	4.1938996842159210e-01
1.8460003851725489e+02	4.0210531702616770e-01
1.8480004928378142e+02	4.0425916225437164e-01
1.8500000889259439e+02	3.9624606397664969e-01
1.8520001173262156e+02	4.1488855976241917e-01
1.8540001212547403e+02	4.2872921241334122e-01
1.8560001397879165e+02	4.2865521470511314e-01
1.8580001511717484e+02	4.3149569203829491e-01
1.8600002061111167e+02	4.3865579221132733e-01
1.8620002106287092e+02	4.4527549526279753e-01
1.8640001850191439e+02	4.5125869659894818e-01
1.8660000832741855e+02	4.5637090968179650e-01
1.8680004345176457e+02	4.6018526472296650e-01
1.8700003927434830e+02	4.6130773667008002e-01
1.8720004743048119e+02	4.5952701049487171e-01
1.8740001007098380e+02	4.5434639994846787e-01
1.8760001430715803e+02	4.4328750850254950e-01
1.8780000635137066e+02	4.2688646997437568e-01
1.8800004760451890e+02	4.1037623345497043e-01
1.8820003473976138e+02	4.1834002782204183e-01
1.8840001862428900e+02	4.4366624477683020e-01
1.8860000947153003e+02	4.5989534617706601e-01
1.8880001151053852e+02	4.6196267561169702e-01
1.8900001942631079e+02	4.4888931356360384e-01
1.8920002434678150e+02	4.2701496694088825e-01
1.8940002851569659e+02	4.2662063356895419e-01
1.8960003728353624e+02	4.4444566336970698e-01
1.8980000136572431e+02	4.5537778121515643e-01
1.9000001998183001e+02	4.4686471397992916e-01
1.9020003726879960e+02	4.2145556153439462e-01
1.9040000278385580e+02	4.1082209442341633e-01
1.9060001934127220e+02	4.0752020749641615e-01
1.9080003730454914e+02	4.1133941569650029e-01
1.9100000246772689e+02	4.2048576230596252e-01
1.9120001722236267e+02	4.2198252112213308e-01
1.9140002544829318e+02	4.0695148614256610e-01
1.9160002472107260e+02	3.9699599412051745e-01
1.9180003262201686e+02	3.9549079972101153e-01
1.9200004545094768e+02	4.2155869543050778e-01
1.9220001491385852e+02	4.2315628958330459e-01
1.9240003192283717e+02	4.1977792765885336e-01
1.9260004649288717e+02	4.1470492207781984e-01
1.9280001209808754e+02	3.9719577887692709e-01
1.9300003162348585e+02	4.3368418502331829e-01
1.9320004932715770e+02	4.4275424254912571e-01
1.9340001836717138e+02	4.1806986840771881e-01
1.9360003875944838e+02	4.0631295538977807e-01
1.9380000253356803e+02	4.2886806274255646e-01
1.9400001255815693e+02	4.6408062867512334e-01
1.9420001905664540e+02	4.5651038756188350e-01
1.9440002613918389e+02	4.1344224565412518e-01
1.9460003385912995e+02	4.3058418368445084e-01
1.9480004093741886e+02	4.7371000133782470e-01
1.9500000565573640e+02	4.7056294293152973e-01
1.9520001633329437e+02	4.3057934755321980e-01
1.9540002745948095e+02	4.2420102194488357e-01
1.9560003173085670e+02	4.6695698011544534e-01
1.9580003269695783e+02	4.6430344945199636e-01
1.9600002258115137e+02	4.3049702244074944e-01
1.9620001993191909e+02	4.1250753131267887e-01
1.9640002482706637e+02	4.4970491458401307e-01
1.9660003569388547e+02	4.4196674455498131e-01
1.9680004837602482e+02	4.3672977931221574e-01
1.9700000848128792e+02	4.3265325981065084e-01
1.9720002033312818e+02	4.1803346260945184e-01
1.9740003437892335e+02	4.2220903817425121e-01
1.9760004546322475e+02	4.2521558114273061e-01
1.9780000035150513e+02	4.2109918622873954e-01
1.9800004888505492e+02	4.3886617587050603e-01
1.9820004420703040e+02	4.3895018633738198e-01
1.9840003155174651e+02	4.2278505713824582e-01
1.9860001266540559e+02	4.3668258502876756e-01
1.9880003381335695e+02	4.3452004473415967e-01
1.9900000585949118e+02	4.2701563745741011e-01
1.9920003626523652e+02	4.3902524251233266e-01
1.9940002076479377e+02	4.3302982640736432e-01
1.9960000161158996e+02	4.1423431251329418e-01
1.9980003061068257e+02	3.9908549896994827e-01
2.0000002746460490e+02	4.2299759410986193e-01
2.0020003497037300e+02	4.3594562058404585e-01
2.0040004867745066e+02	4.2959075781424122e-01
2.0060001249465182e+02	4.2174968423581682e-01
2.0080002687675665e+02	4.2972535171996273e-01
2.0100003036624605e+02	4.3426044818966059e-01
2.0120003726016765e+02	4.3470488364850923e-01
2.0140004927246443e+02	4.3080377289747224e-01
2.0160001741165874e+02	4.2434537520653132e-01
2.0180003541536570e+02	4.1650817267584894e-01
2.0200000585229421e+02	4.2324203378404396e-01
2.0220001988004395e+02	4.2001647196049896e-01
2.0240002806225007e+02	4.1355432686198124e-01
2.0260004400697622e+02	4.2025506972052223e-01
2.0280000831976432e+02	4.4804063404197675e-01
2.0300001525718454e+02	4.3466709722083846e-01
2.0320001402910518e+02	4.2940811244351040e-01
2.0340001234086475e+02	4.3064357788798330e-01
2.0360001636116061e+02	4.5215071465205481e-01
2.0380002501331350e+02	4.5519932652561235e-01
2.0400003523620330e+02	4.2984537717939869e-01
2.0420004944840358e+02	4.2880448444127089e-01
2.0440001505120568e+02	4.4546805218310331e-01
2.0460002395897948e+02	4.7046232887578970e-01
2.0480003814412814e+02	4.6186222961556056e-01
2.0500000204107317e+02	4.3491259563381368e-01
2.0520001515052101e+02	4.3121279091825032e-01
2.0540002971869410e+02	4.6200966530258436e-01
2.0560000054736685e+02	4.7306119653993423e-01
2.0580001965353796e+02	4.5270046891268628e-01
2.0600003513471827e+02	4.2513784279150607e-01
2.0620004400702362e+02	4.4078483768774179e-01
2.0640000302748729e+02	4.6542335534566853e-01
2.0660001445969351e+02	4.6139354695482448e-01
2.0680003312571571e+02	4.2419605725782455e-01
2.0700000269521800e+02	4.3396164935102649e-01
2.0720001874200997e+02	4.4870756553145824e-01
2.0740003148657223e+02	4.5237674680256812e-01
2.0760003675989739e+02	4.2351637515372720e-01
2.0780004161864261e+02	4.3670782700714783e-01
2.0800004409794951e+02	4.1170190369079268e-01
2.0820000055797757e+02	4.2744970490034850e-01
2.0840001207629248e+02	4.4127129512440910e-01
2.0860001963583861e+02	4.4422960085227192e-01
2.0880002914214609e+02	4.3885275021392706e-01
2.0900004570320175e+02	4.2690295606986017e-01
2.0920001016749646e+02	4.0983111383057363e-01
2.0940001912220683e+02	4.3225516321334301e-01
2.0960002750460905e+02	4.1660418970627594e-01
2.0980003238757578e+02	4.3038578568307317e-01
2.1000003579694018e+02	4.4851841868262432e-01
2.1020004618059616e+02	4.5864422379140418e-01
2.1040000578408302e+02	4.4527570647510506e-01
2.1060001459340677e+02	4.3081134515023800e-01
2.1080002192566724e+02	4.1994627988140060e-01
2.1100002708486772e+02	4.4609937829105545e-01
2.1120003113727623e+02	4.6074498755679166e-01
2.1140003394955721e+02	4.5593439561267629e-01
2.1160003682902013e+02	4.3523538010660356e-01
2.1180004293450187e+02	4.2750055904359135e-01
2.1200000443277204e+02	4.3856485319893884e-01
2.1220001554692936e+02	4.1689284583830033e-01
2.1240001012064377e+02	4.2652620710580025e-01
2.1260004705238603e+02	4.2415439150993495e-01
2.1280004242331236e+02	4.0823633990839742e-01
2.1300003880329584e+02	4.1636896428638231e-01
2.1320003076366368e+02	4.2199375775757869e-01
2.1340002952048613e+02	4.4610716853208521e-01
2.1360003985393294e+02	4.2967967171447086e-01
2.1380000304375292e+02	4.3153500330300498e-01
2.1400002029166345e+02	4.3247132534723265e-01
2.1420003573528371e+02	4.3367633102862652e-01
2.1440000359008511e+02	4.3457687826739227e-01
2.1460002061012156e+02	4.3682343699879977e-01
2.1480003518067076e+02	4.4017672408048408e-01
2.1500004585639536e+02	4.4023843415842673e-01
2.1520004805098770e+02	4.3595974621666239e-01
2.1540000057517702e+02	4.2846713721669472e-01
2.1560004698985375e+02	4.1775565066323211e-01
2.1580004121248157e+02	4.2508359350794100e-01
2.1600004048038608e+02	4.0624572728265967e-01
2.1620004473484693e+02	3.9704495722163630e-01
2.1640000772094365e+02	4.1802791827647584e-01
2.1660002307083161e+02	4.2042343483205608e-01
2.1680004105862838e+02	4.0237133660348090e-01
2.1700001269208124e+02	3.9359653751655216e-01
2.1720003456341036e+02	4.0083366111535085e-01
2.1740000605821848e+02	4.1096089641013989e-01
2.1760002544617709e+02	4.0398347304996896e-01
2.1780004665792544e+02	3.9927139234378312e-01
2.1800001663819489e+02	4.0658355268156271e-01
2.1820003505701104e+02	4.3069697692116438e-01
2.1840000429758442e+02	4.5053137583625447e-01
2.1860001592902597e+02	4.6033856948438229e-01
2.1880002134638619e+02	4.5683179450548383e-01
2.1900002068793390e+02	4.4293042500416302e-01
2.1920002088376367e+02	4.2153588185997509e-01
2.1940001700254891e+02	4.1879851755129882e-01
2.1960001650335622e+02	4.3048881224922592e-01
2.1980002896138711e+02	4.2384905248950661e-01
2.2000004175527357e+02	4.5307790796226277e-01
2.2020000249067562e+02	4.6651685086181577e-01
2.2040001143603206e+02	4.5581334935222262e-01
2.2060002566114537e+02	4.3100603688404876e-01
2.2080004284820441e+02	4.2925723023678442e-01
2.2100004708787816e+02	4.5908776514940997e-01
2.2120004555171431e+02	4.5935731930531087e-01
2.2140004645411165e+02	4.3430577447761021e-01
2.2160000397170202e+02	4.4625719788887142e-01
2.2180001105786113e+02	4.6205359474530922e-01
2.2200001523573081e+02	4.5701591095641064e-01
2.2220001676411047e+02	4.2386540112954513e-01
2.2240002059592535e+02	4.2820538591310592e-01
2.2260002981566146e+02	4.1315480273730987e-01
2.2280004527682610e+02	4.4277130715285451e-01
2.2300001370463016e+02	4.6076301628959671e-01
2.2320003000372313e+02	4.3303210580518203e-01
2.2340004535942555e+02	4.2924351830779645e-01
2.2360001452615796e+02	4.4132590298386137e-01
2.2380003297908098e+02	4.7149041219133059e-01
2.2400004256561951e+02	4.5235280952891749e-01
2.2420000013684265e+02	4.2189045197959324e-01
2.2440000878141402e+02	4.5200713437353940e-01
2.2460001945795307e+02	4.2663535607794106e-01
2.2480003609026775e+02	4.1632589469238540e-01
2.2500000360434606e+02	4.5973033816139947e-01
2.2520001922957536e+02	4.7311838546097595e-01
2.2540003491475730e+02	4.5589636303017639e-01
2.2560000104351951e+02	4.4258716008654070e-01
2.2580000672346648e+02	4.4072006091102045e-01
2.2600001546043038e+02	4.1911443042780144e-01
2.2620002916537777e+02	4.7561961420991244e-01
2.2640004766642261e+02	4.8155352059472406e-01
2.2660001725472080e+02	4.7800179053457320e-01
2.2680003216975356e+02	4.6680472196485651e-01
2.2700004792318842e+02	4.3107043852708782e-01
2.2720001751951480e+02	4.6706797546411805e-01
2.2740003294599583e+02	4.3066419807702627e-01
2.2760004681009974e+02	4.4875439195243533e-01
2.2780001702569197e+02	4.2092062460944013e-01
2.2800003704770850e+02	4.4645343193861670e-01
2.2820000754609188e+02	4.9199918765891787e-01
2.2840002805893937e+02	4.7781637366529484e-01
2.2860004841632474e+02	4.2615339649536232e-01
2.2880001386682062e+02	4.5524632144809446e-01
2.2900002988499591e+02	4.7723966886281610e-01
2.2920004739124653e+02	4.3296546021360177e-01
2.2940001472672392e+02	4.4928272879932579e-01
2.2960002813421710e+02	4.1752860455865470e-01
2.2980003874946743e+02	4.1419830131115926e-01
2.3000004883130072e+02	4.4421637887124510e-01
2.3020001916490989e+02	4.2787695923536107e-01
2.3040003822292022e+02	4.1122919724329271e-01
2.3060000558369248e+02	4.3647271274833460e-01
2.3080002158984232e+02	4.4553686134166781e-01
2.3100003529214123e+02	4.3647475891847964e-01
2.3120000238228718e+02	4.2874990942448843e-01
2.3140001207223872e+02	4.4118292007862142e-01
2.3160001757850748e+02	4.4579037942860855e-01
2.3180002504302701e+02	4.1860229636628088e-01
2.3200002675657936e+02	4.3017459793876595e-01
2.3220002772715870e+02	4.3181808548825645e-01
2.3240002921884755e+02	4.2874912126140186e-01
2.3260002938448540e+02	4.3870086002986158e-01
2.3280002938941789e+02	4.4319434154017240e-01
2.3300002795672100e+02	4.4189476502592373e-01
2.3320003269083836e+02	4.3230321192439181e-01
2.3340004352795458e+02	4.1385502692379272e-01
2.3360004900651515e+02	4.3315790948685501e-01
2.3380004771253891e+02	4.1661120787444583e-01
2.3400000516742813e+02	4.1086443294112229e-01
2.3420001601942181e+02	3.9874926979088338e-01
2.3440002951371412e+02	4.0135412330592540e-01
2.3460003183072922e+02	4.2785354777443030e-01
2.3480002720437039e+02	4.2818989938356766e-01
2.3500001907686473e+02	4.1008129685574579e-01
2.3520001511206442e+02	4.2938776190352496e-01
2.3540002063657727e+02	4.2426470815528022e-01
2.3560003434481430e+02	4.0553415075297622e-01
2.3580003548313670e+02	4.0996675071618621e-01
2.3600003339838247e+02	4.2193786169906750e-01
2.3620003773601823e+02	4.1571699238764043e-01
2.3640004879128543e+02	4.2219125067751406e-01
2.3660001017695308e+02	4.3582904683140655e-01
2.3680001872806540e+02	4.4201787152563682e-01
2.3700003393697469e+02	4.3846167129367120e-01
2.3720004156000795e+02	4.2198796594531707e-01
2.3740003884077132e+02	4.0841782096607421e-01
2.3760004104125662e+02	4.2114069918811170e-01
2.3780004578296155e+02	4.3469997897783891e-01
2.3800004727686908e+02	4.3831504532081711e-01
2.3820004359892869e+02	4.3894714363981391e-01
2.3840002587233022e+02	4.4237226151025838e-01
2.3860003387453372e+02	4.0338609770990197e-01
2.3880000851651400e+02	4.4541039039646191e-01
2.3900003407939127e+02	4.2382177597898041e-01
2.3920001034103726e+02	4.3341032517801936e-01
2.3940003524471814e+02	4.2198497045981909e-01
2.3960004624272014e+02	4.0767711982649230e-01
2.3980000419777531e+02	4.2600331534115543e-01
2.4000000689932423e+02	4.3040958596665807e-01
2.4020000610762020e+02	4.1012148782522478e-01
2.4040000860533260e+02	4.1513644567880004e-01
2.4060001490871747e+02	4.2563688163990343e-01
2.4080002380842492e+02	4.2876161435423193e-01
2.4100003380252699e+02	4.1757554894079546e-01
2.4120004708613371e+02	4.0678678617617203e-01
2.4140001438497589e+02	4.1691330732811571e-01
2.4160003311713632e+02	4.2063790733978135e-01
2.4180004706729571e+02	4.1172747725843806e-01
2.4200001794153738e+02	3.9759393085188854e-01
2.4220003888063735e+02	4.0104844465789752e-01
2.4240004614977838e+02	4.1567828977497123e-01
2.4260000456829272e+02	4.0692631948772889e-01
2.4280001384495588e+02	4.0656566773983938e-01
2.4300002939393806e+02	4.0430654328160476e-01
2.4320000164328766e+02	4.1552964060076053e-01
2.4340002364641984e+02	4.1581965459145609e-01
2.4360004196862317e+02	4.0119917252078136e-01
2.4380001408101492e+02	3.9868061587374126e-01
2.4400003280392880e+02	4.0521141873928529e-01
2.4420000068785262e+02	4.1413565212989600e-01
2.4440002654833654e+02	4.0554820712855505e-01
2.4460000010551599e+02	4.1883246666934232e-01
2.4480001907030604e+02	4.0862135829792429e-01
2.4500003427689580e+02	4.0971189369765859e-01
2.4520004517172106e+02	4.2178194306611155e-01
2.4540000591268532e+02	4.1832802202172986e-01
2.4560002365797732e+02	3.9546755883467022e-01
2.4580004254974560e+02	4.1083263513754131e-01
2.4600000946457212e+02	4.2416042702009160e-01
2.4620002350157111e+02	4.3494306355396489e-01
2.4640003281836880e+02	4.2433368552668421e-01
2.4660003952113186e+02	4.1980660573875650e-01
2.4680000221077412e+02	4.3698603970272409e-01
2.4700001191017242e+02	4.2519113666174130e-01
2.4720001645985764e+02	4.1073295324952430e-01
2.4740002716246980e+02	4.1772205217284658e-01
2.4760004012807678e+02	4.2955129450001628e-01
2.4780000339330846e+02	4.3500436141676696e-01
2.4800001290997540e+02	4.3499090559489262e-01
2.4820002266161663e+02	4.2205559675108156e-01
2.4840004115404068e+02	4.0612312809571938e-01
2.4860001181861779e+02	4.0805504614700161e-01
2.4880003243886580e+02	4.2934709552781491e-01
2.4900000381353337e+02	4.2110605174945764e-01
2.4920002395526194e+02	4.1048115447776651e-01
2.4940004512930489e+02	4.1428233548603061e-01
2.4960001832872507e+02	4.1745508433429152e-01
2.4980004167816543e+02	4.1882319476947899e-01
2.5000001251245897e+02	4.2944806524040974e-01
2.5020003595833285e+02	4.4005096295857987e-01
2.5040000757919228e+02	4.4384448808112981e-01
2.5060001870926015e+02	4.4068691656550879e-01
2.5080002016077745e+02	4.3690913118128905e-01
2.5100002305129658e+02	4.3833426726409658e-01
2.5120002185743593e+02	4.4020993358876981e-01
2.5140002584926796e+02	4.3958582763042048e-01
2.5160003120846017e+02	4.5389027174713870e-01
2.5180004156556291e+02	4.5169793442457151e-01
2.5200001066454908e+02	4.3243811502277829e-01
2.5220002774729619e+02	4.3002749354778241e-01
2.5240004127362755e+02	4.4100537322679445e-01
2.5260004909674197e+02	4.4370070726405980e-01
2.5280000689062092e+02	4.3569448062078348e-01
2.5300001408842812e+02	4.2557798873644892e-01
2.5320002861335712e+02	4.2539593689453020e-01
2.5340004255268195e+02	4.2495451984172639e-01
2.5360000790452909e+02	4.2425432619360942e-01
2.5380002136087430e+02	4.2344404446384248e-01
2.5400003938694459e+02	4.2269795800944432e-01
2.5420000817006976e+02	4.2644690149404757e-01
2.5440002315047033e+02	4.2888144712754378e-01
2.5460002982505694e+02	4.2844196699574688e-01
2.5480002566732404e+02	4.2636107624741132e-01
2.5500002727702443e+02	4.1765876950714903e-01
2.5520003398364361e+02	4.0933689078328400e-01
2.5540004635547757e+02	4.1075090030178768e-01
2.5560001580279555e+02	4.2570507804833402e-01
2.5580002130898873e+02	4.2883121680155550e-01
2.5600001480257305e+02	4.1955284466333048e-01
2.5620001008239865e+02	4.0102009360008445e-01
2.5640000821241682e+02	4.0028390533218361e-01
2.5660001456286068e+02	4.0889019260859877e-01
2.5680002465554145e+02	4.1536831254805862e-01
2.5700003514229775e+02	4.1767528550254412e-01
2.5720004482568743e+02	4.1506641411976430e-01
2.5740001283704487e+02	4.0764304186269068e-01
2.5760003255827149e+02	4.0273480042719706e-01
2.5780000017463038e+02	4.1463979813728907e-01
2.5800000653739181e+02	4.1581734587347458e-01
2.5820000364531609e+02	4.1014489007529586e-01
2.5840001147363751e+02	4.2139888661750968e-01
2.5860002681275830e+02	4.2300792307779334e-01
2.5880003411481846e+02	4.0986889187184627e-01
2.5900003559831595e+02	4.2672918497415407e-01
2.5920003429067589e+02	4.1801000586106013e-01
2.5940003692909130e+02	4.0017145153414974e-01
2.5960000210660780e+02	4.2328139638909573e-01
2.5980000542392429e+02	4.3485978867181024e-01
2.6000000698427607e+02	4.1991171933793570e-01
2.6020001474461975e+02	3.9939951971705989e-01
2.6040002397807746e+02	4.3103949416231213e-01
2.6060002748057087e+02	4.3374142929831594e-01
2.6080002711243441e+02	4.2226202487407011e-01
2.6100002872017535e+02	4.1596068264684288e-01
2.6120003249870956e+02	4.2948144967072333e-01
2.6140003564781853e+02	4.2536858992655702e-01
2.6160004555393778e+02	4.0315114835287535e-01
2.6180000962711927e+02	4.1746599029295400e-01
2.6200001804941218e+02	4.2149047081911833e-01
2.6220002343557985e+02	3.9707295082341126e-01
2.6240002869839032e+02	4.0272872291830625e-01
2.6260003371941042e+02	3.9814992562116441e-01
2.6280004088982071e+02	4.1125933668776982e-01
2.6300004701729989e+02	4.0179351287495535e-01
2.6320000716179783e+02	4.0589448563737607e-01
2.6340001728908447e+02	4.0257323639898729e-01
2.6360003027109093e+02	4.0589669182332699e-01
2.6380004593824128e+02	4.0894384681323454e-01
2.6400001298303812e+02	4.0835871172504046e-01
2.6420002894465847e+02	4.1672864895597883e-01
2.6440004527265449e+02	3.9790720194279666e-01
2.6460001077900381e+02	3.9757857678873637e-01
2.6480002385140762e+02	4.0077653612152625e-01
2.6500002976737215e+02	4.1017856260595464e-01
2.6520003745495114e+02	4.2457657119824876e-01
2.6540004865256788e+02	4.2286966146644411e-01
2.6560000775999242e+02	4.1382769715504630e-01
2.6580001176457284e+02	4.0769813826692902e-01
2.6600000991883621e+02	4.0138436113045861e-01
2.6620000693653492e+02	3.8980943345017671e-01
2.6640000245458145e+02	3.9484253894132443e-01
2.6660000521295217e+02	3.9902472878898804e-01
2.6680001070343224e+02	3.9302346012244910e-01
2.6700001689699809e+02	3.9877740048490945e-01
2.6720002414844038e+02	3.8980353052449124e-01
2.6740003286664898e+02	3.9583029188581287e-01
2.6760003963641867e+02	3.9198787770701138e-01
2.6780004555444100e+02	4.2097512550159688e-01
2.6800000067647568e+02	4.3699549604208748e-01
2.6820000358069171e+02	4.2038423382031082e-01
2.6840000434964935e+02	4.0861444732278634e-01
2.6860000729243404e+02	4.1411293478981864e-01
2.6880001424188083e+02	3.9919681260650219e-01
2.6900002365800265e+02	4.0509573800917176e-01
2.6920003087367360e+02	3.8804111612630227e-01
2.6940003531450475e+02	3.8372591867668504e-01
2.6960003305923124e+02	4.2607172915770847e-01
2.6980001938331827e+02	4.2462321554009935e-01
2.7000004939708555e+02	4.1268222012359979e-01
2.7020001365327255e+02	4.0836392810156968e-01
2.7040004658617988e+02	3.9477928668241846e-01
2.7060004005411008e+02	4.0159921796630094e-01
2.7080003039890642e+02	4.0716611054668078e-01
2.7100001523768259e+02	4.0405437656270832e-01
2.7120000020528033e+02	4.1866733783816568e-01
2.7140003801194263e+02	4.1334494836154551e-01
2.7160002418818397e+02	4.0639337093468675e-01
2.7180002024526544e+02	4.1209551893045943e-01
2.7200001409927216e+02	4.0650680409882339e-01
2.7220000479226195e+02	4.0832455957770319e-01
2.7240004936089059e+02	3.9846358255098935e-01
2.7260004703460203e+02	3.9950738518005147e-01
2.7280004364001775e+02	4.0529396878303120e-01
2.7300003927418066e+02	4.0909714224506444e-01
2.7320003370033379e+02	4.2103389297589844e-01
2.7340002830127401e+02	4.2035720811858140e-01
2.7360003430786298e+02	4.0474182300693351e-01
2.7380004839722363e+02	4.1190881943987057e-01
2.7400001243196408e+02	4.3977597668938412e-01
2.7420002978580669e+02	4.3437083165728296e-01
2.7440004909772836e+02	4.0134511818926627e-01
2.7460002194963613e+02	3.9699952077510176e-01
2.7480004314506698e+02	3.9111022857669842e-01
2.7500001705316009e+02	4.0622690642796622e-01
2.7520003425800888e+02	3.9281881456824963e-01
2.7540000962786200e+02	3.9313426662748524e-01
2.7560003542549111e+02	4.2331131110997289e-01
2.7580001021577789e+02	4.3508324824578398e-01
2.7600003478336691e+02	4.1094104856876562e-01
2.7620000973079948e+02	4.0667112214551054e-01
2.7640003284186042e+02	4.0064364178489253e-01
2.7660004821320996e+02	4.0625255686909612e-01
2.7680000398593648e+02	4.0500189071469334e-01
2.7700000454987872e+02	4.1081782211771894e-01
2.7720000999773617e+02	4.1308402438948000e-01
2.7740002742540929e+02	4.1000331520754246e-01
2.7760000141459602e+02	4.1605280324357230e-01
2.7780002584060219e+02	4.0528058494389108e-01
2.7800004847837022e+02	4.0399542600761118e-01
2.7820002304528020e+02	4.2414271445802154e-01
2.7840004831410005e+02	4.2239360544233628e-01
2.7860002173622087e+02	4.0799969459934915e-01
2.7880004302834232e+02	4.0026105370447579e-01
2.7900000474774890e+02	4.0218424636073175e-01
2.7920001214946524e+02	4.0355371472225010e-01
2.7940002447341277e+02	4.2146230447375888e-01
2.7960003022237873e+02	4.2553251188561486e-01
2.7980002342617308e+02	4.1664971716946558e-01
2.8000001737717128e+02	4.1011078378644628e-01
2.8020001746143009e+02	3.9468338470755693e-01
2.8040002667856766e+02	4.0396686185989622e-01
2.8060001636786291e+02	4.2782922392603084e-01
2.8080000372070054e+02	4.0417059368772557e-01
2.8100000579154204e+02	4.1281995596937615e-01
2.8120002217509472e+02	4.2552120517629116e-01
2.8140003673816824e+02	3.9709726976972437e-01
2.8160000316608642e+02	4.0135686140169241e-01
2.8180002264340510e+02	4.0584266403898417e-01
2.8200004223591640e+02	4.0290699542913305e-01
2.8220001393756303e+02	4.0723641019587059e-01
2.8240003642752873e+02	4.0670260620038012e-01
2.8260000128291756e+02	3.9634984716382810e-01
2.8280001455970978e+02	4.0314595354734195e-01
2.8300002364149151e+02	4.1094987292551710e-01
2.8320002415358374e+02	4.1703825555604213e-01
2.8340001037720839e+02	4.2168448898053246e-01
2.8360000578216767e+02	4.2442636339859852e-01
2.8380000204206880e+02	4.2420120969601227e-01
2.8400001255707554e+02	4.2079949944884454e-01
2.8420002336968435e+02	4.1491084552163787e-01
2.8440003128276504e+02	4.1603533217296623e-01
2.8460003873295182e+02	3.9647528741624255e-01
2.8480004483602147e+02	4.0194758607702857e-01
2.8500000103281781e+02	4.0618957318470394e-01
2.8520001055145923e+02	4.1317555779046017e-01
2.8540002571997627e+02	4.1278751580941903e-01
2.8560004531079704e+02	4.2237167410726539e-01
2.8580001433078974e+02	4.2815811536708037e-01
2.8600002906833299e+02	4.3355724118387640e-01
2.8620004172297638e+02	4.2861958478689416e-01
2.8640000875856094e+02	4.1442848757688278e-01
2.8660002731465352e+02	4.1831634579048738e-01
2.8680004305503689e+02	4.1955677785599799e-01
2.8700004801979566e+02	3.9682604589793158e-01
2.8720000649072625e+02	4.0444920780112975e-01
2.8740001901004479e+02	4.1026401648764982e-01
2.8760003390344366e+02	4.2560250348232481e-01
2.8780004842129830e+02	4.2806105692763680e-01
2.8800001267075373e+02	4.1493158389707402e-01
2.8820003220126898e+02	4.0002742289828108e-01
2.8840000263365039e+02	4.0525712943469955e-01
2.8860002295534701e+02	3.9858949746398392e-01
2.8880004341114943e+02	4.0815827550565742e-01
2.8900001396715925e+02	3.9505472911906214e-01
2.8920003396270442e+02	3.9802699272983244e-01
2.8940000332886513e+02	3.9967231601118358e-01
2.8960002626440922e+02	4.0466016937304022e-01
2.8980004937157457e+02	4.2006099219183973e-01
2.9000002082574508e+02	4.1685060874895846e-01
2.9020003332305384e+02	4.0769404109574597e-01
2.9040003992343435e+02	4.0702413137251303e-01
2.9060004212394301e+02	3.9781018142923263e-01
2.9080003777394427e+02	4.0525251441963400e-01
2.9100003627256376e+02	4.1229797371207139e-01
2.9120000085902120e+02	4.0796388265819139e-01
2.9140001988014768e+02	4.0445383929660533e-01
2.9160003484723319e+02	3.9263606600165507e-01
2.9180004376117785e+02	3.9695220851485458e-01
2.9200000116964389e+02	3.9897059736937873e-01
2.9220000684009824e+02	4.0365819883124404e-01
2.9240001122557175e+02	3.9610465001645767e-01
2.9260001436534873e+02	4.0443344961916622e-01
2.9280002177319437e+02	4.0395098169991089e-01
2.9300003487567000e+02	3.9887139611743661e-01
2.9320004266112096e+02	4.0276960964582714e-01
2.9340000190184043e+02	4.0887769446297351e-01
2.9360000773424179e+02	4.1138675435595584e-01
2.9380001043520406e+02	4.1105780556995580e-01
2.9400000118861095e+02	4.1018211610667926e-01
2.9420004872454581e+02	4.0650145401736665e-01
2.9440000705710389e+02	4.0629667421222887e-01
2.9460002044744738e+02	3.9304976551152709e-01
2.9480003469908212e+02	3.9109638533323099e-01
2.9500000047287415e+02	3.9988094987952721e-01
2.9520001575254133e+02	4.1104571168465120e-01
2.9540002607360884e+02	4.1782136598664343e-01
2.9560003601845636e+02	4.2223111391603241e-01
2.9580000201931125e+02	4.2278001354022288e-01
2.9600002049722565e+02	4.1951825409205207e-01
2.9620004089142373e+02	4.1293040979812717e-01
2.9640001255159490e+02	4.0279385185142730e-01
2.9660003428282982e+02	4.0226828827000050e-01
2.9680000937337661e+02	4.1185330166923401e-01
2.9700003475145553e+02	4.1673624261013703e-01
2.9720001063926247e+02	3.8907464471291098e-01
2.9740002327230360e+02	3.8900364935709264e-01
2.9760002511957185e+02	4.1897944894356581e-01
2.9780002611687854e+02	4.1606636114135448e-01
2.9800002231386770e+02	3.9581138629652329e-01
2.9820002372241277e+02	4.0126030802540202e-01
2.9840003671712071e+02	4.2553713062070897e-01
2.9860004944504243e+02	4.3980850012661243e-01
2.9880001068005987e+02	4.3051074787073323e-01
2.9900002407670576e+02	4.1477364843219816e-01
2.9920003920856175e+02	4.0923190939663601e-01
2.9940000711376831e+02	4.1593256526766192e-01
2.9960001112351870e+02	4.1689189448028685e-01
2.9980002349333739e+02	4.1010836452002219e-01
3.0000004330213653e+02	4.1903971629194031e-01
3.0020001120612932e+02	4.0821106784864197e-01
3.0040003012663084e+02	4.0129305406585963e-01
3.0060000057749954e+02	4.0043347519675571e-01
3.0080001987234692e+02	4.0487028479471265e-01
3.0100003257332270e+02	4.0940925832246200e-01
3.0120004759784689e+02	4.0056345001907745e-01
3.0140001228439110e+02	3.9612168225899808e-01
3.0160002394052736e+02	4.0057375935935602e-01
3.0180003531519657e+02	4.0380273947942580e-01
3.0200004599964581e+02	4.1168227544880048e-01
3.0220000372236944e+02	4.0765628664858428e-01
3.0240001253236130e+02	4.1231835305547015e-01
3.0260002536090735e+02	4.1126108533014888e-01
3.0280003717274860e+02	4.1550768495500084e-01
3.0300000631479992e+02	3.9312223326592499e-01
3.0320002814092453e+02	4.0634555476690398e-01
3.0340000253456452e+02	4.1195075606176290e-01
3.0360002702305127e+02	3.9764830475722179e-01
3.0380000203886590e+02	4.0526995913686314e-01
3.0400002129352680e+02	4.0656165278607093e-01
3.0420003009803111e+02	4.1134143624959485e-01
3.0440002716254418e+02	4.0693378785698492e-01
3.0460002275316918e+02	4.1077516238163247e-01
3.0480002772958011e+02	4.0312630574421182e-01
3.0500003338072628e+02	4.0946630629048913e-01
3.0520003825939119e+02	4.1773372193305697e-01
3.0540000321216053e+02	4.1540881407849012e-01
3.0560002225690653e+02	4.0623938368187762e-01
3.0580004244650752e+02	4.1231067555423612e-01
3.0600001059241532e+02	4.1459114938339620e-01
3.0620003254150191e+02	3.9971776363418965e-01
3.0640000536192991e+02	4.0111993542248892e-01
3.0660002182915935e+02	4.0180629950334606e-01
3.0680003514615856e+02	3.9908251105579123e-01
3.0700004747433928e+02	4.1715823044521161e-01
3.0720000969229670e+02	4.2105932190562823e-01
3.0740002113380723e+02	4.1287054271860857e-01
3.0760003107727681e+02	4.0635241332942079e-01
3.0780002967883928e+02	4.1117457961010062e-01
3.0800002573097981e+02	4.1219301706012579e-01
3.0820002014505155e+02	4.0902232698505514e-01
3.0840001405000288e+02	4.2107761360952206e-01
3.0860001066895660e+02	4.1895542520990381e-01
3.0880001690639421e+02	4.0636098443183860e-01
3.0900001712670337e+02	4.1273683256126525e-01
3.0920000909384163e+02	3.9940219892125967e-01
3.0940000234847571e+02	4.0213930383574914e-01
3.0960004405411246e+02	4.0334638841597398e-01
3.0980004056061949e+02	4.0172902220358803e-01
3.1000004090213520e+02	4.0657780301028118e-01
3.1020004381652149e+02	3.9883892865127285e-01
3.1040000220717320e+02	4.0675380988973375e-01
3.1060001075293576e+02	3.9807686383900615e-01
3.1080001828099984e+02	4.0527554230147322e-01
3.1100002435452870e+02	4.0928719184730061e-01
3.1120002945055506e+02	4.0416326793109653e-01
3.1140003573867625e+02	4.0053483755492603e-01
3.1160004608378500e+02	4.0071122312079105e-01
3.1180001084955325e+02	4.1615538723329776e-01
3.1200003000229265e+02	4.1624201577177250e-01
3.1220004684380308e+02	4.0587884485637798e-01
3.1240000870665284e+02	4.1982563848369825e-01
3.1260001152784332e+02	4.2383182151877652e-01
3.1280000307991844e+02	4.1890847717851715e-01
3.1300003242937044e+02	4.0692330281037919e-01
3.1320000850605055e+02	4.0877741889083374e-01
3.1340003316529345e+02	3.9571292554958160e-01
3.1360000847870072e+02	4.0207889389278473e-01
3.1380004857354282e+02	4.1430477037019559e-01
3.1400000749526941e+02	4.0361780234750733e-01
3.1420003403288854e+02	3.9926415573590324e-01
3.1440000949223662e+02	4.0744508158432063e-01
3.1460002427832194e+02	4.1463258782743018e-01
3.1480002590591306e+02	4.1074142922115076e-01
3.1500002377581103e+02	4.1645231803664279e-01
3.1520001400707133e+02	4.0723557952220202e-01
3.1540000959727541e+02	4.1392384132723120e-01
3.1560001474374826e+02	4.2861061395414285e-01
3.1580002525817196e+02	4.3163623091799302e-01
3.1600003578617839e+02	4.2424449369855416e-01
3.1620002353866187e+02	4.0972594128419865e-01
3.1640000007924112e+02	3.9852769438304986e-01
3.1660003873328486e+02	4.1015173593857385e-01
3.1680004013978015e+02	4.1855042401972425e-01
3.1700003417382436e+02	4.2280256006125971e-01
3.1720003674180680e+02	4.2334911658128432e-01
3.1740004579426005e+02	4.2080119081030759e-01
3.1760001222250457e+02	4.1659440877728554e-01
3.1780002677999482e+02	4.1738772135885804e-01
3.1800003443303996e+02	4.1983669033872295e-01
3.1820004374798714e+02	4.0498691260066000e-01
3.1840000797847620e+02	4.3561658327221908e-01
3.1860002287387516e+02	4.2068434282762029e-01
3.1880004015320009e+02	4.2329260278811714e-01
3.1900000397247828e+02	4.2845845456849135e-01
3.1920001983397867e+02	4.3215867945501252e-01
3.1940003804590629e+02	4.3419894929982844e-01
3.1960000154432362e+02	4.3539939742083367e-01
3.1980000903423024e+02	4.3529777374536305e-01
3.2000002419034877e+02	4.3359419742710537e-01
3.2020004722135980e+02	4.3370916700053253e-01
3.2040001960704319e+02	4.4396752476271256e-01
3.2060004075949536e+02	4.4355993395746696e-01
3.2080001202401894e+02	4.3089768778399823e-01
3.2100003323229623e+02	4.1181407457841257e-01
3.2120000516172649e+02	4.2256187667526013e-01
3.2140002655587250e+02	4.1941841804009605e-01
3.2160004877699356e+02	4.0674012954919175e-01
3.2180002081186063e+02	4.1700946392531557e-01
3.2200004360961509e+02	4.2617916022850666e-01
3.2220001594303926e+02	4.2873313226861842e-01
3.2240003311759125e+02	4.2350930153860850e-01
3.2260004297484909e+02	4.2036195947849869e-01
3.2280000709675426e+02	4.2378474271461075e-01
3.2300002392196507e+02	4.0222264632863819e-01
3.2320003962505604e+02	4.2582481600413868e-01
3.2340000469455634e+02	4.3433514591011468e-01
3.2360001404658300e+02	4.2392533338487032e-01
3.2380002700944669e+02	4.2905811766747842e-01
3.2400003409089925e+02	4.3011400142174638e-01
3.2420004454611967e+02	4.2468441570201110e-01
3.2440000931644971e+02	4.3686553388284571e-01
3.2460002377673499e+02	4.2945765839795474e-01
3.2480003239600967e+02	4.1136253219525454e-01
3.2500003335957166e+02	4.1028780161448442e-01
3.2520003910030385e+02	4.1387859109696079e-01
3.2540001008678416e+02	4.2675494478294274e-01
3.2560002841244727e+02	4.2516011052976044e-01
3.2580004466213410e+02	4.2304484749665983e-01
3.2600000568246196e+02	4.1497347190085682e-01
3.2620000963324412e+02	4.0328190462302432e-01
3.2640001857256385e+02	4.0914611922357907e-01
3.2660002226450490e+02	4.0956730570696087e-01
3.2680002278490377e+02	3.9131796235209454e-01
3.2700002865056882e+02	3.9522542220648144e-01
3.2720004217661744e+02	3.9820147701495434e-01
3.2740000663034419e+02	4.2210835306119882e-01
3.2760002074263917e+02	4.3980664673441250e-01
3.2780003783657060e+02	4.3171471002588546e-01
3.2800000512543795e+02	4.0159303703866861e-01
3.2820000976639159e+02	4.1005480054609750e-01
3.2840001385344999e+02	4.0570623989499072e-01
3.2860003332184516e+02	4.0304974384061226e-01
3.2880000438699182e+02	3.9075368467118793e-01
3.2900002723493702e+02	3.8578231311033440e-01
3.2920004374495545e+02	3.9042619828134634e-01
3.2940000327448234e+02	3.9460389961071901e-01
3.2960001400177754e+02	4.1447387084746229e-01
3.2980002950185548e+02	4.2060223813678738e-01
3.3000004766319341e+02	4.1906775372338495e-01
3.3020002251608196e+02	4.1009511197892717e-01
3.3040004200219084e+02	4.0024404545821129e-01
3.3060000918514970e+02	3.9694176495616273e-01
3.3080002440389092e+02	4.0033460045066555e-01
3.3100003877913980e+02	4.0718100833624227e-01
3.3120004049830766e+02	3.9339149411635549e-01
3.3140004020930400e+02	3.9969503458076411e-01
3.3160000049795144e+02	4.0664908808337963e-01
3.3180001602512567e+02	4.2241969234763405e-01
3.3200003498230188e+02	4.0159373444153140e-01
3.3220000411212584e+02	4.1097213294872276e-01
3.3240001814051408e+02	4.1287962396264061e-01
3.3260002905004615e+02	4.0601245817242337e-01
3.3280004209820544e+02	4.0651460855323879e-01
3.3300000886257618e+02	4.0321326046663047e-01
3.3320002926657310e+02	3.8979806926960603e-01
3.3340004557591863e+02	3.9738477326799304e-01
3.3360000296105545e+02	4.1239470499129943e-01
3.3380003962170656e+02	4.0687016234169893e-01
3.3400002439037877e+02	4.0049034635165054e-01
3.3420001185021971e+02	4.1886658319518105e-01
3.3440000413354596e+02	4.2213580588229710e-01
3.3460004746398238e+02	4.1286129238936242e-01
3.3480004620575437e+02	4.0362816789218353e-01
3.3500000386577290e+02	4.0063296269162418e-01
3.3520000967614601e+02	4.0556107641339556e-01
3.3540001565650186e+02	4.1882072317662100e-01
3.3560002548638391e+02	4.1554313459363823e-01
3.3580004081422396e+02	3.9867942242851151e-01
3.3600004818269218e+02	4.1463184529420388e-01
3.3620000148816769e+02	4.1889625322369634e-01
3.3640000254671423e+02	4.0778700347470287e-01
3.3660004869114925e+02	4.2776044723954942e-01
3.3680004362515263e+02	4.3457687196595857e-01
3.3700003267848848e+02	4.3367223480824763e-01
3.3720001195305275e+02	4.2385564179649760e-01
3.3740004796775992e+02	4.1628098014592402e-01
3.3760000473228342e+02	4.0402091548588626e-01
3.3780001440651569e+02	3.9466060442661216e-01
3.3800002699164980e+02	4.1744712011692370e-01
3.3820004226284487e+02	4.1095982116559182e-01
3.3840000210278367e+02	4.3495306989375371e-01
3.3860001281607691e+02	4.2257254190509835e-01
3.3880003262667674e+02	4.1826689277593165e-01
3.3900000304424231e+02	4.5765812421327479e-01
3.3920001746335561e+02	4.6355686068079838e-01
3.3940003273413345e+02	4.2745659375997525e-01
3.3960004503175816e+02	4.2304955669846556e-01
3.3980000352361935e+02	4.2251240702343645e-01
3.4000000471743090e+02	4.3425982554729592e-01
3.4020000228908822e+02	4.2938096757678434e-01
3.4040001306410903e+02	4.0797329719730857e-01
3.4060002598912473e+02	4.3549207279216268e-01
3.4080003144441019e+02	4.5049804203338056e-01
3.4100003511332739e+02	4.2386275937671747e-01
3.4120004936211092e+02	4.0162292782190606e-01
3.4140001639664411e+02	4.3050330632839007e-01
3.4160003570035479e+02	4.2768286713604342e-01
3.4180000771392525e+02	3.9766693486184268e-01
3.4200002408513552e+02	4.1329804869318226e-01
3.4220004092659576e+02	4.3080409203795200e-01
3.4240000417935988e+02	4.2836435942283135e-01
3.4260002829814573e+02	4.1187296766190407e-01
3.4280004770463489e+02	4.0364049129593887e-01
3.4300001979638836e+02	4.2144614305013295e-01
3.4320004216097783e+02	4.3471322055918366e-01
3.4340001352138950e+02	4.3515940632948658e-01
3.4360002050295293e+02	4.0426807543033971e-01
3.4380002611958150e+02	4.1523972122634661e-01
3.4400003698860706e+02	4.3378599967487069e-01
3.4420000384509490e+02	4.2367530601555142e-01
3.4440002261143411e+02	4.0563282000889272e-01
3.4460004196021686e+02	4.2011952354340615e-01
3.4480000829505622e+02	4.3559048932622896e-01
3.4500002409459586e+02	4.0078810366310491e-01
3.4520003780171658e+02	4.0532960135759916e-01
3.4540004806230644e+02	4.3912079735896448e-01
3.4560004525963899e+02	4.2434375569674471e-01
3.4580003730395549e+02	4.1722264944346421e-01
3.4600003467279652e+02	4.3348259602761807e-01
3.4620002360822394e+02	3.9893016827175082e-01
3.4640000845966313e+02	4.0482006690675693e-01
3.4660000264105958e+02	4.1664602405876178e-01
3.4680004760567897e+02	4.0965077034217734e-01
3.4700000195896342e+02	4.0761615127759721e-01
3.4720001088254253e+02	4.0167071535130722e-01
3.4740002832295909e+02	4.0494899173236720e-01
3.4760004772862061e+02	4.0871594231203284e-01
3.4780001095314725e+02	4.1066917485578530e-01
3.4800001758004953e+02	4.2046811423935282e-01
3.4820002675522306e+02	4.0550369186814827e-01
3.4840003739589730e+02	4.0471642946153646e-01
3.4860000121277426e+02	3.9889645095895304e-01
3.4880002220112846e+02	4.0422713098959318e-01
3.4900003867374443e+02	4.2019319930263688e-01
3.4920004913292166e+02	4.2757208151205489e-01
3.4940000388727424e+02	4.1710223358733350e-01
3.4960001613825045e+02	4.1317931386562734e-01
3.4980002184909637e+02	4.0836285942751949e-01
3.5000002972307004e+02	4.0863610677538909e-01
3.5020004280051086e+02	4.1366754903886843e-01
3.5040001057714329e+02	4.2787008915216551e-01
3.5060003228867413e+02	4.2531291759495948e-01
3.5080000666530822e+02	4.0973452863453647e-01
3.5100003178457615e+02	4.0053386939820418e-01
3.5120004866589136e+02	3.9472702598561887e-01
3.5140001198781084e+02	4.0030226885284398e-01
3.5160002846834533e+02	3.9965757054221213e-01
3.5180004316885288e+02	4.0336523577829081e-01
3.5200000101487313e+02	4.1033378166366669e-01
3.5220001544170054e+02	4.0283795202261230e-01
3.5240003446176075e+02	4.0358702885186110e-01
3.5260000081198484e+02	4.0287645202499550e-01
3.5280001035854036e+02	4.0797978452394329e-01
3.5300001664766836e+02	4.0556598124077420e-01
3.5320002347332843e+02	4.0234403302239580e-01
3.5340003306911558e+02	4.1825807469052245e-01
3.5360004124522709e+02	4.1929965658879670e-01
3.5380000358686061e+02	4.0468156870422328e-01
3.5400001957793046e+02	3.9383871204247289e-01
3.5420003671635862e+02	3.9940238982807097e-01
3.5440000529374572e+02	4.0521892516177410e-01
3.5460001610912815e+02	4.1938449764839886e-01
3.5480002346016130e+02	4.1807344747567998e-01
3.5500002987493343e+02	3.9748627151359356e-01
3.5520002564676389e+02	3.8886639846938975e-01
3.5540001349091580e+02	4.1058451710074284e-01
3.5560004662517775e+02	3.9023902067498156e-01
3.5580002775953091e+02	3.9504778558135006e-01
3.5600001910916046e+02	3.9433440913351347e-01
3.5620002858655533e+02	3.9735103516859394e-01
3.5640004035462783e+02	4.0733995075905233e-01
3.5660000220375895e+02	3.9635394549777253e-01
3.5680001675881255e+02	4.0365822680115582e-01
3.5700003180560924e+02	4.1697649505862122e-01
3.5720004818461047e+02	4.1041058071821923e-01
3.5740002021975255e+02	3.9975407628300663e-01
3.5760004089008459e+02	4.0651192528275881e-01
3.5780000781613705e+02	4.0541324563500275e-01
3.5800002259846860e+02	4.0625617820433108e-01
3.5820003192471978e+02	4.0876086844719522e-01
3.5840003590842281e+02	4.1157148825402851e-01
3.5860004350178286e+02	3.9924619664246003e-01
3.5880004235001024e+02	4.0797019849116173e-01
3.5900004770160717e+02	4.0608096023499807e-01
3.5920001110617704e+02	4.0993460166076834e-01
3.5940002622861311e+02	4.0699199409617454e-01
3.5960004348124778e+02	3.9711686852389555e-01
3.5980000837014836e+02	4.0406818941929529e-01
3.6000002060903154e+02	4.0983669610122053e-01
3.6020004497676626e+02	4.1198438173767349e-01
3.6040002101692147e+02	3.9895504139905152e-01
3.6060004775848699e+02	4.0804805904884822e-01
3.6080002476658973e+02	4.1342241352463799e-01
3.6100004847254269e+02	4.1346326848289755e-01
3.6120002059485427e+02	4.0770498968084601e-01
3.6140004116202374e+02	3.9675071259926881e-01
3.6160000916313226e+02	3.9897467841880857e-01
3.6180002723476292e+02	4.2040108607571930e-01
3.6200004444271258e+02	4.2085209881555402e-01
3.6220001065782458e+02	4.0682503131289310e-01
3.6240002563540082e+02	4.1862587535853402e-01
3.6260003655713336e+02	4.2350514476929113e-01
3.6280004723692139e+02	4.2713080520375224e-01
3.6300000920383047e+02	4.3488495416327194e-01
3.6320002102407619e+02	4.2371107416263665e-01
3.6340003571041962e+02	4.1341299901362460e-01
3.6360000678349905e+02	4.0395354896156194e-01
3.6380002736327833e+02	3.9882387279658654e-01
3.6400004699943929e+02	4.0853482652846940e-01
3.6420001990086303e+02	3.9469158104295921e-01
3.6440004272837876e+02	4.0312351633425547e-01
3.6460001299497924e+02	3.9137868520579394e-01
3.6480003080845711e+02	3.8980777312808118e-01
3.6500004320573515e+02	4.2377807577860976e-01
3.6520004062271062e+02	4.2555385015652158e-01
3.6540002671313596e+02	4.2088574419840702e-01
3.6560001270287421e+02	4.2279270396705010e-01
3.6580000691971622e+02	4.0398333686610549e-01
3.6600000561950884e+02	4.0440130346821840e-01
3.6620001098944323e+02	4.0305849532297783e-01
3.6640001344268677e+02	4.0427300146646628e-01
3.6660001340198767e+02	3.9989571412033303e-01
3.6680001675775583e+02	4.1042764431343909e-01
3.6700001470860121e+02	4.2103280209870836e-01
3.6720002190929813e+02	4.3199826051575574e-01
3.6740003097270107e+02	4.2771819808566508e-01
3.6760003999246118e+02	4.1393067874192052e-01
3.6780000296791519e+02	4.2014202543317464e-01
3.6800001844471200e+02	4.1876547806931297e-01
3.6820003196320454e+02	4.2330943206079991e-01
3.6840003938879369e+02	4.1979951406239768e-01
3.6860004204325134e+02	4.0096506653800518e-01
3.6880004222060421e+02	4.1733679746967534e-01
3.6900004918573444e+02	4.2251871336047453e-01
3.6920004784092657e+02	4.2220407056246956e-01
3.6940004537908936e+02	4.3345420071044605e-01
3.6960004686299163e+02	4.2495120247761597e-01
3.6980000935038044e+02	3.9943875179400867e-01
3.7000002367575837e+02	4.1056354815927443e-01
3.7020004002180309e+02	4.1545876673674959e-01
3.7040004814238040e+02	4.0658343340956826e-01
3.7060000541017502e+02	3.9644786893628420e-01
3.7080001393904041e+02	4.0243442117393707e-01
3.7100002082246590e+02	4.1034064430814116e-01
3.7120003432597116e+02	4.0384238376730991e-01
3.7140000391272025e+02	4.0596735300859882e-01
3.7160002524221483e+02	4.0751660439198717e-01
3.7180004068934966e+02	4.0471393100881836e-01
3.7200000055742191e+02	4.0120742608387200e-01
3.7220000847334222e+02	4.1142598937278813e-01
3.7240000488563248e+02	4.1925837341262834e-01
3.7260000129592123e+02	4.2180514548843923e-01
3.7280004566699057e+02	4.1777143717854559e-01
3.7300003776625340e+02	4.0684011125712094e-01
3.7320003869670359e+02	3.9135306534464576e-01
3.7340004785033449e+02	3.9406721932663863e-01
3.7360001187264965e+02	4.1128907594197028e-01
3.7380002825837778e+02	4.1846287003634991e-01
3.7400002872796836e+02	4.1348080023078754e-01
3.7420002037387769e+02	4.0653942820636879e-01
3.7440001324029231e+02	3.9426318289248946e-01
3.7460001044599210e+02	4.0140087697056692e-01
3.7480000088439357e+02	4.0048137606294892e-01
3.7500000297243724e+02	4.0600169448004036e-01
3.7520001522609158e+02	4.0194690885711953e-01
3.7540003494665160e+02	3.8714777676609330e-01
3.7560000451814250e+02	3.9540757643548213e-01
3.7580002200629474e+02	4.1291034502680568e-01
3.7600003369763988e+02	4.0159053985252979e-01
3.7620004311613081e+02	4.0046077041247263e-01
3.7640001136717666e+02	4.1293348077226771e-01
3.7660002996733647e+02	4.0308733468522101e-01
3.7680004900855056e+02	4.1555002892917386e-01
3.7700001882476249e+02	4.1632899151000913e-01
3.7720003763685287e+02	4.2161628271885293e-01
3.7740000822491731e+02	4.0877367749437976e-01
3.7760002469872347e+02	4.1335813929521203e-01
3.7780003419249408e+02	4.0108090459726159e-01
3.7800004711338175e+02	4.2579876967989150e-01
3.7820001376479064e+02	4.1784557183859206e-01
3.7840002913991856e+02	4.0935742566819316e-01
3.7860004621725699e+02	4.1641010982563798e-01
3.7880001089620447e+02	4.2759919347826558e-01
3.7900001586068583e+02	4.1580069253264168e-01
3.7920000688492473e+02	4.2616726680135536e-01
3.7940004570114195e+02	4.3014697491078302e-01
3.7960003271330152e+02	4.2428912590881546e-01
3.7980001542995797e+02	4.0817690495178977e-01
3.8000000513044739e+02	4.0313033819459854e-01
3.8020000111861242e+02	4.0205864011312226e-01
3.8040004722584899e+02	4.0346453826833545e-01
3.8060004721783542e+02	4.2430761472170525e-01
3.8080001280324046e+02	4.2979077663061849e-01
3.8100003233865812e+02	4.3116068872783780e-01
3.8120004848918120e+02	4.2752498810932205e-01
3.8140000640626710e+02	4.1528572427171362e-01
3.8160000981428755e+02	4.3741009083656118e-01
3.8180001263818514e+02	4.3368606528791215e-01
3.8200002603917409e+02	4.2344844562913730e-01
3.8220004420966535e+02	4.3904069846445881e-01
3.8240001309198300e+02	4.4018227272454569e-01
3.8260002776999397e+02	4.4289897537121947e-01
3.8280003970213687e+02	4.2943145747470796e-01
3.8300000564519809e+02	4.0737124783947415e-01
3.8320001900209405e+02	4.2397953854047538e-01
3.8340002678344632e+02	4.4155444303327440e-01
3.8360003008536358e+02	4.4639460143450099e-01
3.8380003118744338e+02	4.3821868635124567e-01
3.8400003240083595e+02	4.2051645913767727e-01
3.8420003654739054e+02	4.0657777408694357e-01
3.8440004295469390e+02	4.1069917449322790e-01
3.8460004875117744e+02	4.3384166469247581e-01
3.8480004933390188e+02	4.5356068017759626e-01
3.8500000399219397e+02	4.6321840077528020e-01
3.8520000856068657e+02	4.6351799809760946e-01
3.8540001906371924e+02	4.5512440876840315e-01
3.8560002998595724e+02	4.3896103646442136e-01
3.8580004126575614e+02	4.1612155805640949e-01
3.8600000539483869e+02	4.1876491001539656e-01
3.8620001864692966e+02	4.3304809310999426e-01
3.8640003401317830e+02	4.5604036314907215e-01
3.8660000362675368e+02	4.6853475612104917e-01
3.8680002365854892e+02	4.6977971964603354e-01
3.8700004573625324e+02	4.5992991152808527e-01
3.8720001902070516e+02	4.3917522281981081e-01
3.8740004008731182e+02	4.1063653441178638e-01
3.8760001043030002e+02	4.2684388112429972e-01
3.8780003072642279e+02	4.5805573007368611e-01
3.8800004338052707e+02	4.6776206780295759e-01
3.8820000272951995e+02	4.5715308870335841e-01
3.8840000745812887e+02	4.4728054216801222e-01
3.8860000930964799e+02	4.1497794290196360e-01
3.8880001266016836e+02	4.5383988145229481e-01
3.8900001923153928e+02	4.6632741524405946e-01
3.8920002576301152e+02	4.5349553643545837e-01
3.8940003697146096e+02	4.3115454736316722e-01
3.8960000375265946e+02	4.3738432420195794e-01
3.8980002220558305e+02	4.6441463172002140e-01
3.9000003929752347e+02	4.5830691495791620e-01
3.9020000232974559e+02	4.2579860657215174e-01
3.9040001805095011e+02	4.2828546733457951e-01
3.9060003130565042e+02	4.5497151800999058e-01
3.9080004077742268e+02	4.4681164457553307e-01
3.9100000545893448e+02	4.1318471442164229e-01
3.9120002173127449e+02	4.1004770610865943e-01
3.9140003543886735e+02	4.2440616384407398e-01
3.9160004370237630e+02	4.1082892935520732e-01
3.9180000123410389e+02	4.0315475192036065e-01
3.9200001795493642e+02	4.2329291750281017e-01
3.9220003647711758e+02	3.9587051148594316e-01
3.9240000818229657e+02	4.0559452598707446e-01
3.9260003113333022e+02	4.2579737191755940e-01
3.9280000393309780e+02	4.2123212447109809e-01
3.9300002298511720e+02	4.1157698416372201e-01
3.9320004388740603e+02	4.1066120963698260e-01
3.9340000995021740e+02	4.3429842129743990e-01
3.9360002155131758e+02	4.3904135066082428e-01
3.9380003517495527e+02	4.1198380127253476e-01
3.9400004721587294e+02	4.1707953301254747e-01
3.9420000995929098e+02	4.3706367390132933e-01
3.9440002337217021e+02	4.0839608364771729e-01
3.9460003794712128e+02	4.1220122484344851e-01
3.9480004871676334e+02	4.1566123458805648e-01
3.9500000107964308e+02	4.2356035344372905e-01
3.9520000902158495e+02	4.1276235389023647e-01
3.9540001931576171e+02	4.2041011046716259e-01
3.9560002880612944e+02	4.0435513050341315e-01
3.9580003328672478e+02	4.0885907685441342e-01
3.9600004044710477e+02	4.0289406890426221e-01
3.9620004710582327e+02	4.2380925335715741e-01
3.9640000328407484e+02	4.2541334934553726e-01
3.9660000978549544e+02	4.0925995095911294e-01
3.9680002008734255e+02	4.0399069066826376e-01
3.9700003408086252e+02	4.1240527983295605e-01
3.9720004852951831e+02	4.2469919092203889e-01
3.9740001569274295e+02	4.1122617130953815e-01
3.9760003590328989e+02	4.2897514718278645e-01
3.9780000895719172e+02	4.3374025953242917e-01
3.9800002780156240e+02	4.2508565260987408e-01
3.9820003800787043e+02	4.2051900381843815e-01
3.9840004111363430e+02	4.0531881470449022e-01
3.9860003573059771e+02	4.1625874649508066e-01
3.9880002223944240e+02	4.1796795682576843e-01
3.9900000609048573e+02	4.1586616268268811e-01
3.9920000073572635e+02	4.1985787304124234e-01
3.9940003924092298e+02	4.2886049968531137e-01
3.9960004364087450e+02	4.2963936208441528e-01
3.9980000440781777e+02	4.3856312993842006e-01
4.0000000000000000e+02	4.4066635777346402e-01
